station,year,plant,phase,date,julian,quality
13427,1966,102,5,19660404,94,10
13427,1966,103,5,19660511,131,10
13427,1966,103,62,19660723,204,10
13427,1966,107,8,19660504,124,10
13427,1966,108,5,19660507,127,10
13427,1966,112,31,19661005,278,10
13427,1966,113,5,19660207,38,10
13427,1966,114,5,19660828,240,10
13427,1966,115,5,19660911,254,10
13427,1966,116,5,19660219,50,10
13427,1966,117,5,19660625,176,10
13427,1966,117,62,19660819,231,10
13427,1966,118,8,19660513,133,10
13427,1966,120,5,19660423,113,10
13427,1966,121,4,19660512,132,10
13427,1966,122,4,19660508,128,10
13427,1966,123,31,19661011,284,10
13427,1966,123,4,19660429,119,10
13427,1966,124,5,19660315,74,10
13427,1966,125,5,19660408,98,10
13427,1966,127,5,19660223,54,10
13427,1966,128,5,19660305,64,10
13427,1966,129,5,19660607,158,10
13427,1966,129,62,19660830,242,10
13427,1966,130,4,19660426,116,10
13427,1966,130,5,19660615,166,10
13427,1966,132,31,19661028,301,10
13427,1966,135,6,19660603,154,10
13427,1966,136,6,19660602,153,10
13427,1966,137,5,19660707,188,10
13427,1966,138,5,19660517,137,10
13427,1966,201,25,19660525,145,10
13427,1966,201,27,19660803,215,10
13427,1966,202,10,19661024,297,10
13427,1966,202,18,19660613,164,10
13427,1966,202,21,19660806,218,10
13427,1966,202,24,19660812,224,10
13427,1966,203,10,19661001,274,10
13427,1966,203,12,19661014,287,10
13427,1966,203,15,19660507,127,10
13427,1966,203,21,19660725,206,10
13427,1966,203,24,19660730,211,10
13427,1966,203,6,19660611,162,10
13427,1966,204,10,19660918,261,10
13427,1966,204,12,19660928,271,10
13427,1966,204,21,19660701,182,10
13427,1966,205,10,19660813,225,10
13427,1966,205,12,19660825,237,10
13427,1966,205,24,19660710,191,10
13427,1966,205,5,19660511,131,10
13427,1966,207,10,19660318,77,10
13427,1966,207,12,19660406,96,10
13427,1966,208,10,19660319,78,10
13427,1966,208,12,19660402,92,10
13427,1966,215,10,19660512,132,10
13427,1966,215,12,19660526,146,10
13427,1966,215,24,19660922,265,10
13427,1966,215,6,19660829,241,10
13427,1966,252,10,19660510,130,10
13427,1966,252,24,19661026,299,10
13427,1966,253,10,19660507,127,10
13427,1966,253,12,19660523,143,10
13427,1966,253,24,19661017,290,10
13427,1966,310,5,19660508,128,10
13427,1966,310,7,19660513,133,10
13427,1966,311,29,19660727,208,10
13427,1966,320,5,19660430,120,10
13427,1966,320,7,19660515,135,10
13427,1966,321,29,19660818,230,10
13427,1966,322,29,19660917,260,10
13427,1966,330,5,19660427,117,10
13427,1966,330,7,19660506,126,10
13427,1966,331,29,19660615,166,10
13427,1966,340,29,19660724,205,10
13427,1966,340,5,19660505,125,10
13427,1966,340,7,19660510,130,10
13427,1966,350,29,19660627,178,10
13427,1966,350,4,19660324,83,10
13427,1966,350,5,19660418,108,10
13427,1966,371,29,19660817,229,10
13427,1967,102,5,19670316,75,10
13427,1967,103,5,19670516,136,10
13427,1967,103,62,19670825,237,10
13427,1967,107,8,19670510,130,10
13427,1967,108,5,19670518,138,10
13427,1967,112,31,19671014,287,10
13427,1967,112,4,19670421,111,10
13427,1967,113,5,19670130,30,10
13427,1967,114,5,19670805,217,10
13427,1967,116,5,19670305,64,10
13427,1967,117,5,19670609,160,10
13427,1967,117,62,19670904,247,10
13427,1967,118,8,19670515,135,10
13427,1967,120,5,19670430,120,10
13427,1967,121,4,19670516,136,10
13427,1967,122,31,19671017,290,10
13427,1967,122,4,19670503,123,10
13427,1967,122,5,19670519,139,10
13427,1967,123,31,19671018,291,10
13427,1967,123,4,19670425,115,10
13427,1967,124,5,19670313,72,10
13427,1967,125,5,19670414,104,10
13427,1967,127,5,19670208,39,10
13427,1967,128,4,19670425,115,10
13427,1967,129,5,19670609,160,10
13427,1967,129,62,19670827,239,10
13427,1967,130,4,19670429,119,10
13427,1967,130,5,19670618,169,10
13427,1967,131,5,19670417,107,10
13427,1967,132,31,19671109,313,10
13427,1967,132,4,19670519,139,10
13427,1967,132,5,19670515,135,10
13427,1967,136,6,19670606,157,10
13427,1967,138,5,19670519,139,10
13427,1967,201,25,19670530,150,10
13427,1967,202,12,19671105,309,10
13427,1967,202,18,19670612,163,10
13427,1967,202,21,19670824,236,10
13427,1967,202,23,19670829,241,10
13427,1967,202,24,19670829,241,10
13427,1967,203,10,19671001,274,10
13427,1967,203,12,19671019,292,10
13427,1967,203,15,19670507,127,10
13427,1967,203,18,19670518,138,10
13427,1967,203,23,19670731,212,10
13427,1967,203,24,19670731,212,10
13427,1967,203,6,19670603,154,10
13427,1967,204,10,19670927,270,10
13427,1967,204,12,19671011,284,10
13427,1967,204,18,19670521,141,10
13427,1967,204,21,19670709,190,10
13427,1967,204,23,19670714,195,10
13427,1967,204,24,19670714,195,10
13427,1967,205,10,19670902,245,10
13427,1967,205,12,19670917,260,10
13427,1967,205,5,19670511,131,10
13427,1967,206,10,19670302,61,10
13427,1967,206,12,19670327,86,10
13427,1967,207,12,19670324,83,10
13427,1967,208,10,19670309,68,10
13427,1967,208,12,19670321,80,10
13427,1967,208,23,19670830,242,10
13427,1967,252,10,19670513,133,10
13427,1967,252,24,19671009,282,10
13427,1967,253,10,19670510,130,10
13427,1967,253,12,19670518,138,10
13427,1967,253,24,19671106,310,10
13427,1967,310,5,19670505,125,10
13427,1967,330,5,19670424,114,10
13427,1967,332,29,19670726,207,10
13427,1967,340,29,19670803,215,10
13427,1967,340,5,19670422,112,10
13427,1967,350,29,19670715,196,10
13427,1967,350,4,19670411,101,10
13427,1967,350,5,19670422,112,10
13427,1968,102,5,19680405,95,10
13427,1968,103,62,19680902,245,10
13427,1968,107,8,19680508,128,10
13427,1968,108,5,19680509,129,10
13427,1968,112,31,19680926,269,10
13427,1968,112,4,19680421,111,10
13427,1968,113,5,19680209,40,10
13427,1968,115,5,19680913,256,10
13427,1968,116,5,19680325,84,10
13427,1968,117,5,19680611,162,10
13427,1968,117,62,19680929,272,10
13427,1968,118,5,19680508,128,10
13427,1968,118,8,19680505,125,10
13427,1968,120,5,19680428,118,10
13427,1968,121,4,19680520,140,10
13427,1968,121,5,19680612,163,10
13427,1968,122,31,19680919,262,10
13427,1968,122,4,19680424,114,10
13427,1968,122,5,19680503,123,10
13427,1968,123,31,19681012,285,10
13427,1968,123,4,19680423,113,10
13427,1968,124,5,19680405,95,10
13427,1968,125,5,19680424,114,10
13427,1968,127,5,19680228,59,10
13427,1968,128,5,19680407,97,10
13427,1968,129,5,19680609,160,10
13427,1968,129,62,19680908,251,10
13427,1968,130,4,19680423,113,10
13427,1968,130,5,19680625,176,10
13427,1968,131,5,19680425,115,10
13427,1968,132,31,19681027,300,10
13427,1968,132,4,19680508,128,10
13427,1968,132,5,19680515,135,10
13427,1968,136,6,19680613,164,10
13427,1968,137,5,19680702,183,10
13427,1968,138,5,19680516,136,10
13427,1968,201,25,19680524,144,10
13427,1968,202,10,19681029,302,10
13427,1968,202,12,19681111,315,10
13427,1968,202,21,19680814,226,10
13427,1968,202,24,19680903,246,10
13427,1968,203,10,19681011,284,10
13427,1968,203,12,19681021,294,10
13427,1968,203,18,19680519,139,10
13427,1968,203,21,19680728,209,10
13427,1968,203,24,19680804,216,10
13427,1968,203,6,19680610,161,10
13427,1968,204,10,19681009,282,10
13427,1968,204,12,19681018,291,10
13427,1968,204,18,19680520,140,10
13427,1968,204,21,19680719,200,10
13427,1968,204,24,19680724,205,10
13427,1968,205,10,19680817,229,10
13427,1968,205,12,19680906,249,10
13427,1968,205,24,19680717,198,10
13427,1968,205,5,19680507,127,10
13427,1968,206,10,19680402,92,10
13427,1968,206,12,19680418,108,10
13427,1968,206,18,19680619,170,10
13427,1968,207,10,19680329,88,10
13427,1968,208,10,19680326,85,10
13427,1968,208,12,19680404,94,10
13427,1968,252,10,19680412,102,10
13427,1968,252,12,19680515,135,10
13427,1968,252,24,19681015,288,10
13427,1968,253,10,19680409,99,10
13427,1968,253,12,19680513,133,10
13427,1968,253,24,19681010,283,10
13427,1968,310,5,19680501,121,10
13427,1968,311,29,19680730,211,10
13427,1968,320,5,19680427,117,10
13427,1968,321,29,19680907,250,10
13427,1968,330,5,19680422,112,10
13427,1968,332,29,19680712,193,10
13427,1968,340,29,19680802,214,10
13427,1968,340,5,19680425,115,10
13427,1968,350,29,19680729,210,10
13427,1968,350,4,19680408,98,10
13427,1968,350,5,19680419,109,10
13427,1968,372,29,19680909,252,10
13427,1969,102,5,19690406,96,10
13427,1969,103,5,19690602,153,10
13427,1969,112,31,19691020,293,10
13427,1969,112,4,19690501,121,10
13427,1969,114,5,19690830,242,10
13427,1969,115,5,19690913,256,10
13427,1969,116,5,19690326,85,10
13427,1969,117,5,19690627,178,10
13427,1969,117,62,19690925,268,10
13427,1969,120,5,19690429,119,10
13427,1969,121,5,19690614,165,10
13427,1969,122,31,19691001,274,10
13427,1969,122,4,19690425,115,10
13427,1969,122,62,19690923,266,10
13427,1969,123,31,19691015,288,10
13427,1969,123,4,19690504,124,10
13427,1969,124,5,19690406,96,10
13427,1969,125,5,19690425,115,10
13427,1969,127,5,19690228,59,10
13427,1969,128,4,19690508,128,10
13427,1969,129,5,19690626,177,10
13427,1969,129,62,19690829,241,10
13427,1969,130,4,19690504,124,10
13427,1969,130,5,19690708,189,10
13427,1969,131,5,19690426,116,10
13427,1969,132,4,19690511,131,10
13427,1969,135,6,19690608,159,10
13427,1969,136,6,19690612,163,10
13427,1969,137,5,19690715,196,10
13427,1969,201,25,19690531,151,10
13427,1969,202,10,19691111,315,10
13427,1969,202,18,19690628,179,10
13427,1969,203,10,19691008,281,10
13427,1969,203,12,19691018,291,10
13427,1969,203,15,19690520,140,10
13427,1969,203,21,19690811,223,10
13427,1969,204,10,19690929,272,10
13427,1969,204,12,19691014,287,10
13427,1969,204,18,19690601,152,10
13427,1969,204,21,19690718,199,10
13427,1969,205,10,19690901,244,10
13427,1969,205,12,19690914,257,10
13427,1969,206,10,19690402,92,10
13427,1969,206,12,19690418,108,10
13427,1969,207,10,19690330,89,10
13427,1969,207,12,19690420,110,10
13427,1969,208,10,19690327,86,10
13427,1969,208,12,19690412,102,10
13427,1969,215,24,19690905,248,10
13427,1969,215,6,19690822,234,10
13427,1969,252,10,19690413,103,10
13427,1969,252,24,19691013,286,10
13427,1969,253,10,19690410,100,10
13427,1969,253,24,19691016,289,10
13427,1969,310,5,19690515,135,10
13427,1969,310,7,19690518,138,10
13427,1969,320,5,19690428,118,10
13427,1969,320,7,19690503,123,10
13427,1969,330,5,19690508,128,10
13427,1969,330,7,19690516,136,10
13427,1969,331,29,19690630,181,10
13427,1969,340,5,19690509,129,10
13427,1969,340,7,19690516,136,10
13427,1969,350,29,19690714,195,10
13427,1969,350,4,19690409,99,10
13427,1969,350,5,19690430,120,10
13427,1970,102,5,19700503,123,10
13427,1970,103,5,19700608,159,10
13427,1970,103,62,19700903,246,10
13427,1970,107,8,19700602,153,10
13427,1970,108,5,19700601,152,10
13427,1970,112,31,19701020,293,10
13427,1970,112,4,19700507,127,10
13427,1970,113,5,19700312,71,10
13427,1970,114,5,19700813,225,10
13427,1970,115,5,19700911,254,10
13427,1970,116,5,19700327,86,10
13427,1970,117,5,19700624,175,10
13427,1970,117,62,19700923,266,10
13427,1970,118,5,19700605,156,10
13427,1970,120,5,19700507,127,10
13427,1970,121,5,19700623,174,10
13427,1970,122,31,19700930,273,10
13427,1970,122,4,19700514,134,10
13427,1970,122,62,19700920,263,10
13427,1970,123,31,19701013,286,10
13427,1970,123,4,19700515,135,10
13427,1970,124,5,19700419,109,10
13427,1970,125,5,19700509,129,10
13427,1970,127,5,19700320,79,10
13427,1970,128,4,19700513,133,10
13427,1970,128,5,19700402,92,10
13427,1970,129,5,19700620,171,10
13427,1970,130,4,19700516,136,10
13427,1970,130,5,19700707,188,10
13427,1970,131,5,19700516,136,10
13427,1970,132,31,19701025,298,10
13427,1970,132,4,19700602,153,10
13427,1970,136,6,19700614,165,10
13427,1970,137,5,19700627,178,10
13427,1970,138,5,19700606,157,10
13427,1970,201,25,19700609,160,10
13427,1970,202,10,19701029,302,10
13427,1970,202,18,19700622,173,10
13427,1970,202,21,19700829,241,10
13427,1970,203,10,19701004,277,10
13427,1970,203,12,19701015,288,10
13427,1970,203,15,19700515,135,10
13427,1970,203,21,19700810,222,10
13427,1970,203,6,19700617,168,10
13427,1970,204,10,19700927,270,10
13427,1970,204,12,19701007,280,10
13427,1970,204,18,19700605,156,10
13427,1970,204,21,19700720,201,10
13427,1970,204,24,19700731,212,10
13427,1970,205,10,19700902,245,10
13427,1970,205,12,19700912,255,10
13427,1970,205,24,19700716,197,10
13427,1970,205,5,19700601,152,10
13427,1970,206,10,19700414,104,10
13427,1970,206,12,19700425,115,10
13427,1970,206,18,19700626,177,10
13427,1970,206,21,19700828,240,10
13427,1970,208,10,19700424,114,10
13427,1970,208,12,19700503,123,10
13427,1970,208,66,19700622,173,10
13427,1970,215,10,19700511,131,10
13427,1970,215,24,19700907,250,10
13427,1970,215,6,19700820,232,10
13427,1970,252,10,19700506,126,10
13427,1970,252,12,19700606,157,10
13427,1970,252,24,19701029,302,10
13427,1970,253,10,19700504,124,10
13427,1970,253,12,19700603,154,10
13427,1970,253,24,19701015,288,10
13427,1970,310,5,19700519,139,10
13427,1970,313,29,19701024,297,10
13427,1970,320,5,19700518,138,10
13427,1970,322,29,19701014,287,10
13427,1970,330,5,19700509,129,10
13427,1970,331,29,19700706,187,10
13427,1970,340,29,19700824,236,10
13427,1970,340,5,19700518,138,10
13427,1970,350,29,19700718,199,10
13427,1970,350,4,19700421,111,10
13427,1970,350,5,19700502,122,10
13427,1970,372,29,19701019,292,10
13427,1971,102,5,19710404,94,10
13427,1971,103,62,19710901,244,10
13427,1971,112,31,19711013,286,10
13427,1971,112,4,19710425,115,10
13427,1971,113,5,19710215,46,10
13427,1971,115,5,19710903,246,10
13427,1971,116,5,19710312,71,10
13427,1971,117,5,19710609,160,10
13427,1971,117,62,19710921,264,10
13427,1971,120,5,19710423,113,10
13427,1971,121,5,19710601,152,10
13427,1971,122,31,19710925,268,10
13427,1971,122,4,19710508,128,10
13427,1971,123,31,19710930,273,10
13427,1971,123,4,19710428,118,10
13427,1971,124,5,19710402,92,10
13427,1971,125,5,19710502,122,10
13427,1971,127,5,19710305,64,10
13427,1971,128,4,19710505,125,10
13427,1971,129,5,19710607,158,10
13427,1971,130,5,19710628,179,10
13427,1971,131,5,19710515,135,10
13427,1971,132,31,19711019,292,10
13427,1971,136,6,19710611,162,10
13427,1971,202,18,19710616,167,10
13427,1971,202,21,19710807,219,10
13427,1971,203,10,19711012,285,10
13427,1971,203,12,19711021,294,10
13427,1971,203,15,19710517,137,10
13427,1971,203,6,19710601,152,10
13427,1971,204,10,19710929,272,10
13427,1971,204,12,19711011,284,10
13427,1971,204,21,19710715,196,10
13427,1971,205,10,19710906,249,10
13427,1971,205,12,19710920,263,10
13427,1971,205,24,19710709,190,10
13427,1971,206,10,19710226,57,10
13427,1971,206,12,19710315,74,10
13427,1971,207,10,19710301,60,10
13427,1971,215,6,19710814,226,10
13427,1971,252,10,19710416,106,10
13427,1971,252,24,19711031,304,10
13427,1971,253,10,19710414,104,10
13427,1971,253,24,19711018,291,10
13427,1971,310,5,19710508,128,10
13427,1971,313,29,19711021,294,10
13427,1971,322,29,19711003,276,10
13427,1971,330,5,19710504,124,10
13427,1971,331,29,19710617,168,10
13427,1971,332,29,19710715,196,10
13427,1971,340,29,19710723,204,10
13427,1971,340,5,19710507,127,10
13427,1971,350,29,19710718,199,10
13427,1971,350,4,19710413,103,10
13427,1971,350,5,19710419,109,10
13427,1971,372,29,19711012,285,10
13427,1972,102,5,19720415,105,10
13427,1972,103,5,19720607,158,10
13427,1972,103,62,19720907,250,10
13427,1972,107,5,19720601,152,10
13427,1972,108,5,19720521,141,10
13427,1972,112,31,19721010,283,10
13427,1972,112,4,19720503,123,10
13427,1972,113,5,19720226,57,10
13427,1972,114,5,19720818,230,10
13427,1972,115,5,19720905,248,10
13427,1972,116,5,19720323,82,10
13427,1972,117,5,19720623,174,10
13427,1972,117,62,19720918,261,10
13427,1972,118,8,19720605,156,10
13427,1972,120,5,19720504,124,10
13427,1972,121,4,19720606,157,10
13427,1972,121,5,19720620,171,10
13427,1972,122,31,19720925,268,10
13427,1972,122,4,19720504,124,10
13427,1972,123,31,19721001,274,10
13427,1972,123,4,19720501,121,10
13427,1972,123,5,19720501,121,10
13427,1972,124,5,19720327,86,10
13427,1972,125,5,19720419,109,10
13427,1972,127,5,19720304,63,10
13427,1972,128,4,19720508,128,10
13427,1972,128,5,19720228,59,10
13427,1972,129,5,19720618,169,10
13427,1972,130,4,19720506,126,10
13427,1972,130,5,19720704,185,10
13427,1972,131,5,19720502,122,10
13427,1972,132,31,19721020,293,10
13427,1972,135,6,19720605,156,10
13427,1972,136,6,19720620,171,10
13427,1972,137,5,19720716,197,10
13427,1972,138,5,19720531,151,10
13427,1972,201,25,19720531,151,10
13427,1972,202,18,19720610,161,10
13427,1972,202,21,19720809,221,10
13427,1972,203,15,19720514,134,10
13427,1972,204,10,19721024,297,10
13427,1972,204,12,19721103,307,10
13427,1972,204,18,19720528,148,10
13427,1972,204,21,19720721,202,10
13427,1972,205,10,19720903,246,10
13427,1972,205,12,19720917,260,10
13427,1972,205,24,19720725,206,10
13427,1972,205,5,19720524,144,10
13427,1972,208,10,19720305,64,10
13427,1972,215,10,19720509,129,10
13427,1972,215,6,19720824,236,10
13427,1972,252,10,19720329,88,10
13427,1972,252,24,19721019,292,10
13427,1972,253,10,19720331,90,10
13427,1972,253,24,19721015,288,10
13427,1972,310,5,19720503,123,10
13427,1972,310,7,19720521,141,10
13427,1972,313,29,19721018,291,10
13427,1972,322,29,19721004,277,10
13427,1972,330,5,19720505,125,10
13427,1972,330,7,19720510,130,10
13427,1972,332,29,19720718,199,10
13427,1972,340,5,19720509,129,10
13427,1972,340,7,19720514,134,10
13427,1972,350,29,19720724,205,10
13427,1972,350,4,19720331,90,10
13427,1972,350,5,19720422,112,10
13427,1972,372,29,19721013,286,10
13427,1973,102,5,19730421,111,10
13427,1973,103,5,19730602,153,10
13427,1973,103,62,19730903,246,10
13427,1973,107,8,19730604,155,10
13427,1973,108,5,19730602,153,10
13427,1973,112,31,19731001,274,10
13427,1973,112,4,19730504,124,10
13427,1973,113,5,19730303,62,10
13427,1973,114,5,19730812,224,10
13427,1973,115,5,19730910,253,10
13427,1973,116,5,19730315,74,10
13427,1973,117,5,19730619,170,10
13427,1973,117,62,19730908,251,10
13427,1973,120,5,19730516,136,10
13427,1973,121,4,19730607,158,10
13427,1973,121,5,19730618,169,10
13427,1973,122,31,19730922,265,10
13427,1973,122,4,19730509,129,10
13427,1973,123,31,19730928,271,10
13427,1973,123,4,19730507,127,10
13427,1973,124,5,19730328,87,10
13427,1973,125,5,19730506,126,10
13427,1973,127,5,19730227,58,10
13427,1973,128,5,19730309,68,10
13427,1973,129,5,19730620,171,10
13427,1973,130,4,19730517,137,10
13427,1973,130,5,19730628,179,10
13427,1973,132,31,19731105,309,10
13427,1973,132,5,19730601,152,10
13427,1973,135,6,19730609,160,10
13427,1973,136,6,19730611,162,10
13427,1973,137,5,19730714,195,10
13427,1973,138,5,19730604,155,10
13427,1973,201,25,19730602,153,10
13427,1973,202,10,19731103,307,10
13427,1973,202,12,19731112,316,10
13427,1973,202,21,19730807,219,10
13427,1973,203,10,19731019,292,10
13427,1973,203,12,19731028,301,10
13427,1973,203,15,19730512,132,10
13427,1973,203,21,19730729,210,10
13427,1973,204,10,19730930,273,10
13427,1973,204,12,19731011,284,10
13427,1973,204,21,19730725,206,10
13427,1973,205,10,19730901,244,10
13427,1973,205,24,19730723,204,10
13427,1973,205,5,19730512,132,10
13427,1973,207,10,19730320,79,10
13427,1973,207,12,19730420,110,10
13427,1973,207,24,19730811,223,10
13427,1973,208,10,19730323,82,10
13427,1973,208,12,19730422,112,10
13427,1973,215,6,19730814,226,10
13427,1973,252,10,19730423,113,10
13427,1973,252,24,19731029,302,10
13427,1973,253,10,19730425,115,10
13427,1973,253,24,19731019,292,10
13427,1973,310,5,19730521,141,10
13427,1973,310,7,19730526,146,10
13427,1973,313,29,19731017,290,10
13427,1973,320,5,19730513,133,10
13427,1973,320,7,19730524,144,10
13427,1973,322,29,19731009,282,10
13427,1973,330,5,19730508,128,10
13427,1973,330,7,19730515,135,10
13427,1973,332,29,19730706,187,10
13427,1973,340,29,19730802,214,10
13427,1973,340,5,19730515,135,10
13427,1973,340,7,19730521,141,10
13427,1973,350,29,19730719,200,10
13427,1973,350,4,19730403,93,10
13427,1973,350,5,19730506,126,10
13427,1974,102,5,19740402,92,10
13427,1974,103,5,19740527,147,10
13427,1974,103,62,19740911,254,10
13427,1974,107,5,19740526,146,10
13427,1974,108,5,19740524,144,10
13427,1974,112,31,19741012,285,10
13427,1974,112,4,19740412,102,10
13427,1974,113,5,19740120,20,10
13427,1974,114,5,19740815,227,10
13427,1974,116,5,19740309,68,10
13427,1974,117,5,19740619,170,10
13427,1974,117,62,19740914,257,10
13427,1974,118,8,19740521,141,10
13427,1974,120,5,19740417,107,10
13427,1974,121,4,19740617,168,10
13427,1974,122,31,19741021,294,10
13427,1974,122,4,19740417,107,10
13427,1974,122,5,19740525,145,10
13427,1974,123,31,19741017,290,10
13427,1974,123,4,19740424,114,10
13427,1974,124,5,19740321,80,10
13427,1974,125,5,19740415,105,10
13427,1974,127,5,19740223,54,10
13427,1974,128,4,19740422,112,10
13427,1974,128,5,19740224,55,10
13427,1974,129,5,19740617,168,10
13427,1974,129,62,19741001,274,10
13427,1974,130,4,19740422,112,10
13427,1974,132,5,19740523,143,10
13427,1974,136,6,19740614,165,10
13427,1974,137,5,19740628,179,10
13427,1974,138,5,19740525,145,10
13427,1974,201,25,19740531,151,10
13427,1974,202,18,19740621,172,10
13427,1974,203,18,19740515,135,10
13427,1974,204,10,19741010,283,10
13427,1974,204,12,19741018,291,10
13427,1974,204,18,19740515,135,10
13427,1974,204,21,19740720,201,10
13427,1974,205,10,19740902,245,10
13427,1974,205,24,19740712,193,10
13427,1974,205,5,19740509,129,10
13427,1974,206,10,19740206,37,10
13427,1974,207,18,19740625,176,10
13427,1974,208,10,19740220,51,10
13427,1974,215,10,19740420,110,10
13427,1974,215,12,19740523,143,10
13427,1974,215,6,19740720,201,10
13427,1974,252,10,19740328,87,10
13427,1974,252,12,19740426,116,10
13427,1974,252,24,19741005,278,10
13427,1974,253,10,19740325,84,10
13427,1974,253,12,19740426,116,10
13427,1974,310,5,19740427,117,10
13427,1974,320,5,19740419,109,10
13427,1974,330,5,19740415,105,10
13427,1974,332,29,19740713,194,10
13427,1974,340,29,19740721,202,10
13427,1974,340,5,19740423,113,10
13427,1974,350,29,19740719,200,10
13427,1974,350,4,19740408,98,10
13427,1974,350,5,19740413,103,10
13427,1978,102,5,19780402,92,10
13427,1978,103,5,19780601,152,10
13427,1978,103,62,19780906,249,10
13427,1978,107,5,19780524,144,10
13427,1978,107,8,19780511,131,10
13427,1978,108,5,19780519,139,10
13427,1978,112,31,19781004,277,10
13427,1978,112,4,19780422,112,10
13427,1978,113,5,19780228,59,10
13427,1978,114,5,19780814,226,10
13427,1978,116,5,19780317,76,10
13427,1978,117,5,19780613,164,10
13427,1978,117,62,19780920,263,10
13427,1978,118,5,19780527,147,10
13427,1978,118,8,19780513,133,10
13427,1978,120,5,19780423,113,10
13427,1978,121,4,19780529,149,10
13427,1978,121,5,19780618,169,10
13427,1978,122,31,19781020,293,10
13427,1978,122,4,19780430,120,10
13427,1978,122,5,19780517,137,10
13427,1978,122,62,19781014,287,10
13427,1978,123,31,19781009,282,10
13427,1978,123,4,19780503,123,10
13427,1978,124,5,19780328,87,10
13427,1978,125,5,19780507,127,10
13427,1978,127,5,19780221,52,10
13427,1978,128,4,19780509,129,10
13427,1978,128,5,19780322,81,10
13427,1978,129,5,19780602,153,10
13427,1978,129,62,19780905,248,10
13427,1978,130,4,19780501,121,10
13427,1978,130,5,19780628,179,10
13427,1978,132,31,19781021,294,10
13427,1978,132,4,19780511,131,10
13427,1978,132,5,19780518,138,10
13427,1978,132,62,19781014,287,10
13427,1978,135,6,19780609,160,10
13427,1978,136,6,19780617,168,10
13427,1978,137,5,19780626,177,10
13427,1978,138,5,19780523,143,10
13427,1978,201,25,19780525,145,10
13427,1978,202,10,19781103,307,10
13427,1978,202,12,19781111,315,10
13427,1978,202,18,19780613,164,10
13427,1978,202,21,19780827,239,10
13427,1978,202,24,19780827,239,10
13427,1978,204,10,19780922,265,10
13427,1978,204,12,19781018,291,10
13427,1978,204,18,19780608,159,10
13427,1978,204,21,19780725,206,10
13427,1978,204,24,19780730,211,10
13427,1978,207,10,19780315,74,10
13427,1978,207,12,19780410,100,10
13427,1978,207,18,19780702,183,10
13427,1978,207,21,19780813,225,10
13427,1978,207,24,19780819,231,10
13427,1978,215,10,19780426,116,10
13427,1978,215,12,19780524,144,10
13427,1978,215,24,19781006,279,10
13427,1978,252,24,19781005,278,10
13427,1978,253,10,19780412,102,10
13427,1978,253,12,19780429,119,10
13427,1978,253,24,19781011,284,10
13427,1978,310,5,19780506,126,10
13427,1978,310,7,19780523,143,10
13427,1978,311,29,19780803,215,10
13427,1978,313,29,19781019,292,10
13427,1978,320,5,19780503,123,10
13427,1978,320,7,19780516,136,10
13427,1978,321,29,19780815,227,10
13427,1978,322,29,19781016,289,10
13427,1978,330,5,19780503,123,10
13427,1978,330,7,19780510,130,10
13427,1978,331,29,19780628,179,10
13427,1978,332,29,19780713,194,10
13427,1978,340,29,19780720,201,10
13427,1978,340,5,19780504,124,10
13427,1978,340,7,19780511,131,10
13427,1978,350,29,19780710,191,10
13427,1978,350,4,19780404,94,10
13427,1978,350,5,19780424,114,10
13427,1978,371,29,19780813,225,10
13427,1978,372,29,19781009,282,10
13427,1979,102,5,19790417,107,10
13427,1979,103,5,19790606,157,10
13427,1979,103,62,19790817,229,10
13427,1979,107,5,19790604,155,10
13427,1979,107,8,19790521,141,10
13427,1979,108,5,19790523,143,10
13427,1979,112,31,19790928,271,10
13427,1979,112,4,19790430,120,10
13427,1979,113,5,19790310,69,10
13427,1979,114,5,19790817,229,10
13427,1979,115,5,19790909,252,10
13427,1979,116,5,19790329,88,10
13427,1979,117,5,19790610,161,10
13427,1979,117,62,19790914,257,10
13427,1979,118,5,19790608,159,10
13427,1979,118,8,19790519,139,10
13427,1979,120,5,19790501,121,10
13427,1979,121,4,19790611,162,10
13427,1979,121,5,19790603,154,10
13427,1979,122,31,19791014,287,10
13427,1979,122,4,19790513,133,10
13427,1979,122,5,19790518,138,10
13427,1979,122,62,19790923,266,10
13427,1979,123,31,19791005,278,10
13427,1979,123,4,19790517,137,10
13427,1979,123,62,19791012,285,10
13427,1979,124,5,19790413,103,10
13427,1979,125,5,19790514,134,10
13427,1979,127,5,19790314,73,10
13427,1979,128,4,19790519,139,10
13427,1979,129,5,19790610,161,10
13427,1979,129,62,19790912,255,10
13427,1979,130,4,19790516,136,10
13427,1979,130,5,19790617,168,10
13427,1979,132,31,19791009,282,10
13427,1979,132,4,19790522,142,10
13427,1979,132,62,19791021,294,10
13427,1979,135,6,19790603,154,10
13427,1979,136,6,19790618,169,10
13427,1979,137,5,19790623,174,10
13427,1979,138,5,19790524,144,10
13427,1979,201,25,19790525,145,10
13427,1979,202,10,19791019,292,10
13427,1979,202,12,19791120,324,10
13427,1979,202,24,19790813,225,10
13427,1979,203,10,19791004,277,10
13427,1979,203,12,19791028,301,10
13427,1979,204,10,19790910,253,10
13427,1979,204,12,19790919,262,10
13427,1979,204,18,19790607,158,10
13427,1979,204,21,19790720,201,10
13427,1979,204,24,19790723,204,10
13427,1979,206,18,19790616,167,10
13427,1979,206,21,19790820,232,10
13427,1979,206,24,19790830,242,10
13427,1979,207,10,19790413,103,10
13427,1979,207,12,19790429,119,10
13427,1979,207,18,19790628,179,10
13427,1979,207,21,19790819,231,10
13427,1979,207,24,19790828,240,10
13427,1979,208,10,19790413,103,10
13427,1979,208,12,19790429,119,10
13427,1979,215,10,19790516,136,10
13427,1979,215,12,19790528,148,10
13427,1979,215,24,19791006,279,10
13427,1979,252,10,19790509,129,10
13427,1979,252,12,19790521,141,10
13427,1979,252,24,19791018,291,10
13427,1979,253,10,19790509,129,10
13427,1979,253,12,19790524,144,10
13427,1979,253,24,19791014,287,10
13427,1979,310,5,19790519,139,10
13427,1979,310,7,19790527,147,10
13427,1979,311,29,19790814,226,10
13427,1979,313,29,19791005,278,10
13427,1979,320,5,19790517,137,10
13427,1979,320,7,19790526,146,10
13427,1979,321,29,19790820,232,10
13427,1979,322,29,19791008,281,10
13427,1979,330,5,19790508,128,10
13427,1979,330,7,19790526,146,10
13427,1979,331,29,19790629,180,10
13427,1979,332,29,19790714,195,10
13427,1979,340,29,19790723,204,10
13427,1979,340,5,19790518,138,10
13427,1979,340,7,19790527,147,10
13427,1979,350,29,19790717,198,10
13427,1979,350,4,19790429,119,10
13427,1979,350,5,19790508,128,10
13427,1979,371,29,19790823,235,10
13427,1979,372,29,19790928,271,10
13427,1980,102,5,19800416,106,10
13427,1980,103,5,19800609,160,10
13427,1980,103,62,19800908,251,10
13427,1980,107,5,19800608,159,10
13427,1980,107,8,19800603,154,10
13427,1980,108,5,19800601,152,10
13427,1980,112,31,19801015,288,10
13427,1980,112,4,19800515,135,10
13427,1980,113,5,19800314,73,10
13427,1980,114,5,19800827,239,10
13427,1980,115,5,19800922,265,10
13427,1980,116,5,19800321,80,10
13427,1980,117,5,19800620,171,10
13427,1980,117,62,19801001,274,10
13427,1980,118,5,19800610,161,10
13427,1980,118,8,19800603,154,10
13427,1980,120,5,19800503,123,10
13427,1980,121,4,19800604,155,10
13427,1980,121,5,19800611,162,10
13427,1980,122,31,19801019,292,10
13427,1980,122,4,19800514,134,10
13427,1980,122,5,19800601,152,10
13427,1980,122,62,19800925,268,10
13427,1980,123,31,19801015,288,10
13427,1980,123,4,19800518,138,10
13427,1980,123,62,19800925,268,10
13427,1980,124,5,19800413,103,10
13427,1980,125,5,19800516,136,10
13427,1980,127,5,19800311,70,10
13427,1980,128,4,19800508,128,10
13427,1980,128,5,19800311,70,10
13427,1980,129,5,19800616,167,10
13427,1980,129,62,19800911,254,10
13427,1980,130,4,19800515,135,10
13427,1980,130,5,19800627,178,10
13427,1980,132,31,19801014,287,10
13427,1980,132,4,19800521,141,10
13427,1980,132,5,19800528,148,10
13427,1980,132,62,19801002,275,10
13427,1980,135,6,19800625,176,10
13427,1980,136,6,19800626,177,10
13427,1980,137,5,19800704,185,10
13427,1980,138,5,19800607,158,10
13427,1980,201,25,19800615,166,10
13427,1980,202,10,19801024,297,10
13427,1980,202,12,19801116,320,10
13427,1980,202,24,19800819,231,10
13427,1980,203,10,19800914,257,10
13427,1980,203,12,19801009,282,10
13427,1980,204,10,19800930,273,10
13427,1980,204,12,19801018,291,10
13427,1980,204,18,19800608,159,10
13427,1980,204,21,19800706,187,10
13427,1980,204,24,19800725,206,10
13427,1980,206,18,19800613,164,10
13427,1980,206,21,19800809,221,10
13427,1980,207,10,19800414,104,10
13427,1980,207,12,19800510,130,10
13427,1980,207,18,19800618,169,10
13427,1980,207,21,19800819,231,10
13427,1980,207,24,19800827,239,10
13427,1980,208,10,19800416,106,10
13427,1980,208,12,19800512,132,10
13427,1980,208,24,19800916,259,10
13427,1980,215,10,19800508,128,10
13427,1980,215,12,19800525,145,10
13427,1980,215,24,19800927,270,10
13427,1980,252,10,19800425,115,10
13427,1980,252,12,19800514,134,10
13427,1980,252,24,19801019,292,10
13427,1980,253,10,19800516,136,10
13427,1980,253,12,19800606,157,10
13427,1980,253,24,19801023,296,10
13427,1980,310,5,19800517,137,10
13427,1980,310,7,19800529,149,10
13427,1980,311,29,19800902,245,10
13427,1980,313,29,19801027,300,10
13427,1980,320,5,19800509,129,10
13427,1980,320,7,19800522,142,10
13427,1980,321,29,19800901,244,10
13427,1980,322,29,19801014,287,10
13427,1980,330,5,19800503,123,10
13427,1980,330,7,19800527,147,10
13427,1980,331,29,19800621,172,10
13427,1980,332,29,19800715,196,10
13427,1980,340,29,19800716,197,10
13427,1980,340,5,19800510,130,10
13427,1980,340,7,19800523,143,10
13427,1980,350,29,19800722,203,10
13427,1980,350,4,19800415,105,10
13427,1980,350,5,19800423,113,10
13427,1980,372,29,19800926,269,10
13427,1981,102,5,19810331,90,10
13427,1981,103,5,19810529,149,10
13427,1981,107,5,19810521,141,10
13427,1981,107,8,19810525,145,10
13427,1981,108,5,19810524,144,10
13427,1981,112,31,19811004,277,10
13427,1981,112,4,19810413,103,10
13427,1981,113,5,19810307,66,10
13427,1981,114,5,19810819,231,10
13427,1981,115,5,19810913,256,10
13427,1981,116,5,19810318,77,10
13427,1981,117,5,19810612,163,10
13427,1981,117,62,19810906,249,10
13427,1981,118,5,19810529,149,10
13427,1981,118,8,19810523,143,10
13427,1981,120,5,19810415,105,10
13427,1981,121,4,19810527,147,10
13427,1981,121,5,19810603,154,10
13427,1981,122,31,19811010,283,10
13427,1981,122,4,19810416,106,10
13427,1981,122,5,19810521,141,10
13427,1981,122,62,19810915,258,10
13427,1981,123,31,19811018,291,10
13427,1981,123,4,19810511,131,10
13427,1981,124,5,19810324,83,10
13427,1981,125,5,19810414,104,10
13427,1981,127,5,19810304,63,10
13427,1981,128,4,19810502,122,10
13427,1981,128,5,19810309,68,10
13427,1981,129,5,19810528,148,10
13427,1981,129,62,19810912,255,10
13427,1981,130,4,19810508,128,10
13427,1981,130,5,19810620,171,10
13427,1981,132,31,19811021,294,10
13427,1981,132,4,19810517,137,10
13427,1981,132,5,19810523,143,10
13427,1981,135,6,19810603,154,10
13427,1981,136,6,19810604,155,10
13427,1981,137,5,19810617,168,10
13427,1981,138,5,19810524,144,10
13427,1981,201,25,19810531,151,10
13427,1981,202,10,19811025,298,10
13427,1981,202,12,19811110,314,10
13427,1981,202,24,19810815,227,10
13427,1981,203,10,19810921,264,10
13427,1981,203,12,19811008,281,10
13427,1981,204,10,19810922,265,10
13427,1981,204,12,19811010,283,10
13427,1981,204,18,19810528,148,10
13427,1981,204,21,19810702,183,10
13427,1981,204,24,19810718,199,10
13427,1981,205,10,19810820,232,10
13427,1981,205,12,19810908,251,10
13427,1981,207,10,19810319,78,10
13427,1981,207,12,19810405,95,10
13427,1981,207,18,19810602,153,10
13427,1981,207,21,19810731,212,10
13427,1981,207,24,19810815,227,10
13427,1981,208,10,19810327,86,10
13427,1981,208,12,19810415,105,10
13427,1981,208,24,19810905,248,10
13427,1981,215,10,19810507,127,10
13427,1981,215,12,19810517,137,10
13427,1981,215,24,19811012,285,10
13427,1981,215,6,19810810,222,10
13427,1981,252,10,19810413,103,10
13427,1981,252,12,19810504,124,10
13427,1981,252,24,19811014,287,10
13427,1981,253,10,19810413,103,10
13427,1981,253,12,19810524,144,10
13427,1981,253,24,19811102,306,10
13427,1981,310,5,19810503,123,10
13427,1981,310,7,19810513,133,10
13427,1981,311,29,19810817,229,10
13427,1981,313,29,19811024,297,10
13427,1981,320,5,19810504,124,10
13427,1981,320,7,19810513,133,10
13427,1981,321,29,19810828,240,10
13427,1981,322,29,19810929,272,10
13427,1981,330,5,19810413,103,10
13427,1981,330,7,19810419,109,10
13427,1981,331,29,19810616,167,10
13427,1981,332,29,19810625,176,10
13427,1981,340,29,19810702,183,10
13427,1981,340,5,19810505,125,10
13427,1981,340,7,19810511,131,10
13427,1981,350,29,19810714,195,10
13427,1981,350,4,19810410,100,10
13427,1981,350,5,19810414,104,10
13427,1981,371,29,19810815,227,10
13427,1981,372,29,19810911,254,10
13427,1982,102,5,19820403,93,10
13427,1982,103,62,19820804,216,10
13427,1982,107,8,19820517,137,10
13427,1982,108,5,19820518,138,10
13427,1982,112,31,19821006,279,10
13427,1982,112,4,19820512,132,10
13427,1982,113,5,19820304,63,10
13427,1982,114,5,19820811,223,10
13427,1982,116,5,19820301,60,10
13427,1982,117,5,19820615,166,10
13427,1982,118,8,19820518,138,10
13427,1982,120,5,19820427,117,10
13427,1982,121,5,19820606,157,10
13427,1982,122,31,19821018,291,10
13427,1982,122,4,19820518,138,10
13427,1982,122,5,19820524,144,10
13427,1982,122,62,19821008,281,10
13427,1982,124,5,19820408,98,10
13427,1982,127,5,19820305,64,10
13427,1982,129,5,19820618,169,10
13427,1982,129,62,19820830,242,10
13427,1982,130,5,19820628,179,10
13427,1982,132,31,19821025,298,10
13427,1982,132,4,19820517,137,10
13427,1982,132,62,19821013,286,10
13427,1982,138,5,19820513,133,10
13427,1982,202,18,19820613,164,10
13427,1982,203,12,19821103,307,10
13427,1982,203,18,19820604,155,10
13427,1982,203,24,19820803,215,10
13427,1982,204,24,19820711,192,10
13427,1982,207,10,19820315,74,10
13427,1982,207,12,19820330,89,10
13427,1982,207,24,19820812,224,10
13427,1982,208,66,19820622,173,10
13427,1982,215,65,19820716,197,10
13427,1982,253,13,19820703,184,10
13427,1982,310,5,19820515,135,10
13427,1982,311,29,19820726,207,10
13427,1982,313,29,19821011,284,10
13427,1982,320,5,19820519,139,10
13427,1982,322,29,19821015,288,10
13427,1982,330,5,19820511,131,10
13427,1982,331,29,19820619,170,10
13427,1982,340,29,19820707,188,10
13427,1982,340,5,19820513,133,10
13427,1982,350,29,19820708,189,10
13427,1982,350,4,19820416,106,10
13427,1982,350,5,19820427,117,10
13427,1982,372,29,19820909,252,10
13427,1983,102,5,19830415,105,10
13427,1983,103,62,19830717,198,10
13427,1983,107,8,19830522,142,10
13427,1983,108,5,19830517,137,10
13427,1983,112,31,19831004,277,10
13427,1983,112,4,19830423,113,10
13427,1983,113,5,19830222,53,10
13427,1983,114,5,19830725,206,10
13427,1983,116,5,19830220,51,10
13427,1983,117,5,19830611,162,10
13427,1983,118,8,19830524,144,10
13427,1983,120,5,19830422,112,10
13427,1983,121,5,19830608,159,10
13427,1983,122,31,19831016,289,10
13427,1983,122,4,19830421,111,10
13427,1983,122,5,19830511,131,10
13427,1983,122,62,19831004,277,10
13427,1983,127,5,19830224,55,10
13427,1983,129,5,19830610,161,10
13427,1983,129,62,19830918,261,10
13427,1983,130,5,19830625,176,10
13427,1983,132,31,19831020,293,10
13427,1983,132,4,19830522,142,10
13427,1983,132,62,19831006,279,10
13427,1983,136,6,19830529,149,10
13427,1983,138,5,19830514,134,10
13427,1983,202,18,19830616,167,10
13427,1983,203,10,19830926,269,10
13427,1983,203,12,19831006,279,10
13427,1983,203,24,19830719,200,10
13427,1983,204,24,19830718,199,10
13427,1983,207,10,19830305,64,10
13427,1983,207,12,19830319,78,10
13427,1983,215,65,19830720,201,10
13427,1983,253,13,19830710,191,10
13427,1983,310,5,19830507,127,10
13427,1983,311,29,19830804,216,10
13427,1983,313,29,19831015,288,10
13427,1983,320,5,19830428,118,10
13427,1983,322,29,19830916,259,10
13427,1983,330,5,19830430,120,10
13427,1983,331,29,19830716,197,10
13427,1983,340,29,19830721,202,10
13427,1983,340,5,19830430,120,10
13427,1983,350,29,19830720,201,10
13427,1983,350,4,19830417,107,10
13427,1983,350,5,19830426,116,10
13427,1983,372,29,19830911,254,10
13427,1984,102,5,19840420,110,10
13427,1984,103,62,19840726,207,10
13427,1984,108,5,19840525,145,10
13427,1984,112,31,19841009,282,10
13427,1984,112,4,19840504,124,10
13427,1984,113,5,19840312,71,10
13427,1984,114,5,19840809,221,10
13427,1984,116,5,19840315,74,10
13427,1984,117,5,19840625,176,10
13427,1984,118,8,19840529,149,10
13427,1984,120,5,19840502,122,10
13427,1984,121,5,19840622,173,10
13427,1984,122,31,19841023,296,10
13427,1984,122,4,19840512,132,10
13427,1984,122,5,19840521,141,10
13427,1984,122,62,19841014,287,10
13427,1984,124,5,19840322,81,10
13427,1984,127,5,19840315,74,10
13427,1984,129,5,19840627,178,10
13427,1984,129,62,19840930,273,10
13427,1984,130,5,19840630,181,10
13427,1984,132,31,19841022,295,10
13427,1984,132,62,19841015,288,10
13427,1984,136,6,19840609,160,10
13427,1984,138,5,19840603,154,10
13427,1984,202,18,19840605,156,10
13427,1984,203,10,19840925,268,10
13427,1984,203,12,19841010,283,10
13427,1984,203,18,19840526,146,10
13427,1984,203,24,19840820,232,10
13427,1984,203,6,19840610,161,10
13427,1984,204,24,19840730,211,10
13427,1984,205,5,19840515,135,10
13427,1984,207,10,19840314,73,10
13427,1984,207,12,19840328,87,10
13427,1984,207,24,19840815,227,10
13427,1984,253,13,19840615,166,10
13427,1984,310,5,19840516,136,10
13427,1984,311,29,19840828,240,10
13427,1984,320,5,19840514,134,10
13427,1984,322,29,19840930,273,10
13427,1984,331,29,19840718,199,10
13427,1984,340,29,19840805,217,10
13427,1984,340,5,19840519,139,10
13427,1984,350,29,19840727,208,10
13427,1984,350,5,19840430,120,10
13427,1984,372,29,19840925,268,10
13427,1985,102,5,19850418,108,10
13427,1985,103,62,19850805,217,10
13427,1985,107,8,19850522,142,10
13427,1985,108,5,19850520,140,10
13427,1985,112,31,19851014,287,10
13427,1985,112,4,19850429,119,10
13427,1985,113,5,19850321,80,10
13427,1985,114,5,19850812,224,10
13427,1985,116,5,19850325,84,10
13427,1985,117,5,19850614,165,10
13427,1985,118,8,19850520,140,10
13427,1985,120,5,19850426,116,10
13427,1985,121,5,19850616,167,10
13427,1985,122,31,19851018,291,10
13427,1985,122,4,19850509,129,10
13427,1985,122,5,19850519,139,10
13427,1985,122,62,19851001,274,10
13427,1985,124,5,19850331,90,10
13427,1985,127,5,19850317,76,10
13427,1985,129,5,19850614,165,10
13427,1985,129,62,19850926,269,10
13427,1985,130,5,19850622,173,10
13427,1985,132,31,19851026,299,10
13427,1985,132,4,19850523,143,10
13427,1985,132,62,19851006,279,10
13427,1985,136,6,19850602,153,10
13427,1985,138,5,19850519,139,10
13427,1985,202,18,19850620,171,10
13427,1985,203,10,19850925,268,10
13427,1985,203,12,19851013,286,10
13427,1985,203,24,19850823,235,10
13427,1985,204,24,19850718,199,10
13427,1985,205,5,19850521,141,10
13427,1985,207,10,19850311,70,10
13427,1985,207,12,19850323,82,10
13427,1985,207,24,19850808,220,10
13427,1985,208,66,19850626,177,10
13427,1985,215,65,19850723,204,10
13427,1985,253,13,19850618,169,10
13427,1985,310,5,19850511,131,10
13427,1985,311,29,19850816,228,10
13427,1985,313,29,19851003,276,10
13427,1985,320,5,19850510,130,10
13427,1985,322,29,19851012,285,10
13427,1985,330,5,19850507,127,10
13427,1985,331,29,19850721,202,10
13427,1985,340,29,19850810,222,10
13427,1985,340,5,19850512,132,10
13427,1985,350,29,19850726,207,10
13427,1985,350,5,19850505,125,10
13427,1985,372,29,19850921,264,10
13427,1986,102,5,19860501,121,10
13427,1986,107,8,19860521,141,10
13427,1986,108,5,19860512,132,10
13427,1986,112,31,19860925,268,10
13427,1986,112,4,19860508,128,10
13427,1986,114,5,19860801,213,10
13427,1986,118,8,19860520,140,10
13427,1986,120,5,19860504,124,10
13427,1986,121,5,19860608,159,10
13427,1986,122,31,19861008,281,10
13427,1986,122,4,19860509,129,10
13427,1986,122,62,19861002,275,10
13427,1986,124,5,19860401,91,10
13427,1986,127,5,19860324,83,10
13427,1986,129,62,19860829,241,10
13427,1986,130,5,19860624,175,10
13427,1986,132,31,19861008,281,10
13427,1986,132,4,19860514,134,10
13427,1986,132,62,19861001,274,10
13427,1986,136,6,19860606,157,10
13427,1986,138,5,19860517,137,10
13427,1986,203,10,19860925,268,10
13427,1986,203,12,19861005,278,10
13427,1986,203,18,19860515,135,10
13427,1986,203,24,19860810,222,10
13427,1986,204,24,19860719,200,10
13427,1986,205,5,19860510,130,10
13427,1986,207,10,19860405,95,10
13427,1986,207,12,19860420,110,10
13427,1986,207,18,19860620,171,10
13427,1986,207,24,19860815,227,10
13427,1986,310,5,19860509,129,10
13427,1986,311,29,19860806,218,10
13427,1986,320,5,19860511,131,10
13427,1986,330,5,19860504,124,10
13427,1986,350,29,19860713,194,10
13427,1986,350,4,19860417,107,10
13427,1986,350,5,19860504,124,10
13427,1987,102,5,19870416,106,10
13427,1987,103,62,19870819,231,10
13427,1987,107,8,19870526,146,10
13427,1987,108,5,19870524,144,10
13427,1987,112,31,19871001,274,10
13427,1987,112,4,19870428,118,10
13427,1987,113,5,19870324,83,10
13427,1987,114,5,19870807,219,10
13427,1987,116,5,19870327,86,10
13427,1987,117,5,19870610,161,10
13427,1987,118,8,19870529,149,10
13427,1987,120,5,19870501,121,10
13427,1987,121,5,19870616,167,10
13427,1987,122,31,19871020,293,10
13427,1987,122,4,19870426,116,10
13427,1987,122,5,19870525,145,10
13427,1987,122,62,19871011,284,10
13427,1987,124,5,19870404,94,10
13427,1987,127,5,19870326,85,10
13427,1987,129,5,19870623,174,10
13427,1987,129,62,19870910,253,10
13427,1987,130,5,19870718,199,10
13427,1987,132,31,19871013,286,10
13427,1987,132,4,19870504,124,10
13427,1987,132,62,19871006,279,10
13427,1987,136,6,19870607,158,10
13427,1987,138,5,19870603,154,10
13427,1987,202,18,19870625,176,10
13427,1987,203,10,19870925,268,10
13427,1987,203,12,19871010,283,10
13427,1987,203,24,19870830,242,10
13427,1987,203,6,19870626,177,10
13427,1987,204,24,19870731,212,10
13427,1987,207,10,19870330,89,10
13427,1987,207,12,19870414,104,10
13427,1987,207,24,19870820,232,10
13427,1987,253,13,19870710,191,10
13427,1987,310,5,19870516,136,10
13427,1987,311,29,19870822,234,10
13427,1987,322,29,19871010,283,10
13427,1987,330,5,19870507,127,10
13427,1987,331,29,19870724,205,10
13427,1987,340,29,19870819,231,10
13427,1987,340,5,19870511,131,10
13427,1987,350,4,19870415,105,10
13427,1987,350,5,19870421,111,10
13427,1987,371,29,19870916,259,10
13427,1987,372,29,19870920,263,10
13427,1988,103,62,19880810,222,10
13427,1988,107,8,19880518,138,10
13427,1988,108,5,19880516,136,10
13427,1988,112,31,19880921,264,10
13427,1988,112,4,19880427,117,10
13427,1988,113,5,19880203,34,10
13427,1988,114,5,19880717,198,10
13427,1988,116,5,19880322,81,10
13427,1988,117,5,19880611,162,10
13427,1988,118,8,19880519,139,10
13427,1988,120,5,19880426,116,10
13427,1988,121,5,19880613,164,10
13427,1988,122,31,19881019,292,10
13427,1988,122,4,19880424,114,10
13427,1988,122,5,19880515,135,10
13427,1988,124,5,19880409,99,10
13427,1988,127,5,19880302,61,10
13427,1988,129,5,19880614,165,10
13427,1988,129,62,19880827,239,10
13427,1988,130,5,19880703,184,10
13427,1988,132,31,19881018,291,10
13427,1988,132,4,19880429,119,10
13427,1988,132,62,19880926,269,10
13427,1988,136,6,19880527,147,10
13427,1988,138,5,19880521,141,10
13427,1988,202,18,19880606,157,10
13427,1988,203,10,19880920,263,10
13427,1988,203,12,19881004,277,10
13427,1988,203,24,19880730,211,10
13427,1988,203,6,19880616,167,10
13427,1988,204,24,19880709,190,10
13427,1988,205,5,19880515,135,10
13427,1988,207,10,19880408,98,10
13427,1988,207,12,19880422,112,10
13427,1988,207,18,19880617,168,10
13427,1988,207,24,19880810,222,10
13427,1988,310,5,19880507,127,10
13427,1988,311,29,19880806,218,10
13427,1988,313,29,19881006,279,10
13427,1988,320,5,19880505,125,10
13427,1988,322,29,19880920,263,10
13427,1988,330,5,19880426,116,10
13427,1988,331,29,19880713,194,10
13427,1988,340,29,19880723,204,10
13427,1988,340,5,19880509,129,10
13427,1988,350,29,19880716,197,10
13427,1988,350,4,19880330,89,10
13427,1988,350,5,19880503,123,10
13427,1988,371,29,19880814,226,10
13427,1988,372,29,19880926,269,10
13427,1989,102,5,19890315,74,10
13427,1989,107,8,19890509,129,10
13427,1989,108,5,19890509,129,10
13427,1989,112,31,19891013,286,10
13427,1989,112,4,19890421,111,10
13427,1989,113,5,19890119,19,10
13427,1989,114,5,19890809,221,10
13427,1989,116,5,19890305,64,10
13427,1989,118,8,19890507,127,10
13427,1989,120,5,19890414,104,10
13427,1989,121,5,19890529,149,10
13427,1989,122,31,19891018,291,10
13427,1989,122,4,19890422,112,10
13427,1989,122,5,19890505,125,10
13427,1989,124,5,19890307,66,10
13427,1989,127,5,19890202,33,10
13427,1989,129,62,19890906,249,10
13427,1989,130,5,19890606,157,10
13427,1989,132,31,19891020,293,10
13427,1989,132,4,19890428,118,10
13427,1989,132,62,19891014,287,10
13427,1989,136,6,19890521,141,10
13427,1989,138,5,19890511,131,10
13427,1989,203,10,19890918,261,10
13427,1989,203,12,19891008,281,10
13427,1989,203,18,19890527,147,10
13427,1989,203,24,19890808,220,10
13427,1989,204,24,19890707,188,10
13427,1989,205,5,19890424,114,10
13427,1989,207,10,19890309,68,10
13427,1989,207,12,19890326,85,10
13427,1989,207,18,19890605,156,10
13427,1989,207,24,19890805,217,10
13427,1989,310,5,19890426,116,10
13427,1989,311,29,19890809,221,10
13427,1989,313,29,19890915,258,10
13427,1989,320,5,19890424,114,10
13427,1989,331,29,19890627,178,10
13427,1989,340,5,19890428,118,10
13427,1989,350,29,19890630,181,10
13427,1989,350,4,19890313,72,10
13427,1989,350,5,19890409,99,10
13427,1990,103,62,19900801,213,10
13427,1990,107,8,19900504,124,10
13427,1990,108,5,19900517,137,10
13427,1990,112,31,19901018,291,10
13427,1990,112,4,19900403,93,10
13427,1990,113,5,19900126,26,10
13427,1990,114,5,19900804,216,10
13427,1990,116,5,19900302,61,10
13427,1990,117,5,19900604,155,10
13427,1990,118,8,19900507,127,10
13427,1990,120,5,19900330,89,10
13427,1990,121,5,19900606,157,10
13427,1990,122,31,19901013,286,10
13427,1990,122,4,19900418,108,10
13427,1990,122,5,19900504,124,10
13427,1990,122,62,19900926,269,10
13427,1990,124,5,19900307,66,10
13427,1990,127,5,19900210,41,10
13427,1990,129,5,19900519,139,10
13427,1990,129,62,19900831,243,10
13427,1990,130,5,19900625,176,10
13427,1990,132,31,19901022,295,10
13427,1990,132,4,19900429,119,10
13427,1990,132,62,19901001,274,10
13427,1990,136,6,19900519,139,10
13427,1990,138,5,19900513,133,10
13427,1990,202,18,19900607,158,10
13427,1990,203,10,19901001,274,10
13427,1990,203,12,19901025,298,10
13427,1990,203,18,19900530,150,10
13427,1990,203,24,19900731,212,10
13427,1990,203,6,19900611,162,10
13427,1990,204,24,19900712,193,10
13427,1990,205,5,19900426,116,10
13427,1990,207,10,19900223,54,10
13427,1990,207,12,19900320,79,10
13427,1990,207,18,19900622,173,10
13427,1990,207,24,19900807,219,10
13427,1990,215,65,19900721,202,10
13427,1990,253,13,19900625,176,10
13427,1990,310,5,19900423,113,10
13427,1990,311,29,19900801,213,10
13427,1990,313,29,19901005,278,10
13427,1990,320,5,19900419,109,10
13427,1990,322,29,19900924,267,10
13427,1990,330,5,19900409,99,10
13427,1990,331,29,19900629,180,10
13427,1990,340,29,19900708,189,10
13427,1990,340,5,19900424,114,10
13427,1990,350,29,19900702,183,10
13427,1990,350,4,19900315,74,10
13427,1990,350,5,19900403,93,10
13427,1990,371,29,19900825,237,10
13427,1990,372,29,19900902,245,10
13427,1991,102,5,19910329,88,10
13427,1991,103,62,19910826,238,10
13427,1991,112,31,19911015,288,10
13427,1991,112,4,19910408,98,10
13427,1991,113,5,19910210,41,10
13427,1991,116,5,19910325,84,10
13427,1991,117,5,19910619,170,10
13427,1991,120,5,19910408,98,10
13427,1991,122,31,19911018,291,10
13427,1991,122,4,19910505,125,10
13427,1991,122,62,19911011,284,10
13427,1991,124,5,19910319,78,10
13427,1991,127,5,19910303,62,10
13427,1991,129,5,19910617,168,10
13427,1991,129,62,19910923,266,10
13427,1991,132,31,19911028,301,10
13427,1991,132,62,19911017,290,10
13427,1991,202,18,19910625,176,10
13427,1991,203,24,19910812,224,10
13427,1991,215,65,19910826,238,10
13427,1991,311,29,19910806,218,10
13427,1991,311,5,19910511,131,10
13427,1991,313,29,19911008,281,10
13427,1991,320,5,19910504,124,10
13427,1991,322,29,19910926,269,10
13427,1991,330,5,19910413,103,10
13427,1991,340,29,19910724,205,10
13427,1991,340,5,19910506,126,10
13427,1991,350,4,19910330,89,10
13427,1991,350,5,19910411,101,10
13427,1991,360,29,19910713,194,10
13427,1991,360,5,19910410,100,10
13427,1991,371,29,19910829,241,10
13427,1992,101,5,19920803,215,10
13427,1992,102,5,19920412,102,10
13427,1992,103,3,19920412,102,10
13427,1992,103,32,19921006,279,10
13427,1992,103,4,19920429,119,10
13427,1992,103,5,19920519,139,10
13427,1992,103,62,19920807,219,10
13427,1992,104,4,19920519,139,10
13427,1992,104,5,19920507,127,10
13427,1992,105,61,19920429,119,10
13427,1992,105,63,19920922,265,10
13427,1992,105,64,19921118,322,10
13427,1992,107,8,19920514,134,10
13427,1992,108,5,19920514,134,10
13427,1992,109,5,19920324,83,10
13427,1992,112,3,19920412,102,10
13427,1992,112,31,19920929,272,10
13427,1992,112,32,19921007,280,10
13427,1992,112,4,19920424,114,10
13427,1992,112,5,19920509,129,10
13427,1992,113,5,19920228,59,10
13427,1992,114,5,19920826,238,10
13427,1992,116,5,19920405,95,10
13427,1992,117,5,19920526,146,10
13427,1992,117,62,19920911,254,10
13427,1992,118,5,19920522,142,10
13427,1992,118,8,19920516,136,10
13427,1992,120,5,19920416,106,10
13427,1992,121,5,19920529,149,10
13427,1992,122,3,19920414,104,10
13427,1992,122,31,19921011,284,10
13427,1992,122,32,19921028,301,10
13427,1992,122,4,19920428,118,10
13427,1992,122,5,19920514,134,10
13427,1992,122,62,19921002,275,10
13427,1992,123,31,19920917,260,10
13427,1992,123,32,19921123,327,10
13427,1992,123,4,19920429,119,10
13427,1992,124,5,19920318,77,10
13427,1992,125,5,19920424,114,10
13427,1992,127,5,19920228,59,10
13427,1992,128,4,19920429,119,10
13427,1992,128,5,19920402,92,10
13427,1992,129,5,19920531,151,10
13427,1992,129,62,19920911,254,10
13427,1992,130,5,19920629,180,10
13427,1992,131,5,19920506,126,10
13427,1992,132,31,19921011,284,10
13427,1992,132,32,19921126,330,10
13427,1992,132,4,19920507,127,10
13427,1992,132,62,19920924,267,10
13427,1992,135,5,19920513,133,10
13427,1992,135,6,19920524,144,10
13427,1992,136,6,19920531,151,10
13427,1992,138,5,19920515,135,10
13427,1992,138,62,19920912,255,10
13427,1992,201,1,19920319,78,10
13427,1992,201,25,19920526,146,10
13427,1992,201,28,19920727,208,10
13427,1992,202,10,19921010,283,10
13427,1992,202,12,19921102,306,10
13427,1992,202,15,19920511,131,10
13427,1992,202,18,19920531,151,10
13427,1992,202,21,19920723,204,10
13427,1992,202,24,19920805,217,10
13427,1992,203,15,19920513,133,10
13427,1992,203,18,19920525,145,10
13427,1992,203,21,19920721,202,10
13427,1992,203,24,19920803,215,10
13427,1992,203,5,19920605,156,10
13427,1992,203,6,19920609,160,10
13427,1992,204,10,19920917,260,10
13427,1992,204,12,19920929,272,10
13427,1992,204,15,19920502,122,10
13427,1992,204,18,19920522,142,10
13427,1992,204,21,19920625,176,10
13427,1992,204,24,19920708,189,10
13427,1992,205,10,19920815,227,10
13427,1992,205,12,19920902,245,10
13427,1992,205,17,19920421,111,10
13427,1992,205,22,19920708,189,10
13427,1992,205,24,19920720,201,10
13427,1992,205,5,19920506,126,10
13427,1992,208,10,19920315,74,10
13427,1992,208,12,19920402,92,10
13427,1992,208,15,19920518,138,10
13427,1992,208,21,19920729,210,10
13427,1992,208,24,19920819,231,10
13427,1992,208,66,19920617,168,10
13427,1992,215,10,19920408,98,10
13427,1992,215,12,19920426,116,10
13427,1992,215,24,19920920,263,10
13427,1992,215,5,19920714,195,10
13427,1992,215,65,19920628,179,10
13427,1992,215,67,19920614,165,10
13427,1992,252,10,19920430,120,10
13427,1992,252,12,19920515,135,10
13427,1992,252,13,19920616,167,10
13427,1992,252,24,19921019,292,10
13427,1992,311,29,19920804,216,10
13427,1992,311,3,19920411,101,10
13427,1992,311,32,19921002,275,10
13427,1992,311,5,19920428,118,10
13427,1992,311,6,19920506,126,10
13427,1992,311,7,19920514,134,10
13427,1992,313,29,19921014,287,10
13427,1992,313,3,19920417,107,10
13427,1992,313,32,19921029,302,10
13427,1992,313,5,19920430,120,10
13427,1992,313,6,19920509,129,10
13427,1992,313,7,19920516,136,10
13427,1992,321,29,19920819,231,10
13427,1992,321,5,19920429,119,10
13427,1992,321,6,19920503,123,10
13427,1992,321,7,19920513,133,10
13427,1992,330,29,19920625,176,10
13427,1992,330,31,19920923,266,10
13427,1992,330,5,19920426,116,10
13427,1992,330,6,19920430,120,10
13427,1992,330,7,19920507,127,10
13427,1992,340,29,19920712,193,10
13427,1992,340,5,19920504,124,10
13427,1992,340,6,19920509,129,10
13427,1992,340,7,19920514,134,10
13427,1992,350,29,19920628,179,10
13427,1992,350,3,19920324,83,10
13427,1992,350,4,19920404,94,10
13427,1992,350,5,19920419,109,10
13427,1992,360,29,19920628,179,10
13427,1992,360,5,19920419,109,10
13427,1993,101,5,19930804,216,10
13427,1993,102,5,19930414,104,10
13427,1993,103,3,19930409,99,10
13427,1993,103,32,19930930,273,10
13427,1993,103,4,19930423,113,10
13427,1993,103,5,19930512,132,10
13427,1993,103,62,19930728,209,10
13427,1993,104,4,19930427,117,10
13427,1993,104,5,19930421,111,10
13427,1993,105,61,19930407,97,10
13427,1993,105,63,19931014,287,10
13427,1993,105,64,19931109,313,10
13427,1993,107,8,19930504,124,10
13427,1993,108,5,19930502,122,10
13427,1993,109,5,19930411,101,10
13427,1993,112,3,19930411,101,10
13427,1993,112,31,19931008,281,10
13427,1993,112,32,19931027,300,10
13427,1993,112,4,19930419,109,10
13427,1993,112,5,19930505,125,10
13427,1993,114,5,19930823,235,10
13427,1993,116,5,19930411,101,10
13427,1993,117,5,19930520,140,10
13427,1993,117,62,19930904,247,10
13427,1993,118,5,19930514,134,10
13427,1993,118,8,19930509,129,10
13427,1993,120,5,19930421,111,10
13427,1993,121,5,19930529,149,10
13427,1993,122,3,19930417,107,10
13427,1993,122,31,19930930,273,10
13427,1993,122,32,19931103,307,10
13427,1993,122,4,19930425,115,10
13427,1993,122,5,19930503,123,10
13427,1993,122,62,19931004,277,10
13427,1993,123,31,19930928,271,10
13427,1993,123,32,19931102,306,10
13427,1993,123,4,19930423,113,10
13427,1993,124,5,19930409,99,10
13427,1993,125,5,19930426,116,10
13427,1993,127,5,19930309,68,10
13427,1993,128,4,19930426,116,10
13427,1993,128,5,19930316,75,10
13427,1993,129,5,19930522,142,10
13427,1993,129,62,19930828,240,10
13427,1993,130,5,19930614,165,10
13427,1993,131,5,19930508,128,10
13427,1993,132,31,19931013,286,10
13427,1993,132,32,19931115,319,10
13427,1993,132,4,19930426,116,10
13427,1993,132,62,19930929,272,10
13427,1993,135,5,19930519,139,10
13427,1993,135,6,19930527,147,10
13427,1993,136,6,19930522,142,10
13427,1993,138,5,19930430,120,10
13427,1993,138,62,19930905,248,10
13427,1993,201,1,19930411,101,10
13427,1993,201,25,19930603,154,10
13427,1993,201,27,19930803,215,10
13427,1993,202,10,19931015,288,10
13427,1993,202,12,19931110,314,10
13427,1993,202,15,19930409,99,10
13427,1993,202,18,19930517,137,10
13427,1993,202,19,19930708,189,10
13427,1993,202,21,19930714,195,10
13427,1993,202,24,19930801,213,10
13427,1993,203,10,19930927,270,10
13427,1993,203,12,19931018,291,10
13427,1993,203,15,19930417,107,10
13427,1993,203,18,19930514,134,10
13427,1993,203,21,19930707,188,10
13427,1993,203,24,19930806,218,10
13427,1993,203,5,19930523,143,10
13427,1993,203,6,19930528,148,10
13427,1993,204,10,19930920,263,10
13427,1993,204,12,19931008,281,10
13427,1993,204,15,19930414,104,10
13427,1993,204,18,19930513,133,10
13427,1993,204,21,19930622,173,10
13427,1993,204,24,19930712,193,10
13427,1993,205,10,19930817,229,10
13427,1993,205,12,19930903,246,10
13427,1993,205,17,19930413,103,10
13427,1993,205,22,19930725,206,10
13427,1993,205,24,19930730,211,10
13427,1993,205,5,19930428,118,10
13427,1993,205,67,19930326,85,10
13427,1993,208,10,19930317,76,10
13427,1993,208,12,19930407,97,10
13427,1993,208,15,19930524,144,10
13427,1993,208,19,19930711,192,10
13427,1993,208,21,19930720,201,10
13427,1993,208,24,19930817,229,10
13427,1993,208,66,19930608,159,10
13427,1993,215,10,19930502,122,10
13427,1993,215,12,19930514,134,10
13427,1993,215,19,19930823,235,10
13427,1993,215,24,19931005,278,10
13427,1993,215,5,19930723,204,10
13427,1993,215,65,19930711,192,10
13427,1993,215,67,19930526,146,10
13427,1993,252,10,19930410,100,10
13427,1993,252,12,19930502,122,10
13427,1993,252,13,19930613,164,10
13427,1993,252,24,19931028,301,10
13427,1993,311,29,19930709,190,10
13427,1993,311,3,19930420,110,10
13427,1993,311,32,19931020,293,10
13427,1993,311,5,19930427,117,10
13427,1993,311,6,19930501,121,10
13427,1993,311,7,19930504,124,10
13427,1993,313,29,19931003,276,10
13427,1993,313,3,19930421,111,10
13427,1993,313,32,19931102,306,10
13427,1993,313,5,19930429,119,10
13427,1993,313,6,19930503,123,10
13427,1993,313,7,19930508,128,10
13427,1993,321,29,19930813,225,10
13427,1993,321,5,19930426,116,10
13427,1993,321,6,19930502,122,10
13427,1993,321,7,19930507,127,10
13427,1993,332,29,19930626,177,10
13427,1993,332,31,19931002,275,10
13427,1993,332,5,19930420,110,10
13427,1993,332,6,19930424,114,10
13427,1993,332,7,19930427,117,10
13427,1993,340,29,19930711,192,10
13427,1993,340,5,19930424,114,10
13427,1993,340,6,19930427,117,10
13427,1993,340,7,19930503,123,10
13427,1993,350,29,19930702,183,10
13427,1993,350,3,19930405,95,10
13427,1993,350,4,19930409,99,10
13427,1993,350,5,19930417,107,10
13427,1993,360,29,19930627,178,10
13427,1993,360,5,19930419,109,10
13427,1994,101,5,19940726,207,10
13427,1994,102,5,19940405,95,10
13427,1994,103,3,19940413,103,10
13427,1994,103,32,19941014,287,10
13427,1994,103,4,19940424,114,10
13427,1994,103,5,19940515,135,10
13427,1994,103,62,19940814,226,10
13427,1994,104,4,19940507,127,10
13427,1994,104,5,19940425,115,10
13427,1994,105,61,19940413,103,10
13427,1994,105,63,19941008,281,10
13427,1994,105,64,19941023,296,10
13427,1994,107,8,19940507,127,10
13427,1994,108,5,19940507,127,10
13427,1994,109,5,19940326,85,10
13427,1994,112,3,19940408,98,10
13427,1994,112,31,19941009,282,10
13427,1994,112,32,19941024,297,10
13427,1994,112,4,19940419,109,10
13427,1994,112,5,19940427,117,10
13427,1994,114,5,19940819,231,10
13427,1994,116,5,19940402,92,10
13427,1994,117,5,19940627,178,10
13427,1994,117,62,19940826,238,10
13427,1994,118,5,19940519,139,10
13427,1994,118,8,19940509,129,10
13427,1994,120,5,19940423,113,10
13427,1994,121,5,19940604,155,10
13427,1994,122,3,19940418,108,10
13427,1994,122,31,19941021,294,10
13427,1994,122,32,19941102,306,10
13427,1994,122,4,19940424,114,10
13427,1994,122,5,19940507,127,10
13427,1994,122,62,19941007,280,10
13427,1994,123,31,19941003,276,10
13427,1994,123,32,19941031,304,10
13427,1994,123,4,19940423,113,10
13427,1994,124,5,19940330,89,10
13427,1994,125,5,19940422,112,10
13427,1994,127,5,19940227,58,10
13427,1994,128,4,19940427,117,10
13427,1994,128,5,19940326,85,10
13427,1994,129,5,19940528,148,10
13427,1994,129,62,19940823,235,10
13427,1994,130,5,19940629,180,10
13427,1994,131,5,19940513,133,10
13427,1994,132,31,19941014,287,10
13427,1994,132,32,19941029,302,10
13427,1994,132,4,19940429,119,10
13427,1994,135,5,19940522,142,10
13427,1994,135,6,19940530,150,10
13427,1994,136,6,19940601,152,10
13427,1994,138,5,19940504,124,10
13427,1994,138,62,19940828,240,10
13427,1994,201,1,19940328,87,10
13427,1994,201,25,19940612,163,10
13427,1994,201,28,19940619,170,10
13427,1994,202,10,19941020,293,10
13427,1994,202,12,19941103,307,10
13427,1994,202,15,19940514,134,10
13427,1994,202,18,19940522,142,10
13427,1994,202,19,19940715,196,10
13427,1994,202,21,19940722,203,10
13427,1994,202,24,19940812,224,10
13427,1994,203,10,19940920,263,10
13427,1994,203,12,19941004,277,10
13427,1994,203,15,19940511,131,10
13427,1994,203,18,19940520,140,10
13427,1994,203,21,19940714,195,10
13427,1994,203,24,19940812,224,10
13427,1994,203,5,19940523,143,10
13427,1994,203,6,19940608,159,10
13427,1994,204,10,19940915,258,10
13427,1994,204,12,19940927,270,10
13427,1994,204,15,19940503,123,10
13427,1994,204,18,19940521,141,10
13427,1994,204,21,19940623,174,10
13427,1994,204,24,19940711,192,10
13427,1994,205,10,19940827,239,10
13427,1994,205,12,19940902,245,10
13427,1994,205,17,19940414,104,10
13427,1994,205,22,19940716,197,10
13427,1994,205,24,19940721,202,10
13427,1994,205,5,19940505,125,10
13427,1994,205,67,19940402,92,10
13427,1994,208,10,19940315,74,10
13427,1994,208,12,19940328,87,10
13427,1994,208,15,19940529,149,10
13427,1994,208,19,19940712,193,10
13427,1994,208,21,19940727,208,10
13427,1994,208,24,19940816,228,10
13427,1994,208,66,19940611,162,10
13427,1994,215,10,19940428,118,10
13427,1994,215,12,19940515,135,10
13427,1994,215,19,19940821,233,10
13427,1994,215,24,19940921,264,10
13427,1994,215,5,19940724,205,10
13427,1994,215,65,19940711,192,10
13427,1994,215,67,19940612,163,10
13427,1994,252,10,19940419,109,10
13427,1994,252,12,19940429,119,10
13427,1994,252,13,19940626,177,10
13427,1994,252,24,19941023,296,10
13427,1994,311,29,19940805,217,10
13427,1994,311,3,19940417,107,10
13427,1994,311,32,19941017,290,10
13427,1994,311,5,19940428,118,10
13427,1994,311,6,19940501,121,10
13427,1994,311,7,19940507,127,10
13427,1994,313,29,19941009,282,10
13427,1994,313,3,19940423,113,10
13427,1994,313,32,19941029,302,10
13427,1994,313,5,19940501,121,10
13427,1994,313,6,19940506,126,10
13427,1994,313,7,19940510,130,10
13427,1994,321,29,19940822,234,10
13427,1994,321,5,19940426,116,10
13427,1994,321,6,19940429,119,10
13427,1994,321,7,19940509,129,10
13427,1994,332,29,19940630,181,10
13427,1994,332,31,19941018,291,10
13427,1994,332,5,19940420,110,10
13427,1994,332,6,19940423,113,10
13427,1994,332,7,19940429,119,10
13427,1994,340,29,19940716,197,10
13427,1994,340,5,19940419,109,10
13427,1994,340,6,19940423,113,10
13427,1994,340,7,19940429,119,10
13427,1994,350,29,19940704,185,10
13427,1994,350,3,19940326,85,10
13427,1994,350,4,19940409,99,10
13427,1994,350,5,19940423,113,10
13427,1994,360,29,19940630,181,10
13427,1994,360,5,19940421,111,10
13427,1995,101,5,19950803,215,10
13427,1995,102,5,19950415,105,10
13427,1995,103,3,19950416,106,10
13427,1995,103,32,19951022,295,10
13427,1995,103,4,19950423,113,10
13427,1995,103,5,19950523,143,10
13427,1995,103,62,19950812,224,10
13427,1995,104,4,19950516,136,10
13427,1995,104,5,19950427,117,10
13427,1995,105,61,19950421,111,10
13427,1995,105,63,19951028,301,10
13427,1995,105,64,19951119,323,10
13427,1995,107,8,19950511,131,10
13427,1995,108,5,19950507,127,10
13427,1995,109,5,19950330,89,10
13427,1995,112,3,19950415,105,10
13427,1995,112,31,19951014,287,10
13427,1995,112,32,19951106,310,10
13427,1995,112,4,19950423,113,10
13427,1995,112,5,19950502,122,10
13427,1995,113,5,19950204,35,10
13427,1995,114,5,19950820,232,10
13427,1995,116,5,19950323,82,10
13427,1995,117,5,19950531,151,10
13427,1995,117,62,19950821,233,10
13427,1995,118,5,19950520,140,10
13427,1995,118,8,19950514,134,10
13427,1995,120,5,19950423,113,10
13427,1995,121,5,19950609,160,10
13427,1995,122,3,19950421,111,10
13427,1995,122,31,19951027,300,10
13427,1995,122,32,19951112,316,10
13427,1995,122,4,19950426,116,10
13427,1995,122,5,19950511,131,10
13427,1995,122,62,19951017,290,10
13427,1995,123,31,19951018,291,10
13427,1995,123,32,19951104,308,10
13427,1995,123,4,19950426,116,10
13427,1995,124,5,19950412,102,10
13427,1995,125,5,19950421,111,10
13427,1995,127,5,19950212,43,10
13427,1995,128,4,19950503,123,10
13427,1995,128,5,19950330,89,10
13427,1995,129,5,19950604,155,10
13427,1995,129,62,19950827,239,10
13427,1995,130,5,19950702,183,10
13427,1995,131,5,19950518,138,10
13427,1995,132,31,19951024,297,10
13427,1995,132,4,19950503,123,10
13427,1995,132,62,19951008,281,10
13427,1995,135,5,19950528,148,10
13427,1995,135,6,19950603,154,10
13427,1995,136,6,19950603,154,10
13427,1995,138,5,19950507,127,10
13427,1995,138,62,19950902,245,10
13427,1995,201,1,19950414,104,10
13427,1995,201,25,19950528,148,10
13427,1995,202,10,19951010,283,10
13427,1995,202,12,19951028,301,10
13427,1995,202,15,19950516,136,10
13427,1995,202,18,19950529,149,10
13427,1995,202,19,19950711,192,10
13427,1995,202,21,19950717,198,10
13427,1995,202,24,19950729,210,10
13427,1995,203,10,19950912,255,10
13427,1995,203,12,19950927,270,10
13427,1995,203,15,19950513,133,10
13427,1995,203,18,19950524,144,10
13427,1995,203,21,19950715,196,10
13427,1995,203,24,19950817,229,10
13427,1995,203,5,19950622,173,10
13427,1995,203,6,19950627,178,10
13427,1995,204,10,19950915,258,10
13427,1995,204,12,19950929,272,10
13427,1995,204,15,19950508,128,10
13427,1995,204,18,19950523,143,10
13427,1995,204,21,19950702,183,10
13427,1995,204,24,19950717,198,10
13427,1995,205,10,19950815,227,10
13427,1995,205,12,19950829,241,10
13427,1995,205,17,19950415,105,10
13427,1995,205,22,19950719,200,10
13427,1995,205,24,19950728,209,10
13427,1995,205,5,19950424,114,10
13427,1995,205,67,19950327,86,10
13427,1995,215,10,19950421,111,10
13427,1995,215,12,19950506,126,10
13427,1995,215,19,19950829,241,10
13427,1995,215,24,19951008,281,10
13427,1995,215,5,19950804,216,10
13427,1995,215,65,19950725,206,10
13427,1995,215,67,19950528,148,10
13427,1995,252,10,19950423,113,10
13427,1995,252,12,19950502,122,10
13427,1995,252,13,19950701,182,10
13427,1995,252,24,19951016,289,10
13427,1995,311,29,19950809,221,10
13427,1995,311,3,19950422,112,10
13427,1995,311,32,19951024,297,10
13427,1995,311,5,19950427,117,10
13427,1995,311,6,19950505,125,10
13427,1995,311,7,19950513,133,10
13427,1995,313,29,19951016,289,10
13427,1995,313,3,19950426,116,10
13427,1995,313,32,19951106,310,10
13427,1995,313,5,19950501,121,10
13427,1995,313,6,19950506,126,10
13427,1995,313,7,19950515,135,10
13427,1995,321,29,19950826,238,10
13427,1995,321,5,19950428,118,10
13427,1995,321,6,19950506,126,10
13427,1995,321,7,19950514,134,10
13427,1995,332,29,19950704,185,10
13427,1995,332,31,19951014,287,10
13427,1995,332,5,19950426,116,10
13427,1995,332,6,19950502,122,10
13427,1995,332,7,19950509,129,10
13427,1995,340,29,19950726,207,10
13427,1995,340,5,19950427,117,10
13427,1995,340,6,19950504,124,10
13427,1995,340,7,19950513,133,10
13427,1995,350,29,19950714,195,10
13427,1995,350,3,19950321,80,10
13427,1995,350,4,19950401,91,10
13427,1995,350,5,19950408,98,10
13427,1995,360,29,19950711,192,10
13427,1995,360,5,19950410,100,10
13427,1996,101,5,19960816,228,10
13427,1996,102,5,19960420,110,10
13427,1996,103,3,19960426,116,10
13427,1996,103,32,19961016,289,10
13427,1996,103,4,19960502,122,10
13427,1996,103,5,19960524,144,10
13427,1996,103,62,19960803,215,10
13427,1996,104,4,19960513,133,10
13427,1996,104,5,19960428,118,10
13427,1996,105,61,19960428,118,10
13427,1996,105,63,19961018,291,10
13427,1996,105,64,19961107,311,10
13427,1996,107,8,19960512,132,10
13427,1996,108,5,19960519,139,10
13427,1996,109,5,19960417,107,10
13427,1996,112,3,19960422,112,10
13427,1996,112,31,19961012,285,10
13427,1996,112,32,19961021,294,10
13427,1996,112,4,19960426,116,10
13427,1996,112,5,19960429,119,10
13427,1996,113,5,19960318,77,10
13427,1996,114,5,19960817,229,10
13427,1996,116,5,19960407,97,10
13427,1996,117,5,19960617,168,10
13427,1996,117,62,19960901,244,10
13427,1996,118,5,19960526,146,10
13427,1996,118,8,19960514,134,10
13427,1996,120,5,19960425,115,10
13427,1996,121,5,19960614,165,10
13427,1996,122,3,19960422,112,10
13427,1996,122,31,19961019,292,10
13427,1996,122,32,19961030,303,10
13427,1996,122,4,19960429,119,10
13427,1996,122,5,19960521,141,10
13427,1996,122,62,19961013,286,10
13427,1996,123,31,19961012,285,10
13427,1996,123,32,19961029,302,10
13427,1996,123,4,19960425,115,10
13427,1996,124,5,19960423,113,10
13427,1996,125,5,19960427,117,10
13427,1996,127,5,19960411,101,10
13427,1996,128,4,19960510,130,10
13427,1996,128,5,19960418,108,10
13427,1996,129,5,19960523,143,10
13427,1996,129,62,19960814,226,10
13427,1996,130,5,19960623,174,10
13427,1996,131,5,19960524,144,10
13427,1996,132,31,19961023,296,10
13427,1996,132,32,19961027,300,10
13427,1996,132,4,19960503,123,10
13427,1996,132,62,19961013,286,10
13427,1996,135,5,19960607,158,10
13427,1996,135,6,19960615,166,10
13427,1996,136,6,19960611,162,10
13427,1996,138,5,19960508,128,10
13427,1996,138,62,19960912,255,10
13427,1996,201,1,19960419,109,10
13427,1996,201,25,19960611,162,10
13427,1996,202,10,19961101,305,10
13427,1996,202,12,19961115,319,10
13427,1996,202,15,19960601,152,10
13427,1996,202,18,19960609,160,10
13427,1996,202,19,19960726,207,10
13427,1996,202,21,19960804,216,10
13427,1996,202,24,19960821,233,10
13427,1996,203,10,19960920,263,10
13427,1996,203,12,19961103,307,10
13427,1996,203,15,19960530,150,10
13427,1996,203,18,19960608,159,10
13427,1996,203,21,19960703,184,10
13427,1996,203,24,19960821,233,10
13427,1996,203,5,19960617,168,10
13427,1996,203,6,19960628,179,10
13427,1996,204,10,19960925,268,10
13427,1996,204,12,19961007,280,10
13427,1996,204,15,19960528,148,10
13427,1996,204,18,19960609,160,10
13427,1996,204,21,19960704,185,10
13427,1996,204,24,19960718,199,10
13427,1996,205,10,19960818,230,10
13427,1996,205,12,19960829,241,10
13427,1996,205,17,19960512,132,10
13427,1996,205,22,19960809,221,10
13427,1996,205,24,19960819,231,10
13427,1996,205,5,19960521,141,10
13427,1996,205,67,19960422,112,10
13427,1996,208,10,19960310,69,10
13427,1996,208,12,19960331,90,10
13427,1996,208,15,19960615,166,10
13427,1996,208,19,19960810,222,10
13427,1996,208,21,19960828,240,10
13427,1996,208,24,19960926,269,10
13427,1996,208,66,19960722,203,10
13427,1996,215,10,19960415,105,10
13427,1996,215,12,19960428,118,10
13427,1996,215,24,19961009,282,10
13427,1996,215,5,19960808,220,10
13427,1996,215,65,19960726,207,10
13427,1996,215,67,19960523,143,10
13427,1996,252,10,19960422,112,10
13427,1996,252,12,19960509,129,10
13427,1996,252,13,19960704,185,10
13427,1996,252,24,19961024,297,10
13427,1996,311,29,19960821,233,10
13427,1996,311,3,19960417,107,10
13427,1996,311,32,19961023,296,10
13427,1996,311,5,19960503,123,10
13427,1996,311,6,19960512,132,10
13427,1996,311,7,19960519,139,10
13427,1996,313,29,19961016,289,10
13427,1996,313,3,19960418,108,10
13427,1996,313,32,19961027,300,10
13427,1996,313,5,19960506,126,10
13427,1996,313,6,19960518,138,10
13427,1996,313,7,19960527,147,10
13427,1996,321,29,19960829,241,10
13427,1996,321,5,19960512,132,10
13427,1996,321,6,19960518,138,10
13427,1996,321,7,19960527,147,10
13427,1996,332,29,19960711,192,10
13427,1996,332,31,19961012,285,10
13427,1996,332,5,19960428,118,10
13427,1996,332,6,19960503,123,10
13427,1996,332,7,19960511,131,10
13427,1996,340,29,19960725,206,10
13427,1996,340,5,19960503,123,10
13427,1996,340,6,19960507,127,10
13427,1996,340,7,19960515,135,10
13427,1996,350,29,19960718,199,10
13427,1996,350,3,19960418,108,10
13427,1996,350,4,19960422,112,10
13427,1996,350,5,19960425,115,10
13427,1996,360,29,19960707,188,10
13427,1996,360,5,19960423,113,10
13427,1997,101,5,19970720,201,10
13427,1997,102,5,19970324,83,10
13427,1997,103,3,19970322,81,10
13427,1997,103,32,19971023,296,10
13427,1997,103,4,19970502,122,10
13427,1997,103,5,19970527,147,10
13427,1997,103,62,19970817,229,10
13427,1997,104,4,19970522,142,10
13427,1997,104,5,19970508,128,10
13427,1997,105,61,19970330,89,10
13427,1997,105,63,19971026,299,10
13427,1997,105,64,19971110,314,10
13427,1997,107,8,19970430,120,10
13427,1997,108,5,19970514,134,10
13427,1997,109,5,19970322,81,10
13427,1997,112,3,19970330,89,10
13427,1997,112,31,19971002,275,10
13427,1997,112,32,19971014,287,10
13427,1997,112,4,19970416,106,10
13427,1997,112,5,19970424,114,10
13427,1997,113,5,19970221,52,10
13427,1997,114,5,19970824,236,10
13427,1997,116,5,19970311,70,10
13427,1997,117,5,19970527,147,10
13427,1997,117,62,19970902,245,10
13427,1997,118,5,19970519,139,10
13427,1997,118,8,19970502,122,10
13427,1997,120,5,19970418,108,10
13427,1997,121,5,19970602,153,10
13427,1997,122,3,19970331,90,10
13427,1997,122,31,19971026,299,10
13427,1997,122,32,19971029,302,10
13427,1997,122,4,19970416,106,10
13427,1997,122,5,19970514,134,10
13427,1997,122,62,19971019,292,10
13427,1997,123,31,19971012,285,10
13427,1997,123,32,19971028,301,10
13427,1997,123,4,19970422,112,10
13427,1997,124,5,19970326,85,10
13427,1997,125,5,19970416,106,10
13427,1997,127,5,19970221,52,10
13427,1997,128,4,19970422,112,10
13427,1997,128,5,19970312,71,10
13427,1997,129,5,19970604,155,10
13427,1997,129,62,19970902,245,10
13427,1997,130,5,19970617,168,10
13427,1997,131,5,19970505,125,10
13427,1997,132,31,19971017,290,10
13427,1997,132,32,19971029,302,10
13427,1997,132,4,19970423,113,10
13427,1997,132,62,19971005,278,10
13427,1997,135,5,19970525,145,10
13427,1997,135,6,19970604,155,10
13427,1997,136,6,19970528,148,10
13427,1997,138,5,19970427,117,10
13427,1997,138,62,19970908,251,10
13427,1997,201,1,19970323,82,10
13427,1997,201,25,19970606,157,10
13427,1997,202,10,19971007,280,10
13427,1997,202,12,19971023,296,10
13427,1997,202,15,19970606,157,10
13427,1997,202,18,19970614,165,10
13427,1997,202,19,19970730,211,10
13427,1997,202,21,19970802,214,10
13427,1997,202,24,19970808,220,10
13427,1997,203,10,19970925,268,10
13427,1997,203,12,19971006,279,10
13427,1997,203,15,19970408,98,10
13427,1997,203,18,19970615,166,10
13427,1997,203,21,19970721,202,10
13427,1997,203,24,19970809,221,10
13427,1997,203,5,19970626,177,10
13427,1997,203,6,19970702,183,10
13427,1997,204,10,19970918,261,10
13427,1997,204,12,19970928,271,10
13427,1997,204,15,19970416,106,10
13427,1997,204,18,19970602,153,10
13427,1997,204,21,19970708,189,10
13427,1997,204,24,19970729,210,10
13427,1997,205,10,19970812,224,10
13427,1997,205,12,19970822,234,10
13427,1997,205,14,19970920,263,10
13427,1997,205,17,19970416,106,10
13427,1997,205,22,19970723,204,10
13427,1997,205,24,19970806,218,10
13427,1997,205,5,19970424,114,10
13427,1997,205,67,19970323,82,10
13427,1997,208,10,19970310,69,10
13427,1997,208,12,19970328,87,10
13427,1997,208,15,19970517,137,10
13427,1997,208,19,19970804,216,10
13427,1997,208,21,19970809,221,10
13427,1997,208,24,19970831,243,10
13427,1997,208,66,19970619,170,10
13427,1997,215,10,19970418,108,10
13427,1997,215,12,19970503,123,10
13427,1997,215,24,19970930,273,10
13427,1997,215,5,19970801,213,10
13427,1997,215,65,19970723,204,10
13427,1997,215,67,19970529,149,10
13427,1997,252,10,19970416,106,10
13427,1997,252,12,19970502,122,10
13427,1997,252,13,19970626,177,10
13427,1997,252,24,19971002,275,10
13427,1997,311,29,19970823,235,10
13427,1997,311,3,19970402,92,10
13427,1997,311,32,19971021,294,10
13427,1997,311,5,19970426,116,10
13427,1997,311,6,19970502,122,10
13427,1997,311,7,19970509,129,10
13427,1997,313,29,19971012,285,10
13427,1997,313,3,19970402,92,10
13427,1997,313,32,19971024,297,10
13427,1997,313,5,19970502,122,10
13427,1997,313,6,19970510,130,10
13427,1997,313,7,19970517,137,10
13427,1997,321,29,19970823,235,10
13427,1997,321,5,19970502,122,10
13427,1997,321,6,19970511,131,10
13427,1997,321,7,19970518,138,10
13427,1997,332,29,19970714,195,10
13427,1997,332,31,19971019,292,10
13427,1997,332,5,19970418,108,10
13427,1997,332,6,19970423,113,10
13427,1997,332,7,19970502,122,10
13427,1997,340,29,19970803,215,10
13427,1997,340,5,19970422,112,10
13427,1997,340,6,19970427,117,10
13427,1997,340,7,19970505,125,10
13427,1997,350,29,19970714,195,10
13427,1997,350,3,19970307,66,10
13427,1997,350,4,19970322,81,10
13427,1997,350,5,19970402,92,10
13427,1997,360,29,19970711,192,10
13427,1997,360,5,19970406,96,10
13427,1998,101,5,19980813,225,10
13427,1998,102,5,19980321,80,10
13427,1998,103,3,19980329,88,10
13427,1998,103,32,19981017,290,10
13427,1998,103,4,19980411,101,10
13427,1998,103,5,19980508,128,10
13427,1998,103,62,19980723,204,10
13427,1998,104,4,19980511,131,10
13427,1998,104,5,19980421,111,10
13427,1998,105,61,19980408,98,10
13427,1998,105,63,19981020,293,10
13427,1998,105,64,19981108,312,10
13427,1998,107,8,19980509,129,10
13427,1998,108,5,19980430,120,10
13427,1998,109,5,19980311,70,10
13427,1998,112,3,19980326,85,10
13427,1998,112,31,19981011,284,10
13427,1998,112,32,19981019,292,10
13427,1998,112,4,19980421,111,10
13427,1998,112,5,19980426,116,10
13427,1998,113,5,19980213,44,10
13427,1998,114,5,19980815,227,10
13427,1998,116,5,19980329,88,10
13427,1998,117,5,19980524,144,10
13427,1998,117,62,19980820,232,10
13427,1998,118,5,19980514,134,10
13427,1998,118,8,19980510,130,10
13427,1998,120,5,19980405,95,10
13427,1998,121,5,19980528,148,10
13427,1998,122,3,19980330,89,10
13427,1998,122,31,19981019,292,10
13427,1998,122,32,19981024,297,10
13427,1998,122,4,19980421,111,10
13427,1998,122,5,19980507,127,10
13427,1998,122,62,19981012,285,10
13427,1998,123,31,19981011,284,10
13427,1998,123,32,19981026,299,10
13427,1998,123,4,19980423,113,10
13427,1998,124,5,19980321,80,10
13427,1998,125,5,19980408,98,10
13427,1998,127,5,19980214,45,10
13427,1998,128,4,19980423,113,10
13427,1998,128,5,19980321,80,10
13427,1998,129,5,19980526,146,10
13427,1998,129,62,19980819,231,10
13427,1998,130,5,19980611,162,10
13427,1998,131,5,19980502,122,10
13427,1998,132,31,19981021,294,10
13427,1998,132,32,19981108,312,10
13427,1998,132,4,19980428,118,10
13427,1998,132,62,19981019,292,10
13427,1998,135,5,19980521,141,10
13427,1998,135,6,19980527,147,10
13427,1998,136,6,19980528,148,10
13427,1998,138,5,19980421,111,10
13427,1998,138,62,19980824,236,10
13427,1998,201,1,19980311,70,10
13427,1998,201,25,19980523,143,10
13427,1998,202,10,19980928,271,10
13427,1998,202,12,19981010,283,10
13427,1998,202,15,19980517,137,10
13427,1998,202,18,19980524,144,10
13427,1998,202,19,19980714,195,10
13427,1998,202,21,19980729,210,10
13427,1998,202,24,19980806,218,10
13427,1998,203,10,19980915,258,10
13427,1998,203,12,19980927,270,10
13427,1998,203,15,19980519,139,10
13427,1998,203,18,19980528,148,10
13427,1998,203,21,19980722,203,10
13427,1998,203,24,19980807,219,10
13427,1998,203,5,19980622,173,10
13427,1998,203,6,19980628,179,10
13427,1998,204,10,19980923,266,10
13427,1998,204,12,19981002,275,10
13427,1998,204,15,19980512,132,10
13427,1998,204,18,19980520,140,10
13427,1998,204,21,19980623,174,10
13427,1998,204,24,19980720,201,10
13427,1998,205,10,19980815,227,10
13427,1998,205,12,19980822,234,10
13427,1998,205,14,19980916,259,10
13427,1998,205,17,19980408,98,10
13427,1998,205,22,19980703,184,10
13427,1998,205,24,19980725,206,10
13427,1998,205,5,19980418,108,10
13427,1998,205,67,19980325,84,10
13427,1998,208,10,19980315,74,10
13427,1998,208,12,19980329,88,10
13427,1998,208,15,19980522,142,10
13427,1998,208,19,19980720,201,10
13427,1998,208,21,19980729,210,10
13427,1998,208,24,19980811,223,10
13427,1998,215,10,19980422,112,10
13427,1998,215,12,19980429,119,10
13427,1998,215,24,19981009,282,10
13427,1998,215,5,19980719,200,10
13427,1998,215,65,19980702,183,10
13427,1998,215,67,19980604,155,10
13427,1998,252,10,19980415,105,10
13427,1998,252,12,19980429,119,10
13427,1998,252,13,19980615,166,10
13427,1998,252,24,19981009,282,10
13427,1998,311,29,19980809,221,10
13427,1998,311,3,19980330,89,10
13427,1998,311,32,19981013,286,10
13427,1998,311,5,19980415,105,10
13427,1998,311,6,19980422,112,10
13427,1998,311,7,19980429,119,10
13427,1998,313,29,19980919,262,10
13427,1998,313,3,19980402,92,10
13427,1998,313,32,19981027,300,10
13427,1998,313,5,19980420,110,10
13427,1998,313,6,19980429,119,10
13427,1998,313,7,19980508,128,10
13427,1998,321,29,19980817,229,10
13427,1998,321,5,19980410,100,10
13427,1998,321,6,19980421,111,10
13427,1998,321,7,19980502,122,10
13427,1998,332,29,19980702,183,10
13427,1998,332,31,19981014,287,10
13427,1998,332,5,19980408,98,10
13427,1998,332,6,19980416,106,10
13427,1998,332,7,19980430,120,10
13427,1998,340,29,19980709,190,10
13427,1998,340,5,19980409,99,10
13427,1998,340,6,19980420,110,10
13427,1998,340,7,19980502,122,10
13427,1998,350,29,19980701,182,10
13427,1998,350,3,19980310,69,10
13427,1998,350,4,19980321,80,10
13427,1998,350,5,19980402,92,10
13427,1998,360,5,19980421,111,10
13427,1999,101,5,19990807,219,10
13427,1999,102,5,19990325,84,10
13427,1999,103,3,19990401,91,10
13427,1999,103,32,19991027,300,10
13427,1999,103,4,19990420,110,10
13427,1999,103,5,19990518,138,10
13427,1999,103,62,19990729,210,10
13427,1999,104,4,19990430,120,10
13427,1999,104,5,19990421,111,10
13427,1999,105,61,19990412,102,10
13427,1999,105,63,19991027,300,10
13427,1999,105,64,19991112,316,10
13427,1999,107,8,19990419,109,10
13427,1999,108,5,19990506,126,10
13427,1999,109,5,19990318,77,10
13427,1999,112,3,19990330,89,10
13427,1999,112,31,19991018,291,10
13427,1999,112,32,19991102,306,10
13427,1999,112,4,19990408,98,10
13427,1999,112,5,19990430,120,10
13427,1999,113,5,19990119,19,10
13427,1999,114,5,19990819,231,10
13427,1999,116,5,19990319,78,10
13427,1999,117,5,19990528,148,10
13427,1999,117,62,19990824,236,10
13427,1999,118,5,19990517,137,10
13427,1999,118,8,19990503,123,10
13427,1999,120,5,19990409,99,10
13427,1999,121,5,19990526,146,10
13427,1999,122,3,19990412,102,10
13427,1999,122,31,19991023,296,10
13427,1999,122,32,19991103,307,10
13427,1999,122,4,19990423,113,10
13427,1999,122,5,19990508,128,10
13427,1999,122,62,19991009,282,10
13427,1999,123,31,19991022,295,10
13427,1999,123,32,19991104,308,10
13427,1999,123,4,19990424,114,10
13427,1999,124,5,19990329,88,10
13427,1999,125,5,19990409,99,10
13427,1999,127,5,19990126,26,10
13427,1999,128,4,19990426,116,10
13427,1999,128,5,19990318,77,10
13427,1999,129,5,19990529,149,10
13427,1999,129,62,19990826,238,10
13427,1999,130,5,19990610,161,10
13427,1999,131,5,19990419,109,10
13427,1999,132,31,19991029,302,10
13427,1999,132,32,19991101,305,10
13427,1999,132,4,19990430,120,10
13427,1999,135,5,19990517,137,10
13427,1999,135,6,19990526,146,10
13427,1999,136,6,19990526,146,10
13427,1999,138,5,19990426,116,10
13427,1999,138,62,19990902,245,10
13427,1999,201,1,19990324,83,10
13427,1999,201,25,19990520,140,10
13427,1999,202,10,19990921,264,10
13427,1999,202,12,19991005,278,10
13427,1999,202,15,19990515,135,10
13427,1999,202,18,19990523,143,10
13427,1999,202,19,19990717,198,10
13427,1999,202,21,19990724,205,10
13427,1999,202,24,19990802,214,10
13427,1999,203,10,19990929,272,10
13427,1999,203,12,19991012,285,10
13427,1999,203,15,19990417,107,10
13427,1999,203,18,19990529,149,10
13427,1999,203,21,19990711,192,10
13427,1999,203,24,19990810,222,10
13427,1999,203,5,19990619,170,10
13427,1999,203,6,19990626,177,10
13427,1999,204,10,19990930,273,10
13427,1999,204,12,19991011,284,10
13427,1999,204,15,19990514,134,10
13427,1999,204,18,19990523,143,10
13427,1999,204,21,19990619,170,10
13427,1999,204,24,19990717,198,10
13427,1999,205,10,19990824,236,10
13427,1999,205,12,19990904,247,10
13427,1999,205,14,19990924,267,10
13427,1999,205,17,19990426,116,10
13427,1999,205,22,19990708,189,10
13427,1999,205,24,19990802,214,10
13427,1999,205,5,19990502,122,10
13427,1999,205,67,19990421,111,10
13427,1999,208,10,19990311,70,10
13427,1999,208,12,19990402,92,10
13427,1999,208,15,19990525,145,10
13427,1999,208,19,19990727,208,10
13427,1999,208,21,19990821,233,10
13427,1999,208,24,19990826,238,10
13427,1999,208,66,19990611,162,10
13427,1999,215,10,19990426,116,10
13427,1999,215,12,19990512,132,10
13427,1999,215,24,19991013,286,10
13427,1999,215,5,19990723,204,10
13427,1999,215,65,19990715,196,10
13427,1999,215,67,19990619,170,10
13427,1999,250,10,19990422,112,10
13427,1999,250,12,19990507,127,10
13427,1999,250,13,19990622,173,10
13427,1999,250,24,19991022,295,10
13427,1999,311,29,19990810,222,10
13427,1999,311,3,19990401,91,10
13427,1999,311,32,19991021,294,10
13427,1999,311,5,19990421,111,10
13427,1999,311,6,19990425,115,10
13427,1999,311,7,19990503,123,10
13427,1999,313,29,19991009,282,10
13427,1999,313,3,19990410,100,10
13427,1999,313,32,19991023,296,10
13427,1999,313,5,19990424,114,10
13427,1999,313,6,19990503,123,10
13427,1999,313,7,19990509,129,10
13427,1999,321,29,19990820,232,10
13427,1999,321,5,19990427,117,10
13427,1999,321,6,19990506,126,10
13427,1999,321,7,19990517,137,10
13427,1999,332,29,19990628,179,10
13427,1999,332,31,19991019,292,10
13427,1999,332,5,19990412,102,10
13427,1999,332,6,19990422,112,10
13427,1999,332,7,19990503,123,10
13427,1999,340,29,19990722,203,10
13427,1999,340,5,19990413,103,10
13427,1999,340,6,19990422,112,10
13427,1999,340,7,19990508,128,10
13427,1999,350,29,19990707,188,10
13427,1999,350,3,19990318,77,10
13427,1999,350,4,19990327,86,10
13427,1999,350,5,19990407,97,10
13427,1999,360,29,19990622,173,10
13427,1999,360,5,19990410,100,10
13427,2000,101,5,20000726,207,10
13427,2000,102,5,20000323,82,10
13427,2000,103,3,20000413,103,10
13427,2000,103,32,20001014,287,10
13427,2000,103,4,20000424,114,10
13427,2000,103,5,20000515,135,10
13427,2000,103,62,20000814,226,10
13427,2000,104,4,20000425,115,10
13427,2000,104,5,20000507,127,10
13427,2000,105,61,20000413,103,10
13427,2000,105,63,20001028,301,10
13427,2000,105,64,20001103,307,10
13427,2000,107,8,20000421,111,10
13427,2000,108,5,20000430,120,10
13427,2000,109,5,20000319,78,10
13427,2000,112,3,20000408,98,10
13427,2000,112,31,20001029,302,10
13427,2000,112,32,20001107,311,10
13427,2000,112,4,20000419,109,10
13427,2000,112,5,20000429,119,10
13427,2000,113,5,20000213,44,10
13427,2000,114,5,20000812,224,10
13427,2000,116,5,20000320,79,10
13427,2000,117,5,20000519,139,10
13427,2000,117,62,20000816,228,10
13427,2000,118,5,20000503,123,10
13427,2000,118,8,20000427,117,10
13427,2000,120,5,20000414,104,10
13427,2000,122,3,20000409,99,10
13427,2000,122,32,20001113,317,10
13427,2000,122,4,20000420,110,10
13427,2000,122,5,20000427,117,10
13427,2000,122,62,20001008,281,10
13427,2000,123,31,20001102,306,10
13427,2000,123,32,20001114,318,10
13427,2000,123,4,20000421,111,10
13427,2000,124,5,20000408,98,10
13427,2000,125,5,20000413,103,10
13427,2000,127,5,20000222,53,10
13427,2000,128,4,20000409,99,10
13427,2000,128,5,20000321,80,10
13427,2000,129,5,20000515,135,10
13427,2000,129,62,20000817,229,10
13427,2000,130,5,20000623,174,10
13427,2000,131,5,20000509,129,10
13427,2000,132,31,20001104,308,10
13427,2000,132,32,20001111,315,10
13427,2000,132,4,20000421,111,10
13427,2000,132,62,20001008,281,10
13427,2000,135,5,20000513,133,10
13427,2000,135,6,20000518,138,10
13427,2000,136,6,20000516,136,10
13427,2000,138,5,20000422,112,10
13427,2000,138,62,20000819,231,10
13427,2000,201,1,20000324,83,10
13427,2000,201,25,20000511,131,10
13427,2000,202,10,20001001,274,10
13427,2000,202,12,20001013,286,10
13427,2000,202,15,20000504,124,10
13427,2000,202,18,20000518,138,10
13427,2000,202,19,20000625,176,10
13427,2000,202,21,20000726,207,10
13427,2000,202,24,20000814,226,10
13427,2000,203,15,20000508,128,10
13427,2000,203,18,20000514,134,10
13427,2000,203,21,20000708,189,10
13427,2000,203,24,20000801,213,10
13427,2000,203,5,20000618,169,10
13427,2000,203,6,20000624,175,10
13427,2000,204,10,20000915,258,10
13427,2000,204,12,20000927,270,10
13427,2000,204,15,20000505,125,10
13427,2000,204,18,20000511,131,10
13427,2000,204,21,20000626,177,10
13427,2000,204,24,20000713,194,10
13427,2000,205,10,20000820,232,10
13427,2000,205,12,20000828,240,10
13427,2000,205,17,20000423,113,10
13427,2000,205,22,20000704,185,10
13427,2000,205,24,20000731,212,10
13427,2000,205,5,20000426,116,10
13427,2000,205,67,20000416,106,10
13427,2000,215,10,20000421,111,10
13427,2000,215,12,20000511,131,10
13427,2000,215,24,20001009,282,10
13427,2000,215,5,20000720,201,10
13427,2000,215,65,20000706,187,10
13427,2000,215,67,20000613,164,10
13427,2000,252,10,20000420,110,10
13427,2000,252,12,20000503,123,10
13427,2000,252,13,20000619,170,10
13427,2000,252,24,20001106,310,10
13427,2000,311,29,20000805,217,10
13427,2000,311,3,20000417,107,10
13427,2000,311,32,20001017,290,10
13427,2000,311,5,20000428,118,10
13427,2000,311,6,20000501,121,10
13427,2000,311,7,20000507,127,10
13427,2000,313,29,20001009,282,10
13427,2000,313,3,20000423,113,10
13427,2000,313,32,20001029,302,10
13427,2000,313,5,20000501,121,10
13427,2000,313,6,20000506,126,10
13427,2000,313,7,20000511,131,10
13427,2000,321,29,20000822,234,10
13427,2000,321,5,20000426,116,10
13427,2000,321,6,20000429,119,10
13427,2000,321,7,20000509,129,10
13427,2000,332,29,20000630,181,10
13427,2000,332,31,20001018,291,10
13427,2000,332,5,20000420,110,10
13427,2000,332,6,20000423,113,10
13427,2000,332,7,20000429,119,10
13427,2000,340,29,20000716,197,10
13427,2000,340,5,20000419,109,10
13427,2000,340,6,20000423,113,10
13427,2000,340,7,20000429,119,10
13427,2000,350,29,20000704,185,10
13427,2000,350,3,20000321,80,10
13427,2000,350,4,20000328,87,10
13427,2000,350,5,20000414,104,10
13427,2000,360,29,20000620,171,10
13427,2000,360,5,20000421,111,10
13427,2001,101,5,20010802,214,10
13427,2001,102,5,20010327,86,10
13427,2001,103,3,20010413,103,10
13427,2001,103,32,20011029,302,10
13427,2001,103,4,20010502,122,10
13427,2001,103,5,20010521,141,10
13427,2001,103,62,20010723,204,10
13427,2001,104,4,20010514,134,10
13427,2001,104,5,20010504,124,10
13427,2001,105,61,20010417,107,10
13427,2001,105,63,20011028,301,10
13427,2001,105,64,20011112,316,10
13427,2001,107,8,20010515,135,10
13427,2001,108,5,20010512,132,10
13427,2001,109,5,20010327,86,10
13427,2001,112,3,20010412,102,10
13427,2001,112,31,20011020,293,10
13427,2001,112,32,20011028,301,10
13427,2001,112,4,20010425,115,10
13427,2001,112,5,20010502,122,10
13427,2001,113,5,20010120,20,10
13427,2001,114,5,20010810,222,10
13427,2001,116,5,20010403,93,10
13427,2001,117,5,20010531,151,10
13427,2001,117,62,20010821,233,10
13427,2001,118,5,20010524,144,10
13427,2001,118,8,20010514,134,10
13427,2001,120,5,20010418,108,10
13427,2001,121,5,20010528,148,10
13427,2001,122,3,20010425,115,10
13427,2001,122,31,20011022,295,10
13427,2001,122,32,20011104,308,10
13427,2001,122,4,20010430,120,10
13427,2001,122,5,20010512,132,10
13427,2001,122,62,20011019,292,10
13427,2001,123,31,20011021,294,10
13427,2001,123,32,20011023,296,10
13427,2001,123,4,20010502,122,10
13427,2001,124,5,20010323,82,10
13427,2001,125,5,20010423,113,10
13427,2001,127,5,20010123,23,10
13427,2001,128,4,20010517,137,10
13427,2001,128,5,20010331,90,10
13427,2001,129,5,20010529,149,10
13427,2001,129,62,20010824,236,10
13427,2001,130,5,20010621,172,10
13427,2001,131,5,20010503,123,10
13427,2001,132,31,20011021,294,10
13427,2001,132,32,20011029,302,10
13427,2001,132,4,20010503,123,10
13427,2001,132,62,20011011,284,10
13427,2001,135,5,20010527,147,10
13427,2001,136,6,20010528,148,10
13427,2001,138,5,20010506,126,10
13427,2001,138,62,20010827,239,10
13427,2001,201,1,20010324,83,10
13427,2001,201,25,20010520,140,10
13427,2001,202,10,20011020,293,10
13427,2001,202,12,20011030,303,10
13427,2001,202,15,20010523,143,10
13427,2001,202,18,20010612,163,10
13427,2001,202,19,20010701,182,10
13427,2001,202,21,20010726,207,10
13427,2001,202,24,20010808,220,10
13427,2001,204,10,20010918,261,10
13427,2001,204,12,20010930,273,10
13427,2001,204,15,20010520,140,10
13427,2001,204,18,20010526,146,10
13427,2001,204,21,20010622,173,10
13427,2001,204,24,20010714,195,10
13427,2001,205,10,20010815,227,10
13427,2001,205,12,20010823,235,10
13427,2001,205,17,20010405,95,10
13427,2001,205,22,20010719,200,10
13427,2001,205,24,20010729,210,10
13427,2001,205,5,20010503,123,10
13427,2001,205,67,20010323,82,10
13427,2001,208,10,20010327,86,10
13427,2001,208,12,20010412,102,10
13427,2001,208,15,20010611,162,10
13427,2001,208,19,20010723,204,10
13427,2001,208,21,20010804,216,10
13427,2001,208,24,20010821,233,10
13427,2001,208,66,20010621,172,10
13427,2001,215,10,20010426,116,10
13427,2001,215,12,20010515,135,10
13427,2001,215,24,20011019,292,10
13427,2001,215,5,20010724,205,10
13427,2001,215,65,20010714,195,10
13427,2001,215,67,20010621,172,10
13427,2001,253,10,20010427,117,10
13427,2001,253,12,20010512,132,10
13427,2001,253,13,20010622,173,10
13427,2001,253,24,20011022,295,10
13427,2001,311,29,20010818,230,10
13427,2001,311,3,20010423,113,10
13427,2001,311,32,20011029,302,10
13427,2001,311,5,20010430,120,10
13427,2001,311,6,20010503,123,10
13427,2001,311,7,20010513,133,10
13427,2001,313,29,20011012,285,10
13427,2001,313,3,20010426,116,10
13427,2001,313,5,20010505,125,10
13427,2001,313,6,20010512,132,10
13427,2001,313,7,20010520,140,10
13427,2001,321,29,20010821,233,10
13427,2001,321,5,20010503,123,10
13427,2001,321,6,20010508,128,10
13427,2001,321,7,20010512,132,10
13427,2001,332,29,20010710,191,10
13427,2001,332,31,20011018,291,10
13427,2001,332,5,20010430,120,10
13427,2001,332,6,20010508,128,10
13427,2001,332,7,20010519,139,10
13427,2001,340,29,20010722,203,10
13427,2001,340,5,20010505,125,10
13427,2001,340,6,20010511,131,10
13427,2001,340,7,20010518,138,10
13427,2001,350,29,20010629,180,10
13427,2001,350,3,20010320,79,10
13427,2001,350,4,20010327,86,10
13427,2001,350,5,20010413,103,10
13427,2001,360,29,20010624,175,10
13427,2001,360,5,20010414,104,10
13429,1952,102,5,19520408,98,10
13429,1952,104,4,19520501,121,10
13429,1952,105,61,19520415,105,10
13429,1952,107,8,19520501,121,10
13429,1952,108,5,19520502,122,10
13429,1952,112,31,19521002,275,10
13429,1952,112,32,19521021,294,10
13429,1952,112,4,19520415,105,10
13429,1952,112,5,19520509,129,10
13429,1952,113,5,19520320,79,10
13429,1952,114,5,19520731,212,10
13429,1952,115,5,19520916,259,10
13429,1952,118,8,19520502,122,10
13429,1952,120,5,19520417,107,10
13429,1952,122,31,19520930,273,10
13429,1952,122,32,19521015,288,10
13429,1952,122,4,19520424,114,10
13429,1952,122,5,19520503,123,10
13429,1952,122,62,19520922,265,10
13429,1952,123,31,19520917,260,10
13429,1952,123,32,19521004,277,10
13429,1952,123,4,19520428,118,10
13429,1952,123,62,19520919,262,10
13429,1952,125,5,19520416,106,10
13429,1952,127,5,19520229,59,10
13429,1952,129,5,19520531,151,10
13429,1952,129,62,19520904,247,10
13429,1952,130,5,19520619,170,10
13429,1952,132,31,19521006,279,10
13429,1952,132,32,19521014,287,10
13429,1952,132,4,19520504,124,10
13429,1952,132,62,19521003,276,10
13429,1952,135,6,19520531,151,10
13429,1952,136,6,19520602,153,10
13429,1952,137,5,19520628,179,10
13429,1952,201,25,19520610,161,10
13429,1952,201,27,19520826,238,10
13429,1952,202,15,19520607,158,10
13429,1952,202,18,19520704,185,10
13429,1952,202,23,19520811,223,10
13429,1952,203,10,19521010,283,10
13429,1952,203,12,19521031,304,10
13429,1952,203,15,19520504,124,10
13429,1952,203,18,19520511,131,10
13429,1952,203,23,19520724,205,10
13429,1952,203,6,19520608,159,10
13429,1952,204,10,19520902,245,10
13429,1952,204,12,19520923,266,10
13429,1952,204,15,19520505,125,10
13429,1952,204,18,19520511,131,10
13429,1952,204,23,19520710,191,10
13429,1952,205,10,19520828,240,10
13429,1952,205,12,19520913,256,10
13429,1952,205,24,19520711,192,10
13429,1952,205,5,19520423,113,10
13429,1952,206,10,19520407,97,10
13429,1952,206,12,19520422,112,10
13429,1952,207,10,19520409,99,10
13429,1952,207,18,19520618,169,10
13429,1952,207,23,19520730,211,10
13429,1952,208,10,19520409,99,10
13429,1952,208,12,19520424,114,10
13429,1952,208,15,19520610,161,10
13429,1952,208,23,19520825,237,10
13429,1952,208,66,19520620,171,10
13429,1952,243,11,19520517,137,10
13429,1952,243,24,19520829,241,10
13429,1952,243,5,19520703,184,10
13429,1952,252,10,19520420,110,10
13429,1952,252,12,19520505,125,10
13429,1952,252,24,19521008,281,10
13429,1952,253,10,19520420,110,10
13429,1952,253,12,19520505,125,10
13429,1952,310,5,19520430,120,10
13429,1952,310,6,19520504,124,10
13429,1952,310,7,19520510,130,10
13429,1952,313,29,19520911,254,10
13429,1952,320,5,19520419,109,10
13429,1952,320,6,19520424,114,10
13429,1952,320,7,19520430,120,10
13429,1952,322,29,19520905,248,10
13429,1952,330,5,19520417,107,10
13429,1952,330,6,19520429,119,10
13429,1952,330,7,19520425,115,10
13429,1952,332,29,19520617,168,10
13429,1952,340,29,19520726,207,10
13429,1952,340,5,19520420,110,10
13429,1952,340,6,19520424,114,10
13429,1952,340,7,19520430,120,10
13429,1952,350,29,19520705,186,10
13429,1952,350,4,19520412,102,10
13429,1952,350,5,19520413,103,10
13429,1952,371,29,19520814,226,10
13429,1953,102,5,19530318,77,10
13429,1953,103,5,19530506,126,10
13429,1953,103,62,19530828,240,10
13429,1953,104,4,19530404,94,10
13429,1953,104,5,19530414,104,10
13429,1953,105,5,19530418,108,10
13429,1953,105,61,19530405,95,10
13429,1953,107,5,19530430,120,10
13429,1953,107,8,19530420,110,10
13429,1953,108,5,19530501,121,10
13429,1953,112,31,19530916,259,10
13429,1953,112,32,19531017,290,10
13429,1953,112,4,19530404,94,10
13429,1953,112,5,19530502,122,10
13429,1953,113,5,19530301,60,10
13429,1953,114,5,19530810,222,10
13429,1953,115,5,19530826,238,10
13429,1953,116,5,19530321,80,10
13429,1953,117,5,19530504,124,10
13429,1953,117,62,19531002,275,10
13429,1953,118,5,19530512,132,10
13429,1953,118,8,19530502,122,10
13429,1953,120,5,19530410,100,10
13429,1953,122,31,19530913,256,10
13429,1953,122,32,19530917,260,10
13429,1953,122,4,19530419,109,10
13429,1953,122,5,19530503,123,10
13429,1953,122,62,19530911,254,10
13429,1953,123,31,19530917,260,10
13429,1953,123,32,19530926,269,10
13429,1953,123,4,19530419,109,10
13429,1953,123,5,19530506,126,10
13429,1953,123,62,19530914,257,10
13429,1953,124,5,19530403,93,10
13429,1953,125,5,19530410,100,10
13429,1953,127,5,19530301,60,10
13429,1953,128,4,19530411,101,10
13429,1953,128,5,19530422,112,10
13429,1953,129,5,19530603,154,10
13429,1953,129,62,19530830,242,10
13429,1953,130,4,19530414,104,10
13429,1953,130,5,19530621,172,10
13429,1953,131,5,19530424,114,10
13429,1953,132,31,19530928,271,10
13429,1953,132,32,19531018,291,10
13429,1953,132,4,19530423,113,10
13429,1953,132,5,19530510,130,10
13429,1953,132,62,19530917,260,10
13429,1953,135,6,19530601,152,10
13429,1953,136,6,19530603,154,10
13429,1953,137,4,19530425,115,10
13429,1953,137,5,19530629,180,10
13429,1953,138,5,19530407,97,10
13429,1953,201,25,19530615,166,10
13429,1953,201,27,19530823,235,10
13429,1953,202,10,19531013,286,10
13429,1953,202,12,19531031,304,10
13429,1953,202,15,19530525,145,10
13429,1953,202,18,19530615,166,10
13429,1953,202,21,19530727,208,10
13429,1953,202,23,19530731,212,10
13429,1953,203,10,19530912,255,10
13429,1953,203,12,19530925,268,10
13429,1953,203,15,19530502,122,10
13429,1953,203,18,19530521,141,10
13429,1953,203,21,19530723,204,10
13429,1953,203,23,19530727,208,10
13429,1953,203,6,19530601,152,10
13429,1953,204,10,19531004,277,10
13429,1953,204,12,19531020,293,10
13429,1953,204,15,19530505,125,10
13429,1953,204,18,19530517,137,10
13429,1953,204,21,19530717,198,10
13429,1953,204,23,19530723,204,10
13429,1953,205,10,19530815,227,10
13429,1953,205,12,19530831,243,10
13429,1953,205,24,19530626,177,10
13429,1953,205,5,19530425,115,10
13429,1953,206,10,19530304,63,10
13429,1953,206,12,19530319,78,10
13429,1953,206,15,19530604,155,10
13429,1953,206,18,19530624,175,10
13429,1953,206,21,19530730,211,10
13429,1953,206,23,19530804,216,10
13429,1953,207,10,19530307,66,10
13429,1953,207,12,19530321,80,10
13429,1953,207,15,19530526,146,10
13429,1953,207,18,19530606,157,10
13429,1953,207,21,19530731,212,10
13429,1953,207,23,19530803,215,10
13429,1953,208,10,19530317,76,10
13429,1953,208,12,19530405,95,10
13429,1953,208,15,19530611,162,10
13429,1953,208,21,19530806,218,10
13429,1953,208,23,19530810,222,10
13429,1953,208,66,19530621,172,10
13429,1953,243,11,19530521,141,10
13429,1953,243,24,19530816,228,10
13429,1953,243,5,19530629,180,10
13429,1953,252,10,19530402,92,10
13429,1953,252,12,19530501,121,10
13429,1953,252,24,19530929,272,10
13429,1953,253,10,19530403,93,10
13429,1953,253,12,19530501,121,10
13429,1953,253,24,19531007,280,10
13429,1953,310,5,19530501,121,10
13429,1953,310,6,19530503,123,10
13429,1953,310,7,19530508,128,10
13429,1953,313,29,19530917,260,10
13429,1953,320,5,19530415,105,10
13429,1953,320,6,19530420,110,10
13429,1953,320,7,19530426,116,10
13429,1953,321,29,19530806,218,10
13429,1953,322,29,19531027,300,10
13429,1953,330,5,19530410,100,10
13429,1953,330,6,19530413,103,10
13429,1953,330,7,19530427,117,10
13429,1953,331,29,19530610,161,10
13429,1953,340,29,19530629,180,10
13429,1953,340,5,19530417,107,10
13429,1953,340,6,19530421,111,10
13429,1953,340,7,19530427,117,10
13429,1953,350,29,19530630,181,10
13429,1953,350,4,19530327,86,10
13429,1953,350,5,19530402,92,10
13429,1953,371,29,19530718,199,10
13429,1953,372,29,19530825,237,10
13429,1954,102,5,19540416,106,10
13429,1954,105,5,19540521,141,10
13429,1954,105,61,19540429,119,10
13429,1954,107,8,19540513,133,10
13429,1954,108,5,19540520,140,10
13429,1954,112,4,19540506,126,10
13429,1954,112,5,19540512,132,10
13429,1954,113,5,19540313,72,10
13429,1954,114,5,19540803,215,10
13429,1954,115,5,19540912,255,10
13429,1954,116,5,19540419,109,10
13429,1954,118,8,19540510,130,10
13429,1954,120,5,19540501,121,10
13429,1954,122,31,19541006,279,10
13429,1954,122,32,19541013,286,10
13429,1954,122,4,19540505,125,10
13429,1954,122,5,19540522,142,10
13429,1954,122,62,19541003,276,10
13429,1954,123,31,19541010,283,10
13429,1954,123,32,19541020,293,10
13429,1954,123,4,19540505,125,10
13429,1954,123,5,19540524,144,10
13429,1954,123,62,19541003,276,10
13429,1954,124,5,19540315,74,10
13429,1954,125,5,19540511,131,10
13429,1954,127,5,19540304,63,10
13429,1954,129,5,19540618,169,10
13429,1954,129,62,19540914,257,10
13429,1954,130,5,19540707,188,10
13429,1954,132,31,19541020,293,10
13429,1954,132,32,19541110,314,10
13429,1954,132,4,19540513,133,10
13429,1954,132,5,19540527,147,10
13429,1954,132,62,19541015,288,10
13429,1954,135,6,19540617,168,10
13429,1954,136,6,19540615,166,10
13429,1954,137,5,19540714,195,10
13429,1954,201,25,19540616,167,10
13429,1954,201,27,19540828,240,10
13429,1954,202,10,19541018,291,10
13429,1954,202,15,19540525,145,10
13429,1954,202,18,19540613,164,10
13429,1954,202,21,19540826,238,10
13429,1954,202,23,19540828,240,10
13429,1954,203,10,19541004,277,10
13429,1954,203,12,19541017,290,10
13429,1954,203,15,19540518,138,10
13429,1954,203,18,19540601,152,10
13429,1954,203,21,19540802,214,10
13429,1954,203,23,19540804,216,10
13429,1954,203,6,19540616,167,10
13429,1954,204,15,19540518,138,10
13429,1954,204,18,19540602,153,10
13429,1954,204,21,19540725,206,10
13429,1954,204,23,19540727,208,10
13429,1954,205,5,19540516,136,10
13429,1954,206,10,19540328,87,10
13429,1954,206,12,19540423,113,10
13429,1954,206,15,19540607,158,10
13429,1954,206,18,19540618,169,10
13429,1954,206,21,19540829,241,10
13429,1954,206,23,19540831,243,10
13429,1954,207,10,19540401,91,10
13429,1954,207,12,19540423,113,10
13429,1954,207,15,19540602,153,10
13429,1954,207,18,19540620,171,10
13429,1954,207,21,19540816,228,10
13429,1954,207,23,19540817,229,10
13429,1954,208,10,19540322,81,10
13429,1954,208,12,19540417,107,10
13429,1954,208,15,19540526,146,10
13429,1954,208,21,19540823,235,10
13429,1954,208,23,19540825,237,10
13429,1954,208,66,19540617,168,10
13429,1954,243,11,19540521,141,10
13429,1954,243,24,19540901,244,10
13429,1954,243,5,19540621,172,10
13429,1954,252,10,19540421,111,10
13429,1954,252,12,19540515,135,10
13429,1954,252,24,19541011,284,10
13429,1954,253,10,19540422,112,10
13429,1954,253,12,19540515,135,10
13429,1954,310,5,19540510,130,10
13429,1954,310,6,19540512,132,10
13429,1954,310,7,19540520,140,10
13429,1954,311,29,19540814,226,10
13429,1954,313,29,19541007,280,10
13429,1954,320,5,19540511,131,10
13429,1954,320,6,19540514,134,10
13429,1954,320,7,19540523,143,10
13429,1954,321,29,19540915,258,10
13429,1954,322,29,19541016,289,10
13429,1954,330,5,19540508,128,10
13429,1954,330,6,19540510,130,10
13429,1954,330,7,19540518,138,10
13429,1954,332,29,19540705,186,10
13429,1954,340,29,19540729,210,10
13429,1954,340,5,19540511,131,10
13429,1954,340,6,19540514,134,10
13429,1954,340,7,19540524,144,10
13429,1954,350,29,19540718,199,10
13429,1954,350,4,19540414,104,10
13429,1954,350,5,19540425,115,10
13429,1954,371,29,19540820,232,10
13429,1954,372,29,19540918,261,10
13429,1955,102,5,19550403,93,10
13429,1955,103,62,19550821,233,10
13429,1955,104,4,19550529,149,10
13429,1955,105,5,19550513,133,10
13429,1955,107,8,19550508,128,10
13429,1955,108,5,19550525,145,10
13429,1955,112,32,19551014,287,10
13429,1955,112,4,19550501,121,10
13429,1955,113,5,19550330,89,10
13429,1955,114,5,19550814,226,10
13429,1955,118,8,19550512,132,10
13429,1955,120,5,19550430,120,10
13429,1955,122,31,19551024,297,10
13429,1955,122,4,19550515,135,10
13429,1955,122,5,19550524,144,10
13429,1955,122,62,19551016,289,10
13429,1955,123,31,19551020,293,10
13429,1955,123,32,19551106,310,10
13429,1955,123,4,19550506,126,10
13429,1955,124,5,19550420,110,10
13429,1955,125,5,19550506,126,10
13429,1955,127,5,19550328,87,10
13429,1955,129,5,19550626,177,10
13429,1955,129,62,19550904,247,10
13429,1955,130,4,19550501,121,10
13429,1955,130,5,19550715,196,10
13429,1955,132,31,19551024,297,10
13429,1955,132,32,19551110,314,10
13429,1955,132,4,19550511,131,10
13429,1955,132,5,19550529,149,10
13429,1955,135,6,19550610,161,10
13429,1955,136,6,19550605,156,10
13429,1955,137,5,19550723,204,10
13429,1955,201,25,19550614,165,10
13429,1955,201,27,19550823,235,10
13429,1955,202,12,19551124,328,10
13429,1955,202,15,19550530,150,10
13429,1955,202,18,19550626,177,10
13429,1955,202,23,19550819,231,10
13429,1955,203,15,19550513,133,10
13429,1955,203,18,19550531,151,10
13429,1955,203,21,19550806,218,10
13429,1955,203,23,19550810,222,10
13429,1955,203,6,19550629,180,10
13429,1955,204,15,19550524,144,10
13429,1955,205,10,19550902,245,10
13429,1955,205,12,19550913,256,10
13429,1955,205,24,19550720,201,10
13429,1955,205,5,19550510,130,10
13429,1955,208,10,19550418,108,10
13429,1955,208,12,19550506,126,10
13429,1955,208,15,19550626,177,10
13429,1955,208,23,19550826,238,10
13429,1955,208,66,19550708,189,10
13429,1955,243,11,19550523,143,10
13429,1955,243,24,19550830,242,10
13429,1955,243,5,19550619,170,10
13429,1955,252,24,19551005,278,10
13429,1955,253,24,19551017,290,10
13429,1955,310,5,19550515,135,10
13429,1955,310,6,19550521,141,10
13429,1955,310,7,19550530,150,10
13429,1955,311,29,19550818,230,10
13429,1955,313,29,19551002,275,10
13429,1955,313,32,19551103,307,10
13429,1955,320,5,19550511,131,10
13429,1955,320,6,19550517,137,10
13429,1955,320,7,19550521,141,10
13429,1955,322,29,19551020,293,10
13429,1955,330,5,19550505,125,10
13429,1955,330,6,19550510,130,10
13429,1955,330,7,19550520,140,10
13429,1955,332,29,19550717,198,10
13429,1955,340,29,19550730,211,10
13429,1955,340,5,19550507,127,10
13429,1955,340,6,19550510,130,10
13429,1955,340,7,19550528,148,10
13429,1955,350,29,19550727,208,10
13429,1955,350,4,19550501,121,10
13429,1955,350,5,19550504,124,10
13429,1955,372,29,19550925,268,10
13429,1956,102,5,19560416,106,10
13429,1956,103,62,19560829,241,10
13429,1956,105,61,19560516,136,10
13429,1956,108,5,19560524,144,10
13429,1956,112,31,19561018,291,10
13429,1956,112,32,19561024,297,10
13429,1956,112,4,19560516,136,10
13429,1956,113,5,19560321,80,10
13429,1956,115,5,19560910,253,10
13429,1956,120,5,19560509,129,10
13429,1956,122,31,19561018,291,10
13429,1956,122,32,19561028,301,10
13429,1956,122,4,19560521,141,10
13429,1956,122,5,19560602,153,10
13429,1956,122,62,19561002,275,10
13429,1956,123,31,19561020,293,10
13429,1956,123,32,19561028,301,10
13429,1956,123,4,19560506,126,10
13429,1956,123,62,19560926,269,10
13429,1956,124,5,19560421,111,10
13429,1956,125,5,19560515,135,10
13429,1956,127,5,19560324,83,10
13429,1956,129,5,19560623,174,10
13429,1956,129,62,19560903,246,10
13429,1956,130,5,19560714,195,10
13429,1956,132,31,19561015,288,10
13429,1956,132,32,19561024,297,10
13429,1956,132,4,19560521,141,10
13429,1956,132,62,19561009,282,10
13429,1956,133,5,19560519,139,10
13429,1956,135,6,19560613,164,10
13429,1956,136,6,19560610,161,10
13429,1956,137,5,19560729,210,10
13429,1956,201,25,19560618,169,10
13429,1956,201,27,19560909,252,10
13429,1956,202,10,19561023,296,10
13429,1956,202,15,19560614,165,10
13429,1956,202,18,19560623,174,10
13429,1956,202,23,19560815,227,10
13429,1956,203,15,19560526,146,10
13429,1956,203,18,19560604,155,10
13429,1956,203,23,19560809,221,10
13429,1956,203,6,19560630,181,10
13429,1956,205,24,19560718,199,10
13429,1956,205,5,19560519,139,10
13429,1956,208,10,19560325,84,10
13429,1956,208,12,19560426,116,10
13429,1956,208,15,19560625,176,10
13429,1956,208,23,19560816,228,10
13429,1956,208,66,19560714,195,10
13429,1956,243,11,19560522,142,10
13429,1956,243,24,19560919,262,10
13429,1956,243,5,19560619,170,10
13429,1956,252,10,19560501,121,10
13429,1956,252,24,19561009,282,10
13429,1956,253,24,19561029,302,10
13429,1956,310,5,19560519,139,10
13429,1956,310,6,19560522,142,10
13429,1956,310,7,19560528,148,10
13429,1956,313,29,19561019,292,10
13429,1956,330,5,19560509,129,10
13429,1956,330,6,19560515,135,10
13429,1956,330,7,19560521,141,10
13429,1956,331,29,19560623,174,10
13429,1956,332,29,19560724,205,10
13429,1956,340,29,19560724,205,10
13429,1956,340,5,19560512,132,10
13429,1956,340,6,19560519,139,10
13429,1956,340,7,19560524,144,10
13429,1956,371,29,19560822,234,10
13429,1956,372,29,19561006,279,10
13429,1957,102,5,19570327,86,10
13429,1957,104,4,19570522,142,10
13429,1957,105,61,19570402,92,10
13429,1957,112,4,19570422,112,10
13429,1957,113,5,19570210,41,10
13429,1957,114,5,19570823,235,10
13429,1957,116,5,19570314,73,10
13429,1957,120,5,19570414,104,10
13429,1957,122,31,19571013,286,10
13429,1957,122,32,19571022,295,10
13429,1957,122,4,19570515,135,10
13429,1957,122,5,19570528,148,10
13429,1957,123,31,19571002,275,10
13429,1957,123,32,19571017,290,10
13429,1957,123,4,19570505,125,10
13429,1957,127,5,19570217,48,10
13429,1957,129,5,19570616,167,10
13429,1957,129,62,19570922,265,10
13429,1957,130,4,19570426,116,10
13429,1957,132,31,19570928,271,10
13429,1957,132,32,19571014,287,10
13429,1957,132,4,19570519,139,10
13429,1957,201,25,19570611,162,10
13429,1957,201,27,19570819,231,10
13429,1957,202,10,19571019,292,10
13429,1957,202,12,19571029,302,10
13429,1957,202,15,19570605,156,10
13429,1957,202,18,19570622,173,10
13429,1957,202,21,19570728,209,10
13429,1957,202,23,19570731,212,10
13429,1957,203,10,19570927,270,10
13429,1957,203,12,19571005,278,10
13429,1957,203,15,19570519,139,10
13429,1957,203,18,19570530,150,10
13429,1957,203,21,19570721,202,10
13429,1957,203,23,19570730,211,10
13429,1957,203,6,19570605,156,10
13429,1957,205,10,19570814,226,10
13429,1957,205,12,19570822,234,10
13429,1957,205,24,19570629,180,10
13429,1957,208,10,19570314,73,10
13429,1957,208,12,19570507,127,10
13429,1957,208,15,19570616,167,10
13429,1957,208,21,19570728,209,10
13429,1957,208,23,19570802,214,10
13429,1957,208,66,19570628,179,10
13429,1957,243,11,19570531,151,10
13429,1957,243,24,19570821,233,10
13429,1957,243,5,19570621,172,10
13429,1957,252,10,19570426,116,10
13429,1957,252,12,19570522,142,10
13429,1957,252,24,19571002,275,10
13429,1957,253,10,19570429,119,10
13429,1957,253,12,19570526,146,10
13429,1957,253,24,19571023,296,10
13429,1957,310,5,19570517,137,10
13429,1957,310,6,19570521,141,10
13429,1957,320,5,19570416,106,10
13429,1957,320,6,19570422,112,10
13429,1957,322,29,19571013,286,10
13429,1957,330,5,19570416,106,10
13429,1957,330,6,19570424,114,10
13429,1957,330,7,19570502,122,10
13429,1957,340,29,19570730,211,10
13429,1957,340,5,19570419,109,10
13429,1957,340,6,19570426,116,10
13429,1957,340,7,19570502,122,10
13429,1957,350,29,19570716,197,10
13429,1957,350,4,19570328,87,10
13429,1957,350,5,19570412,102,10
13429,1958,102,5,19580420,110,10
13429,1958,105,5,19580516,136,10
13429,1958,105,61,19580509,129,10
13429,1958,107,8,19580516,136,10
13429,1958,108,5,19580522,142,10
13429,1958,112,31,19581024,297,10
13429,1958,112,32,19581111,315,10
13429,1958,112,4,19580511,131,10
13429,1958,112,5,19580507,127,10
13429,1958,113,5,19580311,70,10
13429,1958,114,5,19580818,230,10
13429,1958,118,8,19580520,140,10
13429,1958,120,5,19580507,127,10
13429,1958,122,31,19581014,287,10
13429,1958,122,32,19581101,305,10
13429,1958,122,4,19580516,136,10
13429,1958,122,5,19580526,146,10
13429,1958,122,62,19580921,264,10
13429,1958,123,31,19581019,292,10
13429,1958,123,32,19581102,306,10
13429,1958,123,4,19580516,136,10
13429,1958,123,5,19580511,131,10
13429,1958,123,62,19580916,259,10
13429,1958,124,5,19580418,108,10
13429,1958,127,5,19580219,50,10
13429,1958,129,5,19580619,170,10
13429,1958,129,62,19580916,259,10
13429,1958,130,4,19580508,128,10
13429,1958,130,5,19580701,182,10
13429,1958,132,31,19581030,303,10
13429,1958,132,32,19581119,323,10
13429,1958,132,4,19580520,140,10
13429,1958,132,5,19580526,146,10
13429,1958,132,62,19580926,269,10
13429,1958,135,6,19580603,154,10
13429,1958,136,6,19580606,157,10
13429,1958,137,4,19580512,132,10
13429,1958,137,5,19580711,192,10
13429,1958,201,25,19580612,163,10
13429,1958,201,27,19580830,242,10
13429,1958,202,10,19581027,300,10
13429,1958,202,12,19581123,327,10
13429,1958,202,15,19580527,147,10
13429,1958,202,18,19580622,173,10
13429,1958,202,21,19580813,225,10
13429,1958,202,23,19580819,231,10
13429,1958,203,10,19581007,280,10
13429,1958,203,12,19581022,295,10
13429,1958,203,15,19580518,138,10
13429,1958,203,18,19580525,145,10
13429,1958,203,21,19580803,215,10
13429,1958,203,23,19580812,224,10
13429,1958,203,6,19580622,173,10
13429,1958,204,10,19580915,258,10
13429,1958,204,12,19580927,270,10
13429,1958,204,21,19580711,192,10
13429,1958,204,23,19580714,195,10
13429,1958,205,10,19580804,216,10
13429,1958,205,12,19580825,237,10
13429,1958,205,24,19580717,198,10
13429,1958,205,5,19580511,131,10
13429,1958,206,10,19580411,101,10
13429,1958,207,10,19580419,109,10
13429,1958,208,10,19580416,106,10
13429,1958,208,12,19580504,124,10
13429,1958,208,15,19580616,167,10
13429,1958,208,21,19580817,229,10
13429,1958,208,23,19580820,232,10
13429,1958,208,66,19580704,185,10
13429,1958,243,11,19580528,148,10
13429,1958,243,24,19580920,263,10
13429,1958,243,5,19580717,198,10
13429,1958,252,10,19580505,125,10
13429,1958,252,12,19580522,142,10
13429,1958,252,24,19581011,284,10
13429,1958,253,10,19580507,127,10
13429,1958,253,12,19580528,148,10
13429,1958,253,24,19581021,294,10
13429,1958,310,5,19580524,144,10
13429,1958,310,6,19580528,148,10
13429,1958,313,29,19580928,271,10
13429,1958,320,5,19580521,141,10
13429,1958,320,6,19580527,147,10
13429,1958,330,5,19580509,129,10
13429,1958,330,6,19580513,133,10
13429,1958,330,7,19580520,140,10
13429,1958,331,29,19580702,183,10
13429,1958,332,29,19580719,200,10
13429,1958,340,29,19580722,203,10
13429,1958,340,5,19580511,131,10
13429,1958,340,6,19580515,135,10
13429,1958,340,7,19580524,144,10
13429,1958,350,29,19580720,201,10
13429,1958,350,4,19580425,115,10
13429,1958,350,5,19580512,132,10
13429,1958,372,29,19580913,256,10
13429,1959,102,5,19590329,88,10
13429,1959,104,4,19590510,130,10
13429,1959,105,61,19590404,94,10
13429,1959,107,8,19590429,119,10
13429,1959,113,5,19590227,58,10
13429,1959,114,5,19590903,246,10
13429,1959,116,5,19590330,89,10
13429,1959,118,8,19590506,126,10
13429,1959,120,5,19590426,116,10
13429,1959,122,5,19590524,144,10
13429,1959,124,5,19590324,83,10
13429,1959,125,5,19590415,105,10
13429,1959,127,5,19590222,53,10
13429,1959,129,5,19590528,148,10
13429,1959,130,4,19590414,104,10
13429,1959,135,6,19590522,142,10
13429,1959,201,27,19590813,225,10
13429,1959,202,15,19590519,139,10
13429,1959,202,21,19590717,198,10
13429,1959,202,23,19590723,204,10
13429,1959,203,15,19590510,130,10
13429,1959,203,18,19590519,139,10
13429,1959,203,21,19590714,195,10
13429,1959,203,23,19590721,202,10
13429,1959,204,10,19590915,258,10
13429,1959,204,12,19591006,279,10
13429,1959,204,23,19590703,184,10
13429,1959,205,10,19590810,222,10
13429,1959,205,12,19590825,237,10
13429,1959,207,15,19590524,144,10
13429,1959,208,10,19590317,76,10
13429,1959,208,12,19590402,92,10
13429,1959,208,21,19590717,198,10
13429,1959,208,23,19590723,204,10
13429,1959,243,11,19590514,134,10
13429,1959,243,24,19590729,210,10
13429,1959,252,10,19590423,113,10
13429,1959,252,24,19591001,274,10
13429,1959,253,24,19591009,282,10
13429,1959,310,5,19590419,109,10
13429,1959,310,6,19590423,113,10
13429,1959,320,5,19590417,107,10
13429,1959,320,6,19590420,110,10
13429,1959,322,29,19591003,276,10
13429,1959,330,5,19590412,102,10
13429,1959,330,6,19590417,107,10
13429,1959,330,7,19590426,116,10
13429,1959,340,5,19590415,105,10
13429,1959,340,6,19590419,109,10
13429,1959,340,7,19590426,116,10
13429,1959,350,29,19590712,193,10
13429,1959,350,4,19590330,89,10
13429,1959,350,5,19590416,106,10
13429,1970,103,5,19700520,140,10
13429,1970,103,62,19700911,254,10
13429,1970,107,5,19700510,130,10
13429,1970,107,8,19700524,144,10
13429,1970,108,5,19700521,141,10
13429,1970,112,31,19700927,270,10
13429,1970,114,5,19700803,215,10
13429,1970,117,5,19700617,168,10
13429,1970,117,62,19700902,245,10
13429,1970,118,5,19700507,127,10
13429,1970,118,8,19700525,145,10
13429,1970,121,5,19700614,165,10
13429,1970,122,31,19701003,276,10
13429,1970,122,62,19700917,260,10
13429,1970,129,5,19700612,163,10
13429,1970,129,62,19700915,258,10
13429,1970,130,5,19700701,182,10
13429,1970,132,31,19701006,279,10
13429,1970,132,4,19700519,139,10
13429,1970,132,5,19700526,146,10
13429,1970,132,62,19701008,281,10
13429,1970,135,6,19700605,156,10
13429,1970,136,6,19700603,154,10
13429,1970,137,5,19700809,221,10
13429,1970,201,25,19700608,159,10
13429,1970,202,10,19701105,309,10
13429,1970,202,18,19700619,170,10
13429,1970,202,21,19700818,230,10
13429,1970,202,24,19700818,230,10
13429,1970,203,10,19700913,256,10
13429,1970,203,12,19700930,273,10
13429,1970,203,18,19700618,169,10
13429,1970,203,21,19700803,215,10
13429,1970,203,24,19700801,213,10
13429,1970,203,6,19700629,180,10
13429,1970,204,10,19700905,248,10
13429,1970,204,12,19700917,260,10
13429,1970,204,18,19700531,151,10
13429,1970,204,21,19700729,210,10
13429,1970,204,24,19700728,209,10
13429,1970,205,10,19700820,232,10
13429,1970,205,12,19700825,237,10
13429,1970,205,24,19700726,207,10
13429,1970,205,5,19700521,141,10
13429,1970,207,18,19700611,162,10
13429,1970,207,21,19700809,221,10
13429,1970,207,24,19700808,220,10
13429,1970,208,24,19700818,230,10
13429,1970,208,66,19700620,171,10
13429,1970,215,24,19700907,250,10
13429,1970,215,6,19700817,229,10
13429,1970,252,12,19700515,135,10
13429,1970,252,24,19701009,282,10
13429,1970,253,12,19700513,133,10
13429,1970,253,24,19701120,324,10
13429,1970,311,29,19700812,224,10
13429,1970,322,29,19700919,262,10
13429,1970,331,29,19700715,196,10
13429,1970,332,29,19700815,227,10
13429,1970,340,29,19700803,215,10
13429,1970,350,29,19700729,210,10
13429,1970,371,29,19700912,255,10
13429,1970,372,29,19700918,261,10
13429,1971,102,5,19710404,94,10
13429,1971,103,5,19710517,137,10
13429,1971,103,62,19710909,252,10
13429,1971,107,5,19710508,128,10
13429,1971,107,8,19710521,141,10
13429,1971,108,5,19710510,130,10
13429,1971,112,31,19710927,270,10
13429,1971,112,4,19710424,114,10
13429,1971,113,5,19710305,64,10
13429,1971,114,5,19710727,208,10
13429,1971,116,5,19710402,92,10
13429,1971,117,5,19710602,153,10
13429,1971,117,62,19710828,240,10
13429,1971,118,5,19710501,121,10
13429,1971,118,8,19710515,135,10
13429,1971,120,5,19710426,116,10
13429,1971,122,31,19711003,276,10
13429,1971,122,62,19710917,260,10
13429,1971,124,5,19710324,83,10
13429,1971,125,5,19710428,118,10
13429,1971,127,5,19710307,66,10
13429,1971,129,5,19710613,164,10
13429,1971,129,62,19710830,242,10
13429,1971,130,4,19710420,110,10
13429,1971,130,5,19710613,164,10
13429,1971,132,31,19711014,287,10
13429,1971,132,4,19710509,129,10
13429,1971,132,5,19710521,141,10
13429,1971,132,62,19711008,281,10
13429,1971,135,6,19710604,155,10
13429,1971,136,6,19710603,154,10
13429,1971,137,5,19710627,178,10
13429,1971,138,5,19710525,145,10
13429,1971,201,25,19710601,152,10
13429,1971,202,10,19711101,305,10
13429,1971,202,12,19711122,326,10
13429,1971,202,18,19710620,171,10
13429,1971,202,21,19710811,223,10
13429,1971,202,24,19710811,223,10
13429,1971,203,10,19711001,274,10
13429,1971,203,12,19711021,294,10
13429,1971,203,15,19710519,139,10
13429,1971,203,18,19710602,153,10
13429,1971,203,21,19710806,218,10
13429,1971,203,24,19710811,223,10
13429,1971,203,6,19710610,161,10
13429,1971,204,10,19710905,248,10
13429,1971,204,12,19710920,263,10
13429,1971,204,21,19710629,180,10
13429,1971,204,24,19710707,188,10
13429,1971,205,10,19710824,236,10
13429,1971,205,12,19710902,245,10
13429,1971,205,24,19710709,190,10
13429,1971,205,5,19710512,132,10
13429,1971,206,10,19710304,63,10
13429,1971,206,12,19710325,84,10
13429,1971,207,10,19710309,68,10
13429,1971,207,12,19710406,96,10
13429,1971,207,18,19710618,169,10
13429,1971,207,21,19710719,200,10
13429,1971,207,24,19710804,216,10
13429,1971,208,10,19710226,57,10
13429,1971,208,12,19710330,89,10
13429,1971,208,24,19710817,229,10
13429,1971,208,66,19710605,156,10
13429,1971,215,10,19710520,140,10
13429,1971,215,24,19710907,250,10
13429,1971,252,10,19710406,96,10
13429,1971,252,12,19710427,117,10
13429,1971,252,24,19711012,285,10
13429,1971,310,5,19710508,128,10
13429,1971,310,7,19710517,137,10
13429,1971,311,29,19710808,220,10
13429,1971,320,5,19710506,126,10
13429,1971,320,7,19710513,133,10
13429,1971,322,29,19710916,259,10
13429,1971,330,5,19710423,113,10
13429,1971,330,7,19710511,131,10
13429,1971,331,29,19710704,185,10
13429,1971,332,29,19710717,198,10
13429,1971,340,29,19710726,207,10
13429,1971,340,5,19710423,113,10
13429,1971,340,7,19710514,134,10
13429,1971,350,29,19710719,200,10
13429,1971,350,4,19710407,97,10
13429,1971,350,5,19710421,111,10
13429,1971,371,29,19710906,249,10
13429,1971,372,29,19710914,257,10
13429,1972,102,5,19720329,88,10
13429,1972,103,5,19720528,148,10
13429,1972,107,5,19720524,144,10
13429,1972,107,8,19720528,148,10
13429,1972,108,5,19720529,149,10
13429,1972,112,31,19721007,280,10
13429,1972,112,4,19720415,105,10
13429,1972,113,5,19720314,73,10
13429,1972,114,5,19720825,237,10
13429,1972,116,5,19720327,86,10
13429,1972,117,5,19720603,154,10
13429,1972,117,62,19720925,268,10
13429,1972,118,5,19720516,136,10
13429,1972,118,8,19720524,144,10
13429,1972,120,5,19720429,119,10
13429,1972,124,5,19720325,84,10
13429,1972,125,5,19720423,113,10
13429,1972,127,5,19720227,58,10
13429,1972,128,4,19720510,130,10
13429,1972,128,5,19720319,78,10
13429,1972,129,5,19720611,162,10
13429,1972,129,62,19720916,259,10
13429,1972,130,4,19720506,126,10
13429,1972,130,5,19720724,205,10
13429,1972,132,31,19721016,289,10
13429,1972,132,5,19720505,125,10
13429,1972,132,62,19721010,283,10
13429,1972,135,6,19720526,146,10
13429,1972,136,6,19720604,155,10
13429,1972,137,5,19720815,227,10
13429,1972,138,5,19720601,152,10
13429,1972,201,25,19720527,147,10
13429,1972,202,10,19721102,306,10
13429,1972,202,12,19721124,328,10
13429,1972,202,18,19720621,172,10
13429,1972,202,21,19720813,225,10
13429,1972,202,24,19720813,225,10
13429,1972,203,10,19720923,266,10
13429,1972,203,12,19721007,280,10
13429,1972,203,15,19720520,140,10
13429,1972,203,18,19720609,160,10
13429,1972,203,21,19720808,220,10
13429,1972,203,24,19720817,229,10
13429,1972,203,6,19720617,168,10
13429,1972,204,10,19720915,258,10
13429,1972,204,12,19720929,272,10
13429,1972,204,18,19720531,151,10
13429,1972,204,21,19720715,196,10
13429,1972,204,24,19720720,201,10
13429,1972,205,10,19720819,231,10
13429,1972,205,12,19720828,240,10
13429,1972,205,24,19720728,209,10
13429,1972,205,5,19720508,128,10
13429,1972,206,10,19720219,50,10
13429,1972,206,12,19720312,71,10
13429,1972,207,10,19720228,59,10
13429,1972,207,12,19720320,79,10
13429,1972,207,18,19720611,162,10
13429,1972,207,21,19720806,218,10
13429,1972,207,24,19720811,223,10
13429,1972,208,10,19720219,50,10
13429,1972,208,12,19720310,69,10
13429,1972,208,24,19720827,239,10
13429,1972,208,66,19720615,166,10
13429,1972,215,10,19720519,139,10
13429,1972,215,24,19720924,267,10
13429,1972,215,6,19720808,220,10
13429,1972,252,10,19720420,110,10
13429,1972,252,12,19720506,126,10
13429,1972,252,24,19721006,279,10
13429,1972,253,10,19720417,107,10
13429,1972,253,12,19720501,121,10
13429,1972,253,24,19721015,288,10
13429,1972,310,5,19720505,125,10
13429,1972,310,7,19720516,136,10
13429,1972,311,29,19720819,231,10
13429,1972,313,29,19721008,281,10
13429,1972,320,5,19720509,129,10
13429,1972,320,7,19720520,140,10
13429,1972,321,29,19720821,233,10
13429,1972,330,5,19720427,117,10
13429,1972,330,7,19720509,129,10
13429,1972,331,29,19720611,162,10
13429,1972,340,29,19720721,202,10
13429,1972,340,5,19720504,124,10
13429,1972,340,7,19720515,135,10
13429,1972,350,29,19720723,204,10
13429,1972,350,4,19720320,79,10
13429,1972,350,5,19720408,98,10
13429,1972,371,29,19720826,238,10
13429,1972,372,29,19720913,256,10
13429,1973,102,5,19730418,108,10
13429,1973,108,5,19730516,136,10
13429,1973,112,31,19731006,279,10
13429,1973,112,4,19730427,117,10
13429,1973,114,5,19730816,228,10
13429,1973,115,5,19730914,257,10
13429,1973,116,5,19730326,85,10
13429,1973,117,5,19730614,165,10
13429,1973,117,62,19730928,271,10
13429,1973,120,5,19730512,132,10
13429,1973,123,31,19731003,276,10
13429,1973,123,62,19730927,270,10
13429,1973,124,5,19730327,86,10
13429,1973,125,5,19730420,110,10
13429,1973,127,5,19730227,58,10
13429,1973,129,5,19730617,168,10
13429,1973,129,62,19730829,241,10
13429,1973,130,5,19730704,185,10
13429,1973,132,31,19731026,299,10
13429,1973,132,62,19731024,297,10
13429,1973,135,6,19730528,148,10
13429,1973,136,6,19730531,151,10
13429,1973,137,5,19730625,176,10
13429,1973,201,25,19730602,153,10
13429,1973,202,10,19731025,298,10
13429,1973,202,12,19731115,319,10
13429,1973,202,18,19730618,169,10
13429,1973,202,21,19730721,202,10
13429,1973,202,24,19730805,217,10
13429,1973,203,10,19730915,258,10
13429,1973,203,12,19730929,272,10
13429,1973,203,18,19730605,156,10
13429,1973,203,21,19730719,200,10
13429,1973,203,24,19730804,216,10
13429,1973,203,6,19730618,169,10
13429,1973,204,10,19730907,250,10
13429,1973,204,12,19730918,261,10
13429,1973,204,18,19730601,152,10
13429,1973,204,21,19730707,188,10
13429,1973,204,24,19730724,205,10
13429,1973,205,10,19730902,245,10
13429,1973,205,12,19730911,254,10
13429,1973,205,24,19730717,198,10
13429,1973,205,5,19730511,131,10
13429,1973,207,10,19730304,63,10
13429,1973,207,12,19730402,92,10
13429,1973,207,18,19730621,172,10
13429,1973,207,21,19730725,206,10
13429,1973,207,24,19730807,219,10
13429,1973,208,10,19730316,75,10
13429,1973,208,12,19730405,95,10
13429,1973,208,24,19730806,218,10
13429,1973,208,66,19730630,181,10
13429,1973,215,10,19730524,144,10
13429,1973,215,24,19731010,283,10
13429,1973,252,10,19730404,94,10
13429,1973,252,12,19730421,111,10
13429,1973,252,24,19731007,280,10
13429,1973,253,10,19730329,88,10
13429,1973,253,24,19731001,274,10
13429,1973,310,5,19730510,130,10
13429,1973,310,7,19730525,145,10
13429,1973,313,29,19730930,273,10
13429,1973,320,5,19730512,132,10
13429,1973,322,29,19730927,270,10
13429,1973,330,5,19730507,127,10
13429,1973,330,7,19730527,147,10
13429,1973,340,5,19730508,128,10
13429,1973,350,29,19730706,187,10
13429,1973,350,4,19730418,108,10
13429,1973,350,5,19730426,116,10
13429,1973,372,29,19730926,269,10
13429,1974,102,5,19740318,77,10
13429,1974,103,62,19740919,262,10
13429,1974,107,5,19740502,122,10
13429,1974,107,8,19740505,125,10
13429,1974,112,31,19740918,261,10
13429,1974,112,4,19740330,89,10
13429,1974,113,5,19740215,46,10
13429,1974,114,5,19740726,207,10
13429,1974,115,5,19740901,244,10
13429,1974,116,5,19740312,71,10
13429,1974,117,5,19740616,167,10
13429,1974,117,62,19740917,260,10
13429,1974,120,5,19740423,113,10
13429,1974,124,5,19740313,72,10
13429,1974,125,5,19740419,109,10
13429,1974,127,5,19740208,39,10
13429,1974,128,4,19740329,88,10
13429,1974,128,5,19740309,68,10
13429,1974,129,5,19740613,164,10
13429,1974,129,62,19740924,267,10
13429,1974,130,4,19740409,99,10
13429,1974,130,5,19740709,190,10
13429,1974,132,31,19741013,286,10
13429,1974,132,62,19741018,291,10
13429,1974,135,6,19740528,148,10
13429,1974,136,6,19740525,145,10
13429,1974,137,5,19740804,216,10
13429,1974,138,5,19740515,135,10
13429,1974,201,25,19740530,150,10
13429,1974,202,10,19741021,294,10
13429,1974,202,12,19741209,343,10
13429,1974,202,18,19740606,157,10
13429,1974,202,21,19740811,223,10
13429,1974,202,24,19740817,229,10
13429,1974,204,10,19740904,247,10
13429,1974,204,12,19740915,258,10
13429,1974,204,18,19740427,117,10
13429,1974,204,21,19740709,190,10
13429,1974,204,24,19740725,206,10
13429,1974,205,10,19740903,246,10
13429,1974,205,12,19740914,257,10
13429,1974,206,10,19740304,63,10
13429,1974,206,12,19740416,106,10
13429,1974,207,10,19740225,56,10
13429,1974,207,12,19740405,95,10
13429,1974,207,18,19740623,174,10
13429,1974,207,21,19740731,212,10
13429,1974,207,24,19740811,223,10
13429,1974,208,10,19740220,51,10
13429,1974,208,12,19740402,92,10
13429,1974,208,24,19740817,229,10
13429,1974,208,66,19740618,169,10
13429,1974,215,10,19740428,118,10
13429,1974,215,12,19740504,124,10
13429,1974,215,24,19740927,270,10
13429,1974,215,6,19740822,234,10
13429,1974,252,10,19740406,96,10
13429,1974,252,12,19740417,107,10
13429,1974,252,24,19741010,283,10
13429,1974,253,10,19740401,91,10
13429,1974,253,12,19740415,105,10
13429,1974,253,24,19741017,290,10
13429,1974,310,5,19740518,138,10
13429,1974,310,7,19740527,147,10
13429,1974,320,5,19740501,121,10
13429,1974,320,7,19740508,128,10
13429,1974,330,5,19740413,103,10
13429,1974,330,7,19740424,114,10
13429,1974,331,29,19740701,182,10
13429,1974,332,29,19740716,197,10
13429,1974,340,29,19740724,205,10
13429,1974,340,5,19740425,115,10
13429,1974,340,7,19740506,126,10
13429,1974,350,29,19740809,221,10
13429,1974,350,4,19740328,87,10
13429,1974,350,5,19740410,100,10
13429,1975,102,5,19750419,109,10
13429,1975,107,5,19750505,125,10
13429,1975,107,8,19750511,131,10
13429,1975,108,5,19750529,149,10
13429,1975,112,31,19750925,268,10
13429,1975,112,4,19750427,117,10
13429,1975,113,5,19750220,51,10
13429,1975,114,5,19750810,222,10
13429,1975,115,5,19751005,278,10
13429,1975,116,5,19750404,94,10
13429,1975,117,5,19750614,165,10
13429,1975,117,62,19750927,270,10
13429,1975,118,5,19750507,127,10
13429,1975,118,8,19750523,143,10
13429,1975,120,5,19750430,120,10
13429,1975,124,5,19750227,58,10
13429,1975,125,5,19750426,116,10
13429,1975,127,5,19750306,65,10
13429,1975,128,5,19750303,62,10
13429,1975,129,5,19750618,169,10
13429,1975,129,62,19750903,246,10
13429,1975,130,4,19750502,122,10
13429,1975,130,5,19750626,177,10
13429,1975,132,31,19751009,282,10
13429,1975,132,4,19750501,121,10
13429,1975,132,5,19750519,139,10
13429,1975,132,62,19751003,276,10
13429,1975,135,6,19750606,157,10
13429,1975,136,6,19750603,154,10
13429,1975,137,5,19750712,193,10
13429,1975,138,5,19750519,139,10
13429,1975,201,25,19750601,152,10
13429,1975,202,10,19751017,290,10
13429,1975,202,12,19751106,310,10
13429,1975,202,18,19750609,160,10
13429,1975,202,21,19750809,221,10
13429,1975,202,24,19750814,226,10
13429,1975,203,10,19750907,250,10
13429,1975,203,15,19750524,144,10
13429,1975,203,18,19750608,159,10
13429,1975,203,24,19750821,233,10
13429,1975,203,6,19750622,173,10
13429,1975,204,10,19750902,245,10
13429,1975,204,12,19750916,259,10
13429,1975,204,18,19750521,141,10
13429,1975,204,21,19750728,209,10
13429,1975,204,24,19750726,207,10
13429,1975,205,10,19750901,244,10
13429,1975,205,12,19750908,251,10
13429,1975,205,24,19750731,212,10
13429,1975,206,18,19750628,179,10
13429,1975,206,21,19750815,227,10
13429,1975,206,24,19750818,230,10
13429,1975,207,10,19750314,73,10
13429,1975,207,12,19750412,102,10
13429,1975,207,18,19750625,176,10
13429,1975,207,21,19750803,215,10
13429,1975,207,24,19750811,223,10
13429,1975,208,10,19750323,82,10
13429,1975,208,12,19750405,95,10
13429,1975,208,24,19750820,232,10
13429,1975,208,66,19750623,174,10
13429,1975,215,10,19750509,129,10
13429,1975,215,12,19750528,148,10
13429,1975,215,24,19751004,277,10
13429,1975,215,6,19750804,216,10
13429,1975,252,10,19750420,110,10
13429,1975,252,12,19750522,142,10
13429,1975,252,24,19751002,275,10
13429,1975,253,10,19750421,111,10
13429,1975,253,12,19750522,142,10
13429,1975,253,24,19751010,283,10
13429,1975,310,5,19750508,128,10
13429,1975,311,29,19750812,224,10
13429,1975,313,29,19751012,285,10
13429,1975,320,5,19750510,130,10
13429,1975,320,7,19750520,140,10
13429,1975,321,29,19750906,249,10
13429,1975,322,29,19751001,274,10
13429,1975,330,5,19750503,123,10
13429,1975,330,7,19750508,128,10
13429,1975,331,29,19750620,171,10
13429,1975,332,29,19750717,198,10
13429,1975,340,29,19750730,211,10
13429,1975,340,5,19750512,132,10
13429,1975,340,7,19750525,145,10
13429,1975,350,29,19750719,200,10
13429,1975,350,4,19750330,89,10
13429,1975,350,5,19750425,115,10
13429,1975,372,29,19750929,272,10
13429,1976,102,5,19760403,93,10
13429,1976,107,5,19760521,141,10
13429,1976,107,8,19760516,136,10
13429,1976,108,5,19760515,135,10
13429,1976,112,4,19760422,112,10
13429,1976,113,5,19760327,86,10
13429,1976,114,5,19760708,189,10
13429,1976,115,5,19760901,244,10
13429,1976,116,5,19760311,70,10
13429,1976,117,5,19760610,161,10
13429,1976,117,62,19760827,239,10
13429,1976,118,5,19760518,138,10
13429,1976,118,8,19760511,131,10
13429,1976,120,5,19760503,123,10
13429,1976,124,5,19760329,88,10
13429,1976,125,5,19760504,124,10
13429,1976,127,5,19760228,59,10
13429,1976,128,5,19760423,113,10
13429,1976,129,5,19760623,174,10
13429,1976,129,62,19760831,243,10
13429,1976,130,4,19760425,115,10
13429,1976,130,5,19760702,183,10
13429,1976,135,6,19760531,151,10
13429,1976,136,6,19760602,153,10
13429,1976,137,5,19760717,198,10
13429,1976,138,5,19760603,154,10
13429,1976,201,25,19760602,153,10
13429,1976,202,10,19761101,305,10
13429,1976,202,12,19761121,325,10
13429,1976,202,18,19760618,169,10
13429,1976,202,21,19760629,180,10
13429,1976,202,24,19760826,238,10
13429,1976,203,10,19760924,267,10
13429,1976,203,12,19761017,290,10
13429,1976,203,15,19760514,134,10
13429,1976,203,18,19760604,155,10
13429,1976,203,21,19760723,204,10
13429,1976,203,24,19760804,216,10
13429,1976,203,6,19760609,160,10
13429,1976,204,10,19760909,252,10
13429,1976,204,12,19760929,272,10
13429,1976,204,18,19760522,142,10
13429,1976,204,21,19760617,168,10
13429,1976,204,24,19760805,217,10
13429,1976,205,10,19760816,228,10
13429,1976,205,12,19760903,246,10
13429,1976,205,24,19760807,219,10
13429,1976,205,5,19760517,137,10
13429,1976,206,10,19760316,75,10
13429,1976,206,12,19760418,108,10
13429,1976,206,18,19760625,176,10
13429,1976,206,21,19760721,202,10
13429,1976,206,24,19760813,225,10
13429,1976,207,10,19760310,69,10
13429,1976,207,12,19760410,100,10
13429,1976,207,18,19760616,167,10
13429,1976,207,21,19760715,196,10
13429,1976,207,24,19760809,221,10
13429,1976,208,10,19760304,63,10
13429,1976,208,12,19760407,97,10
13429,1976,208,24,19760824,236,10
13429,1976,208,66,19760616,167,10
13429,1976,215,10,19760426,116,10
13429,1976,215,12,19760515,135,10
13429,1976,215,24,19760920,263,10
13429,1976,215,6,19760806,218,10
13429,1976,252,10,19760416,106,10
13429,1976,252,12,19760506,126,10
13429,1976,252,24,19761013,286,10
13429,1976,253,10,19760416,106,10
13429,1976,253,12,19760510,130,10
13429,1976,253,24,19761019,292,10
13429,1976,310,5,19760514,134,10
13429,1976,310,7,19760529,149,10
13429,1976,311,29,19760728,209,10
13429,1976,313,29,19760929,272,10
13429,1976,320,5,19760506,126,10
13429,1976,320,7,19760513,133,10
13429,1976,321,29,19760903,246,10
13429,1976,322,29,19761028,301,10
13429,1976,330,5,19760503,123,10
13429,1976,330,7,19760516,136,10
13429,1976,331,29,19760621,172,10
13429,1976,332,29,19760706,187,10
13429,1976,340,29,19760721,202,10
13429,1976,340,5,19760427,117,10
13429,1976,340,7,19760507,127,10
13429,1976,350,29,19760718,199,10
13429,1976,350,4,19760330,89,10
13429,1976,350,5,19760419,109,10
13429,1977,102,5,19770414,104,10
13429,1977,103,5,19770527,147,10
13429,1977,107,5,19770520,140,10
13429,1977,107,8,19770511,131,10
13429,1977,108,5,19770514,134,10
13429,1977,112,4,19770416,106,10
13429,1977,113,5,19770312,71,10
13429,1977,114,5,19770807,219,10
13429,1977,116,5,19770324,83,10
13429,1977,117,5,19770611,162,10
13429,1977,117,62,19770908,251,10
13429,1977,118,5,19770516,136,10
13429,1977,118,8,19770508,128,10
13429,1977,120,5,19770425,115,10
13429,1977,121,5,19770608,159,10
13429,1977,124,5,19770310,69,10
13429,1977,125,5,19770421,111,10
13429,1977,127,5,19770306,65,10
13429,1977,129,5,19770616,167,10
13429,1977,129,62,19770905,248,10
13429,1977,130,4,19770513,133,10
13429,1977,130,5,19770712,193,10
13429,1977,135,6,19770602,153,10
13429,1977,136,6,19770604,155,10
13429,1977,137,5,19770729,210,10
13429,1977,201,25,19770603,154,10
13429,1977,202,10,19771005,278,10
13429,1977,202,12,19771015,288,10
13429,1977,202,24,19770804,216,10
13429,1977,204,10,19770912,255,10
13429,1977,204,12,19770924,267,10
13429,1977,204,18,19770608,159,10
13429,1977,204,21,19770718,199,10
13429,1977,204,24,19770726,207,10
13429,1977,205,10,19770901,244,10
13429,1977,205,12,19770911,254,10
13429,1977,205,24,19770731,212,10
13429,1977,205,5,19770516,136,10
13429,1977,206,10,19770317,76,10
13429,1977,206,12,19770409,99,10
13429,1977,207,10,19770309,68,10
13429,1977,207,12,19770320,79,10
13429,1977,207,24,19770829,241,10
13429,1977,208,10,19770311,70,10
13429,1977,208,12,19770327,86,10
13429,1977,208,24,19770902,245,10
13429,1977,208,66,19770613,164,10
13429,1977,215,10,19770430,120,10
13429,1977,215,12,19770526,146,10
13429,1977,215,24,19770929,272,10
13429,1977,215,6,19770809,221,10
13429,1977,252,10,19770502,122,10
13429,1977,252,12,19770520,140,10
13429,1977,252,24,19771007,280,10
13429,1977,253,10,19770430,120,10
13429,1977,253,12,19770518,138,10
13429,1977,253,24,19771004,277,10
13429,1977,310,5,19770510,130,10
13429,1977,310,7,19770527,147,10
13429,1977,311,29,19770727,208,10
13429,1977,320,5,19770506,126,10
13429,1977,320,7,19770523,143,10
13429,1977,321,29,19770921,264,10
13429,1977,322,29,19771027,300,10
13429,1977,330,5,19770429,119,10
13429,1977,330,7,19770510,130,10
13429,1977,331,29,19770617,168,10
13429,1977,332,29,19770706,187,10
13429,1977,340,29,19770725,206,10
13429,1977,340,5,19770503,123,10
13429,1977,340,7,19770517,137,10
13429,1977,350,29,19770728,209,10
13429,1977,350,4,19770321,80,10
13429,1977,350,5,19770427,117,10
13429,1977,371,29,19770910,253,10
13429,1977,372,29,19771008,281,10
13429,1978,102,5,19780427,117,10
13429,1978,107,8,19780528,148,10
13429,1978,108,5,19780531,151,10
13429,1978,112,4,19780428,118,10
13429,1978,116,5,19780317,76,10
13429,1978,117,5,19780621,172,10
13429,1978,117,62,19780917,260,10
13429,1978,120,5,19780425,115,10
13429,1978,124,5,19780316,75,10
13429,1978,125,5,19780430,120,10
13429,1978,127,5,19780301,60,10
13429,1978,129,5,19780617,168,10
13429,1978,129,62,19780922,265,10
13429,1978,130,5,19780625,176,10
13429,1978,135,6,19780602,153,10
13429,1978,136,6,19780609,160,10
13429,1978,201,25,19780529,149,10
13429,1978,202,10,19781010,283,10
13429,1978,202,12,19781102,306,10
13429,1978,202,24,19780823,235,10
13429,1978,204,10,19780915,258,10
13429,1978,204,12,19781009,282,10
13429,1978,204,18,19780524,144,10
13429,1978,204,24,19780723,204,10
13429,1978,205,10,19780901,244,10
13429,1978,205,12,19780912,255,10
13429,1978,205,24,19780727,208,10
13429,1978,205,5,19780527,147,10
13429,1978,206,18,19780622,173,10
13429,1978,206,24,19780814,226,10
13429,1978,207,10,19780318,77,10
13429,1978,207,12,19780406,96,10
13429,1978,207,24,19780815,227,10
13429,1978,208,10,19780314,73,10
13429,1978,208,12,19780404,94,10
13429,1978,208,66,19780704,185,10
13429,1978,215,10,19780504,124,10
13429,1978,215,24,19780919,262,10
13429,1978,215,6,19780825,237,10
13429,1978,252,10,19780426,116,10
13429,1978,252,12,19780523,143,10
13429,1978,252,24,19781011,284,10
13429,1978,253,10,19780426,116,10
13429,1978,253,12,19780525,145,10
13429,1978,253,24,19781024,297,10
13429,1978,310,5,19780513,133,10
13429,1978,310,7,19780522,142,10
13429,1978,311,29,19780813,225,10
13429,1978,313,29,19781012,285,10
13429,1978,320,5,19780504,124,10
13429,1978,320,7,19780512,132,10
13429,1978,321,29,19780903,246,10
13429,1978,322,29,19781014,287,10
13429,1978,330,5,19780509,129,10
13429,1978,330,7,19780512,132,10
13429,1978,331,29,19780611,162,10
13429,1978,332,29,19780725,206,10
13429,1978,340,29,19780722,203,10
13429,1978,340,5,19780502,122,10
13429,1978,340,7,19780511,131,10
13429,1978,350,29,19780713,194,10
13429,1978,350,4,19780413,103,10
13429,1978,350,5,19780422,112,10
13429,1978,371,29,19780911,254,10
13429,1978,372,29,19781007,280,10
13429,1979,102,5,19790406,96,10
13429,1979,108,5,19790603,154,10
13429,1979,112,4,19790420,110,10
13429,1979,116,5,19790414,104,10
13429,1979,117,5,19790608,159,10
13429,1979,117,62,19790917,260,10
13429,1979,120,5,19790503,123,10
13429,1979,124,5,19790411,101,10
13429,1979,125,5,19790515,135,10
13429,1979,127,5,19790314,73,10
13429,1979,129,5,19790610,161,10
13429,1979,129,62,19790828,240,10
13429,1979,130,4,19790502,122,10
13429,1979,130,5,19790620,171,10
13429,1979,135,6,19790602,153,10
13429,1979,136,6,19790604,155,10
13429,1979,137,5,19790721,202,10
13429,1979,201,25,19790609,160,10
13429,1979,202,10,19791009,282,10
13429,1979,202,12,19791025,298,10
13429,1979,202,18,19790629,180,10
13429,1979,202,21,19790812,224,10
13429,1979,202,24,19790822,234,10
13429,1979,204,10,19790910,253,10
13429,1979,204,12,19791005,278,10
13429,1979,204,18,19790623,174,10
13429,1979,204,21,19790724,205,10
13429,1979,204,24,19790807,219,10
13429,1979,205,10,19790824,236,10
13429,1979,205,12,19790909,252,10
13429,1979,205,24,19790826,238,10
13429,1979,207,10,19790407,97,10
13429,1979,207,12,19790503,123,10
13429,1979,207,18,19790621,172,10
13429,1979,207,21,19790730,211,10
13429,1979,207,24,19790821,233,10
13429,1979,208,10,19790405,95,10
13429,1979,208,12,19790501,121,10
13429,1979,208,24,19790912,255,10
13429,1979,208,66,19790625,176,10
13429,1979,215,10,19790528,148,10
13429,1979,215,24,19790926,269,10
13429,1979,252,10,19790517,137,10
13429,1979,252,12,19790607,158,10
13429,1979,252,24,19791011,284,10
13429,1979,253,10,19790518,138,10
13429,1979,253,12,19790605,156,10
13429,1979,253,24,19791028,301,10
13429,1979,310,5,19790520,140,10
13429,1979,310,7,19790531,151,10
13429,1979,311,29,19790817,229,10
13429,1979,313,29,19791016,289,10
13429,1979,320,5,19790524,144,10
13429,1979,320,7,19790530,150,10
13429,1979,321,29,19790915,258,10
13429,1979,322,29,19791018,291,10
13429,1979,330,5,19790511,131,10
13429,1979,330,7,19790522,142,10
13429,1979,331,29,19790613,164,10
13429,1979,332,29,19790708,189,10
13429,1979,340,29,19790719,200,10
13429,1979,340,5,19790516,136,10
13429,1979,340,7,19790525,145,10
13429,1979,350,29,19790723,204,10
13429,1979,350,4,19790428,118,10
13429,1979,350,5,19790517,137,10
13429,1979,371,29,19790825,237,10
13429,1979,372,29,19790921,264,10
13429,1980,102,5,19800409,99,10
13429,1980,103,62,19800920,263,10
13429,1980,107,8,19800531,151,10
13429,1980,108,5,19800526,146,10
13429,1980,112,31,19800913,256,10
13429,1980,112,4,19800510,130,10
13429,1980,114,5,19800821,233,10
13429,1980,116,5,19800421,111,10
13429,1980,117,5,19800626,177,10
13429,1980,117,62,19800903,246,10
13429,1980,120,5,19800503,123,10
13429,1980,124,5,19800419,109,10
13429,1980,125,5,19800518,138,10
13429,1980,127,5,19800314,73,10
13429,1980,129,5,19800619,170,10
13429,1980,129,62,19800908,251,10
13429,1980,130,4,19800512,132,10
13429,1980,130,5,19800726,207,10
13429,1980,135,6,19800611,162,10
13429,1980,136,6,19800616,167,10
13429,1980,137,5,19800818,230,10
13429,1980,138,5,19800609,160,10
13429,1980,201,25,19800605,156,10
13429,1980,202,10,19801021,294,10
13429,1980,202,12,19801119,323,10
13429,1980,202,18,19800614,165,10
13429,1980,202,21,19800810,222,10
13429,1980,202,24,19800911,254,10
13429,1980,204,10,19800929,272,10
13429,1980,204,12,19801012,285,10
13429,1980,204,18,19800608,159,10
13429,1980,204,21,19800710,191,10
13429,1980,204,24,19800801,213,10
13429,1980,205,10,19800913,256,10
13429,1980,205,12,19800929,272,10
13429,1980,205,24,19800813,225,10
13429,1980,205,5,19800529,149,10
13429,1980,206,10,19800325,84,10
13429,1980,206,12,19800416,106,10
13429,1980,207,10,19800417,107,10
13429,1980,207,12,19800504,124,10
13429,1980,207,18,19800628,179,10
13429,1980,207,21,19800723,204,10
13429,1980,207,24,19800816,228,10
13429,1980,208,10,19800418,108,10
13429,1980,208,12,19800507,127,10
13429,1980,208,24,19800916,259,10
13429,1980,215,24,19800929,272,10
13429,1980,215,6,19800825,237,10
13429,1980,252,10,19800513,133,10
13429,1980,252,12,19800524,144,10
13429,1980,252,24,19801013,286,10
13429,1980,253,10,19800515,135,10
13429,1980,253,12,19800527,147,10
13429,1980,253,24,19801005,278,10
13429,1980,310,5,19800519,139,10
13429,1980,310,7,19800531,151,10
13429,1980,311,29,19800811,223,10
13429,1980,313,29,19801010,283,10
13429,1980,320,5,19800515,135,10
13429,1980,320,7,19800525,145,10
13429,1980,321,29,19800909,252,10
13429,1980,330,5,19800513,133,10
13429,1980,330,7,19800524,144,10
13429,1980,331,29,19800626,177,10
13429,1980,332,29,19800806,218,10
13429,1980,340,29,19800814,226,10
13429,1980,340,5,19800518,138,10
13429,1980,340,7,19800529,149,10
13429,1980,350,29,19800725,206,10
13429,1980,350,4,19800422,112,10
13429,1980,350,5,19800427,117,10
13429,1980,371,29,19800827,239,10
13429,1980,372,29,19800930,273,10
13429,1981,102,5,19810405,95,10
13429,1981,107,5,19810608,159,10
13429,1981,107,8,19810516,136,10
13429,1981,108,5,19810527,147,10
13429,1981,112,4,19810406,96,10
13429,1981,113,5,19810407,97,10
13429,1981,114,5,19810808,220,10
13429,1981,116,5,19810409,99,10
13429,1981,117,5,19810623,174,10
13429,1981,117,62,19810829,241,10
13429,1981,118,5,19810612,163,10
13429,1981,118,8,19810610,161,10
13429,1981,120,5,19810420,110,10
13429,1981,124,5,19810324,83,10
13429,1981,127,5,19810308,67,10
13429,1981,129,5,19810618,169,10
13429,1981,129,62,19810824,236,10
13429,1981,130,4,19810418,108,10
13429,1981,130,5,19810624,175,10
13429,1981,135,6,19810609,160,10
13429,1981,136,6,19810611,162,10
13429,1981,137,5,19810709,190,10
13429,1981,201,25,19810607,158,10
13429,1981,202,18,19810621,172,10
13429,1981,202,21,19810718,199,10
13429,1981,204,10,19811012,285,10
13429,1981,204,12,19811029,302,10
13429,1981,204,18,19810615,166,10
13429,1981,204,21,19810713,194,10
13429,1981,204,24,19810730,211,10
13429,1981,205,10,19810826,238,10
13429,1981,205,12,19810908,251,10
13429,1981,206,10,19810401,91,10
13429,1981,206,12,19810419,109,10
13429,1981,207,10,19810322,81,10
13429,1981,207,12,19810412,102,10
13429,1981,207,18,19810625,176,10
13429,1981,207,21,19810727,208,10
13429,1981,207,24,19810821,233,10
13429,1981,208,10,19810325,84,10
13429,1981,208,12,19810414,104,10
13429,1981,208,15,19810516,136,10
13429,1981,208,24,19810902,245,10
13429,1981,208,66,19810626,177,10
13429,1981,215,10,19810509,129,10
13429,1981,215,12,19810523,143,10
13429,1981,215,24,19810915,258,10
13429,1981,215,6,19810728,209,10
13429,1981,252,10,19810416,106,10
13429,1981,252,12,19810515,135,10
13429,1981,252,24,19811018,291,10
13429,1981,253,10,19810416,106,10
13429,1981,253,12,19810515,135,10
13429,1981,253,24,19811109,313,10
13429,1981,310,5,19810508,128,10
13429,1981,310,7,19810516,136,10
13429,1981,311,29,19810722,203,10
13429,1981,313,29,19810930,273,10
13429,1981,320,5,19810417,107,10
13429,1981,320,7,19810505,125,10
13429,1981,321,29,19810819,231,10
13429,1981,330,5,19810413,103,10
13429,1981,331,29,19810620,171,10
13429,1981,332,29,19810702,183,10
13429,1981,340,29,19810812,224,10
13429,1981,340,5,19810502,122,10
13429,1981,340,7,19810506,126,10
13429,1981,350,29,19810712,193,10
13429,1981,350,4,19810326,85,10
13429,1981,350,5,19810411,101,10
13429,1981,371,29,19810903,246,10
13429,1981,372,29,19810917,260,10
13429,1982,102,5,19820326,85,10
13429,1982,103,62,19820818,230,10
13429,1982,108,5,19820520,140,10
13429,1982,112,31,19821015,288,10
13429,1982,112,4,19820510,130,10
13429,1982,113,5,19820328,87,10
13429,1982,116,5,19820414,104,10
13429,1982,117,5,19820616,167,10
13429,1982,120,5,19820421,111,10
13429,1982,121,5,19820608,159,10
13429,1982,124,5,19820321,80,10
13429,1982,127,5,19820311,70,10
13429,1982,129,5,19820612,163,10
13429,1982,129,62,19820830,242,10
13429,1982,130,5,19820622,173,10
13429,1982,136,6,19820611,162,10
13429,1982,138,5,19820527,147,10
13429,1982,202,18,19820627,178,10
13429,1982,204,24,19820720,201,10
13429,1982,207,10,19820325,84,10
13429,1982,207,12,19820413,103,10
13429,1982,207,24,19820724,205,10
13429,1982,208,66,19820619,170,10
13429,1982,215,65,19820708,189,10
13429,1982,253,13,19820705,186,10
13429,1982,311,29,19820812,224,10
13429,1982,313,29,19821009,282,10
13429,1982,322,29,19820922,265,10
13429,1982,340,29,19820724,205,10
13429,1982,340,5,19820516,136,10
13429,1982,350,29,19820714,195,10
13429,1982,350,4,19820415,105,10
13429,1982,350,5,19820502,122,10
13429,1982,372,29,19820925,268,10
13429,1983,103,62,19830916,259,10
13429,1983,108,5,19830515,135,10
13429,1983,112,31,19831019,292,10
13429,1983,112,4,19830422,112,10
13429,1983,113,5,19830407,97,10
13429,1983,116,5,19830325,84,10
13429,1983,117,5,19830608,159,10
13429,1983,120,5,19830429,119,10
13429,1983,124,5,19830410,100,10
13429,1983,127,5,19830225,56,10
13429,1983,129,5,19830614,165,10
13429,1983,130,5,19830629,180,10
13429,1983,136,6,19830606,157,10
13429,1983,207,10,19830328,87,10
13429,1983,207,12,19830421,111,10
13429,1983,207,18,19830622,173,10
13429,1983,207,24,19830720,201,10
13429,1983,215,65,19830717,198,10
13429,1983,253,13,19830712,193,10
13429,1983,310,5,19830430,120,10
13429,1983,311,29,19830803,215,10
13429,1983,313,29,19831023,296,10
13429,1983,322,29,19830923,266,10
13429,1983,330,5,19830424,114,10
13429,1983,331,29,19830706,187,10
13429,1983,340,29,19830716,197,10
13429,1983,340,5,19830510,130,10
13429,1983,350,4,19830419,109,10
13429,1983,372,29,19831005,278,10
13429,1984,102,5,19840422,112,10
13429,1984,103,62,19840926,269,10
13429,1984,107,8,19840526,146,10
13429,1984,108,5,19840525,145,10
13429,1984,112,31,19841021,294,10
13429,1984,112,4,19840429,119,10
13429,1984,113,5,19840406,96,10
13429,1984,114,5,19840802,214,10
13429,1984,116,5,19840402,92,10
13429,1984,117,5,19840627,178,10
13429,1984,118,8,19840602,153,10
13429,1984,120,5,19840503,123,10
13429,1984,124,5,19840411,101,10
13429,1984,127,5,19840315,74,10
13429,1984,129,5,19840622,173,10
13429,1984,129,62,19840924,267,10
13429,1984,130,5,19840717,198,10
13429,1984,136,6,19840614,165,10
13429,1984,204,24,19840816,228,10
13429,1984,310,5,19840524,144,10
13429,1984,311,29,19840811,223,10
13429,1984,313,29,19841004,277,10
13429,1984,320,5,19840512,132,10
13429,1984,322,29,19841008,281,10
13429,1984,330,5,19840506,126,10
13429,1984,340,29,19840803,215,10
13429,1984,340,5,19840506,126,10
13429,1984,350,29,19840706,187,10
13429,1984,350,4,19840427,117,10
13429,1984,350,5,19840505,125,10
13429,1984,372,29,19840913,256,10
13429,1985,102,5,19850404,94,10
13429,1985,103,62,19850908,251,10
13429,1985,107,8,19850505,125,10
13429,1985,112,31,19851001,274,10
13429,1985,112,4,19850418,108,10
13429,1985,113,5,19850411,101,10
13429,1985,116,5,19850330,89,10
13429,1985,117,5,19850619,170,10
13429,1985,118,8,19850512,132,10
13429,1985,120,5,19850511,131,10
13429,1985,124,5,19850324,83,10
13429,1985,127,5,19850316,75,10
13429,1985,129,5,19850628,179,10
13429,1985,130,5,19850716,197,10
13429,1985,136,6,19850604,155,10
13429,1985,203,24,19850825,237,10
13429,1985,207,24,19850817,229,10
13429,1985,253,13,19850622,173,10
13429,1985,311,29,19850802,214,10
13429,1985,313,29,19851011,284,10
13429,1985,331,29,19850625,176,10
13429,1985,340,29,19850724,205,10
13429,1985,340,5,19850425,115,10
13429,1985,350,29,19850711,192,10
13429,1985,350,4,19850421,111,10
13429,1985,350,5,19850427,117,10
13429,1985,372,29,19851005,278,10
13429,1986,102,5,19860419,109,10
13429,1986,107,8,19860519,139,10
13429,1986,108,5,19860523,143,10
13429,1986,112,31,19861015,288,10
13429,1986,114,5,19860716,197,10
13429,1986,118,8,19860524,144,10
13429,1986,120,5,19860429,119,10
13429,1986,127,5,19860312,71,10
13429,1986,129,62,19860924,267,10
13429,1986,130,5,19860628,179,10
13429,1986,136,6,19860609,160,10
13429,1986,311,29,19860813,225,10
13429,1986,313,29,19861011,284,10
13429,1986,320,5,19860512,132,10
13429,1986,330,5,19860507,127,10
13429,1986,331,29,19860702,183,10
13429,1986,350,29,19860704,185,10
13429,1986,350,4,19860428,118,10
13429,1986,350,5,19860510,130,10
13429,1987,102,5,19870422,112,10
13429,1987,103,62,19870814,226,10
13429,1987,112,31,19871012,285,10
13429,1987,113,5,19870506,126,10
13429,1987,114,5,19870721,202,10
13429,1987,116,5,19870420,110,10
13429,1987,117,5,19870705,186,10
13429,1987,120,5,19870504,124,10
13429,1987,127,5,19870329,88,10
13429,1987,129,5,19870625,176,10
13429,1987,129,62,19871001,274,10
13429,1987,130,5,19870703,184,10
13429,1987,136,6,19870615,166,10
13429,1987,203,10,19871018,291,10
13429,1987,203,12,19871103,307,10
13429,1987,204,24,19870717,198,10
13429,1987,253,13,19870628,179,10
13429,1987,311,29,19870827,239,10
13429,1987,313,29,19871016,289,10
13429,1987,322,29,19871024,297,10
13429,1987,331,29,19870713,194,10
13429,1987,340,29,19870726,207,10
13429,1987,340,5,19870531,151,10
13429,1987,371,29,19870911,254,10
13429,1987,372,29,19871006,279,10
13430,1972,102,5,19720404,94,10
13430,1972,103,5,19720527,147,10
13430,1972,103,62,19720901,244,10
13430,1972,107,8,19720502,122,10
13430,1972,108,5,19720524,144,10
13430,1972,112,31,19721006,279,10
13430,1972,112,4,19720417,107,10
13430,1972,113,5,19720311,70,10
13430,1972,114,5,19720830,242,10
13430,1972,116,5,19720318,77,10
13430,1972,117,5,19720624,175,10
13430,1972,117,62,19721008,281,10
13430,1972,118,8,19720608,159,10
13430,1972,120,5,19720424,114,10
13430,1972,121,4,19720529,149,10
13430,1972,121,5,19720625,176,10
13430,1972,122,31,19721012,285,10
13430,1972,122,4,19720428,118,10
13430,1972,122,5,19720526,146,10
13430,1972,122,62,19721014,287,10
13430,1972,123,31,19720923,266,10
13430,1972,123,4,19720422,112,10
13430,1972,123,5,19720422,112,10
13430,1972,123,62,19721006,279,10
13430,1972,124,5,19720324,83,10
13430,1972,125,5,19720501,121,10
13430,1972,127,5,19720302,61,10
13430,1972,128,4,19720516,136,10
13430,1972,128,5,19720315,74,10
13430,1972,129,5,19720611,162,10
13430,1972,129,62,19720920,263,10
13430,1972,130,4,19720506,126,10
13430,1972,130,5,19720717,198,10
13430,1972,131,5,19720509,129,10
13430,1972,132,31,19720930,273,10
13430,1972,132,4,19720520,140,10
13430,1972,132,5,19720525,145,10
13430,1972,132,62,19721018,291,10
13430,1972,135,6,19720529,149,10
13430,1972,136,6,19720623,174,10
13430,1972,138,5,19720527,147,10
13430,1972,201,25,19720528,148,10
13430,1972,202,10,19721026,299,10
13430,1972,202,12,19721114,318,10
13430,1972,202,18,19720626,177,10
13430,1972,202,21,19720814,226,10
13430,1972,202,24,19720828,240,10
13430,1972,203,10,19720925,268,10
13430,1972,203,12,19721008,281,10
13430,1972,203,15,19720517,137,10
13430,1972,203,21,19720809,221,10
13430,1972,203,24,19720831,243,10
13430,1972,203,6,19720617,168,10
13430,1972,206,10,19720226,57,10
13430,1972,206,12,19720329,88,10
13430,1972,206,18,19720629,180,10
13430,1972,206,21,19720819,231,10
13430,1972,206,24,19720907,250,10
13430,1972,207,10,19720224,55,10
13430,1972,207,12,19720327,86,10
13430,1972,207,18,19720612,163,10
13430,1972,207,21,19720805,217,10
13430,1972,207,24,19720809,221,10
13430,1972,208,10,19720224,55,10
13430,1972,208,12,19720325,84,10
13430,1972,208,24,19720911,254,10
13430,1972,208,66,19720622,173,10
13430,1972,215,10,19720502,122,10
13430,1972,215,12,19720527,147,10
13430,1972,215,24,19720915,258,10
13430,1972,215,6,19720819,231,10
13430,1972,252,10,19720417,107,10
13430,1972,252,12,19720508,128,10
13430,1972,252,24,19721009,282,10
13430,1972,253,10,19720323,82,10
13430,1972,253,12,19720429,119,10
13430,1972,253,24,19721026,299,10
13430,1972,310,5,19720512,132,10
13430,1972,310,7,19720521,141,10
13430,1972,311,29,19720901,244,10
13430,1972,313,29,19721013,286,10
13430,1972,320,5,19720506,126,10
13430,1972,320,7,19720515,135,10
13430,1972,321,29,19720905,248,10
13430,1972,322,29,19721019,292,10
13430,1972,330,5,19720429,119,10
13430,1972,330,7,19720510,130,10
13430,1972,331,29,19720626,177,10
13430,1972,332,29,19720719,200,10
13430,1972,340,29,19720805,217,10
13430,1972,340,5,19720512,132,10
13430,1972,340,7,19720524,144,10
13430,1972,350,29,19720716,197,10
13430,1972,350,4,19720407,97,10
13430,1972,350,5,19720426,116,10
13430,1972,372,29,19720925,268,10
13430,1973,102,5,19730415,105,10
13430,1973,103,5,19730618,169,10
13430,1973,103,62,19730909,252,10
13430,1973,107,8,19730602,153,10
13430,1973,108,5,19730525,145,10
13430,1973,112,31,19731019,292,10
13430,1973,112,4,19730510,130,10
13430,1973,113,5,19730322,81,10
13430,1973,114,5,19730810,222,10
13430,1973,115,5,19730903,246,10
13430,1973,116,5,19730327,86,10
13430,1973,117,5,19730620,171,10
13430,1973,117,62,19731001,274,10
13430,1973,118,8,19730602,153,10
13430,1973,120,5,19730506,126,10
13430,1973,122,31,19731006,279,10
13430,1973,122,4,19730505,125,10
13430,1973,122,5,19730524,144,10
13430,1973,122,62,19730926,269,10
13430,1973,123,31,19731008,281,10
13430,1973,123,4,19730515,135,10
13430,1973,123,5,19730515,135,10
13430,1973,123,62,19730927,270,10
13430,1973,124,5,19730406,96,10
13430,1973,125,5,19730508,128,10
13430,1973,127,5,19730311,70,10
13430,1973,128,4,19730515,135,10
13430,1973,128,5,19730325,84,10
13430,1973,129,5,19730621,172,10
13430,1973,129,62,19730913,256,10
13430,1973,130,4,19730510,130,10
13430,1973,130,5,19730710,191,10
13430,1973,131,5,19730517,137,10
13430,1973,132,31,19731014,287,10
13430,1973,132,4,19730519,139,10
13430,1973,132,5,19730527,147,10
13430,1973,132,62,19730921,264,10
13430,1973,135,6,19730531,151,10
13430,1973,136,6,19730619,170,10
13430,1973,137,5,19730713,194,10
13430,1973,138,5,19730602,153,10
13430,1973,201,25,19730529,149,10
13430,1973,202,10,19731030,303,10
13430,1973,202,18,19730623,174,10
13430,1973,202,21,19730811,223,10
13430,1973,202,24,19730820,232,10
13430,1973,203,10,19730928,271,10
13430,1973,203,12,19731016,289,10
13430,1973,203,15,19730527,147,10
13430,1973,203,18,19730603,154,10
13430,1973,203,21,19730804,216,10
13430,1973,203,24,19730816,228,10
13430,1973,203,6,19730618,169,10
13430,1973,204,10,19730928,271,10
13430,1973,204,12,19731010,283,10
13430,1973,205,10,19730904,247,10
13430,1973,205,12,19730920,263,10
13430,1973,206,10,19730214,45,10
13430,1973,206,12,19730406,96,10
13430,1973,206,18,19730618,169,10
13430,1973,206,21,19730806,218,10
13430,1973,206,24,19730815,227,10
13430,1973,207,10,19730315,74,10
13430,1973,207,12,19730420,110,10
13430,1973,207,18,19730619,170,10
13430,1973,207,21,19730803,215,10
13430,1973,207,24,19730806,218,10
13430,1973,208,10,19730322,81,10
13430,1973,208,12,19730428,118,10
13430,1973,208,66,19730625,176,10
13430,1973,215,10,19730515,135,10
13430,1973,215,24,19730915,258,10
13430,1973,215,6,19730815,227,10
13430,1973,252,10,19730502,122,10
13430,1973,252,12,19730515,135,10
13430,1973,252,24,19731004,277,10
13430,1973,253,10,19730426,116,10
13430,1973,253,12,19730509,129,10
13430,1973,253,24,19731107,311,10
13430,1973,310,5,19730524,144,10
13430,1973,313,29,19731011,284,10
13430,1973,320,5,19730522,142,10
13430,1973,320,7,19730529,149,10
13430,1973,322,29,19731015,288,10
13430,1973,330,5,19730507,127,10
13430,1973,330,7,19730518,138,10
13430,1973,331,29,19730629,180,10
13430,1973,332,29,19730713,194,10
13430,1973,340,29,19730801,213,10
13430,1973,340,5,19730519,139,10
13430,1973,340,7,19730528,148,10
13430,1973,350,29,19730716,197,10
13430,1973,350,4,19730425,115,10
13430,1973,350,5,19730504,124,10
13430,1973,371,29,19730907,250,10
13430,1973,372,29,19730927,270,10
13430,1974,102,5,19740329,88,10
13430,1974,103,5,19740520,140,10
13430,1974,103,62,19740815,227,10
13430,1974,107,5,19740513,133,10
13430,1974,107,8,19740525,145,10
13430,1974,108,5,19740517,137,10
13430,1974,112,31,19740930,273,10
13430,1974,112,4,19740412,102,10
13430,1974,113,5,19740215,46,10
13430,1974,114,5,19740811,223,10
13430,1974,115,5,19740908,251,10
13430,1974,116,5,19740324,83,10
13430,1974,117,5,19740615,166,10
13430,1974,117,62,19741012,285,10
13430,1974,118,8,19740612,163,10
13430,1974,120,5,19740405,95,10
13430,1974,121,4,19740526,146,10
13430,1974,122,31,19741010,283,10
13430,1974,122,4,19740410,100,10
13430,1974,122,5,19740516,136,10
13430,1974,122,62,19741003,276,10
13430,1974,123,31,19741014,287,10
13430,1974,123,4,19740409,99,10
13430,1974,123,5,19740505,125,10
13430,1974,123,62,19741005,278,10
13430,1974,124,5,19740330,89,10
13430,1974,125,5,19740401,91,10
13430,1974,127,5,19740217,48,10
13430,1974,128,4,19740412,102,10
13430,1974,128,5,19740225,56,10
13430,1974,129,5,19740612,163,10
13430,1974,129,62,19740920,263,10
13430,1974,130,4,19740414,104,10
13430,1974,130,5,19740715,196,10
13430,1974,131,5,19740426,116,10
13430,1974,132,31,19741014,287,10
13430,1974,132,4,19740518,138,10
13430,1974,132,5,19740523,143,10
13430,1974,132,62,19741005,278,10
13430,1974,135,6,19740527,147,10
13430,1974,136,6,19740625,176,10
13430,1974,137,5,19740717,198,10
13430,1974,138,5,19740519,139,10
13430,1974,201,25,19740611,162,10
13430,1974,202,10,19741008,281,10
13430,1974,202,12,19741027,300,10
13430,1974,202,18,19740616,167,10
13430,1974,202,21,19740823,235,10
13430,1974,202,24,19740913,256,10
13430,1974,203,10,19741007,280,10
13430,1974,203,12,19741026,299,10
13430,1974,203,15,19740405,95,10
13430,1974,203,18,19740527,147,10
13430,1974,203,21,19740814,226,10
13430,1974,203,24,19740828,240,10
13430,1974,203,6,19740619,170,10
13430,1974,204,18,19740605,156,10
13430,1974,204,21,19740804,216,10
13430,1974,204,24,19740809,221,10
13430,1974,205,10,19740823,235,10
13430,1974,205,12,19740910,253,10
13430,1974,205,24,19740816,228,10
13430,1974,206,10,19740228,59,10
13430,1974,206,18,19740630,181,10
13430,1974,206,21,19740818,230,10
13430,1974,206,24,19740829,241,10
13430,1974,207,10,19740227,58,10
13430,1974,207,12,19740318,77,10
13430,1974,207,18,19740615,166,10
13430,1974,207,21,19740818,230,10
13430,1974,207,24,19740825,237,10
13430,1974,208,10,19740221,52,10
13430,1974,208,12,19740324,83,10
13430,1974,208,15,19740502,122,10
13430,1974,208,66,19740621,172,10
13430,1974,215,10,19740424,114,10
13430,1974,215,12,19740518,138,10
13430,1974,215,24,19741016,289,10
13430,1974,252,10,19740409,99,10
13430,1974,252,12,19740515,135,10
13430,1974,252,24,19741012,285,10
13430,1974,253,10,19740404,94,10
13430,1974,253,12,19740518,138,10
13430,1974,253,24,19741105,309,10
13430,1974,310,5,19740506,126,10
13430,1974,310,7,19740521,141,10
13430,1974,313,29,19741015,288,10
13430,1974,320,5,19740428,118,10
13430,1974,320,7,19740516,136,10
13430,1974,322,29,19741019,292,10
13430,1974,330,5,19740415,105,10
13430,1974,330,7,19740506,126,10
13430,1974,331,29,19740624,175,10
13430,1974,332,29,19740702,183,10
13430,1974,340,29,19740720,201,10
13430,1974,340,5,19740425,115,10
13430,1974,340,7,19740514,134,10
13430,1974,350,29,19740716,197,10
13430,1974,350,4,19740324,83,10
13430,1974,350,5,19740408,98,10
13430,1974,372,29,19741009,282,10
13430,1975,102,5,19750418,108,10
13430,1975,103,5,19750521,141,10
13430,1975,103,62,19750808,220,10
13430,1975,107,8,19750515,135,10
13430,1975,108,5,19750521,141,10
13430,1975,112,31,19751019,292,10
13430,1975,112,4,19750428,118,10
13430,1975,113,5,19750303,62,10
13430,1975,114,5,19750817,229,10
13430,1975,115,5,19750826,238,10
13430,1975,116,5,19750328,87,10
13430,1975,117,5,19750610,161,10
13430,1975,117,62,19750907,250,10
13430,1975,118,8,19750612,163,10
13430,1975,120,5,19750506,126,10
13430,1975,122,31,19751005,278,10
13430,1975,122,4,19750508,128,10
13430,1975,122,5,19750523,143,10
13430,1975,122,62,19750926,269,10
13430,1975,123,31,19751006,279,10
13430,1975,123,4,19750429,119,10
13430,1975,123,5,19750505,125,10
13430,1975,123,62,19751009,282,10
13430,1975,124,5,19750319,78,10
13430,1975,125,5,19750507,127,10
13430,1975,127,5,19750212,43,10
13430,1975,128,4,19750502,122,10
13430,1975,128,5,19750307,66,10
13430,1975,129,5,19750614,165,10
13430,1975,129,62,19750902,245,10
13430,1975,130,4,19750503,123,10
13430,1975,130,5,19750706,187,10
13430,1975,131,5,19750506,126,10
13430,1975,132,31,19751027,300,10
13430,1975,132,4,19750517,137,10
13430,1975,132,5,19750520,140,10
13430,1975,132,62,19751003,276,10
13430,1975,135,6,19750605,156,10
13430,1975,136,6,19750607,158,10
13430,1975,137,5,19750712,193,10
13430,1975,138,5,19750515,135,10
13430,1975,201,25,19750606,157,10
13430,1975,202,10,19751103,307,10
13430,1975,202,12,19751122,326,10
13430,1975,202,18,19750622,173,10
13430,1975,202,21,19750810,222,10
13430,1975,202,24,19750823,235,10
13430,1975,203,10,19750923,266,10
13430,1975,203,12,19751001,274,10
13430,1975,203,15,19750508,128,10
13430,1975,203,18,19750531,151,10
13430,1975,203,21,19750729,210,10
13430,1975,203,24,19750805,217,10
13430,1975,203,6,19750618,169,10
13430,1975,205,10,19750820,232,10
13430,1975,205,12,19750830,242,10
13430,1975,205,24,19750722,203,10
13430,1975,205,5,19750511,131,10
13430,1975,206,10,19750313,72,10
13430,1975,206,18,19750708,189,10
13430,1975,206,21,19750815,227,10
13430,1975,206,24,19750824,236,10
13430,1975,207,10,19750305,64,10
13430,1975,207,18,19750616,167,10
13430,1975,207,21,19750729,210,10
13430,1975,207,24,19750729,210,10
13430,1975,208,10,19750317,76,10
13430,1975,208,12,19750420,110,10
13430,1975,208,24,19750823,235,10
13430,1975,208,66,19750628,179,10
13430,1975,215,10,19750506,126,10
13430,1975,215,12,19750519,139,10
13430,1975,215,24,19750924,267,10
13430,1975,252,10,19750502,122,10
13430,1975,252,12,19750511,131,10
13430,1975,252,24,19751007,280,10
13430,1975,253,10,19750429,119,10
13430,1975,253,12,19750510,130,10
13430,1975,253,24,19751020,293,10
13430,1975,310,5,19750517,137,10
13430,1975,310,7,19750529,149,10
13430,1975,311,29,19750825,237,10
13430,1975,313,29,19751021,294,10
13430,1975,320,5,19750506,126,10
13430,1975,320,7,19750520,140,10
13430,1975,322,29,19751004,277,10
13430,1975,330,5,19750501,121,10
13430,1975,330,7,19750518,138,10
13430,1975,331,29,19750705,186,10
13430,1975,332,29,19750718,199,10
13430,1975,340,29,19750802,214,10
13430,1975,340,5,19750508,128,10
13430,1975,340,7,19750523,143,10
13430,1975,350,29,19750719,200,10
13430,1975,350,4,19750428,118,10
13430,1975,350,5,19750504,124,10
13430,1975,372,29,19750925,268,10
13430,1976,102,5,19760416,106,10
13430,1976,103,5,19760518,138,10
13430,1976,103,62,19760814,226,10
13430,1976,107,8,19760521,141,10
13430,1976,108,5,19760514,134,10
13430,1976,112,31,19761009,282,10
13430,1976,112,4,19760430,120,10
13430,1976,113,5,19760228,59,10
13430,1976,114,5,19760816,228,10
13430,1976,115,5,19760912,255,10
13430,1976,116,5,19760320,79,10
13430,1976,117,5,19760614,165,10
13430,1976,117,62,19760911,254,10
13430,1976,118,8,19760603,154,10
13430,1976,120,5,19760507,127,10
13430,1976,122,31,19761004,277,10
13430,1976,122,4,19760508,128,10
13430,1976,122,5,19760516,136,10
13430,1976,122,62,19760930,273,10
13430,1976,123,31,19761005,278,10
13430,1976,123,4,19760502,122,10
13430,1976,123,5,19760506,126,10
13430,1976,123,62,19760925,268,10
13430,1976,124,5,19760411,101,10
13430,1976,125,5,19760503,123,10
13430,1976,127,5,19760228,59,10
13430,1976,128,4,19760505,125,10
13430,1976,129,5,19760614,165,10
13430,1976,129,62,19760911,254,10
13430,1976,130,4,19760508,128,10
13430,1976,130,5,19760627,178,10
13430,1976,131,5,19760510,130,10
13430,1976,132,31,19761014,287,10
13430,1976,132,4,19760512,132,10
13430,1976,132,5,19760513,133,10
13430,1976,132,62,19760925,268,10
13430,1976,135,6,19760606,157,10
13430,1976,136,6,19760617,168,10
13430,1976,137,5,19760708,189,10
13430,1976,138,5,19760522,142,10
13430,1976,201,25,19760603,154,10
13430,1976,202,18,19760612,163,10
13430,1976,202,21,19760723,204,10
13430,1976,202,24,19760810,222,10
13430,1976,203,10,19761013,286,10
13430,1976,203,12,19761025,298,10
13430,1976,203,15,19760424,114,10
13430,1976,203,21,19760719,200,10
13430,1976,203,24,19760729,210,10
13430,1976,203,6,19760613,164,10
13430,1976,204,10,19760912,255,10
13430,1976,204,12,19760926,269,10
13430,1976,204,24,19760714,195,10
13430,1976,205,5,19760507,127,10
13430,1976,207,12,19760412,102,10
13430,1976,207,24,19760728,209,10
13430,1976,208,12,19760411,101,10
13430,1976,208,24,19760805,217,10
13430,1976,208,66,19760620,171,10
13430,1976,215,10,19760428,118,10
13430,1976,215,12,19760520,140,10
13430,1976,215,6,19760817,229,10
13430,1976,252,10,19760418,108,10
13430,1976,252,12,19760519,139,10
13430,1976,252,24,19761005,278,10
13430,1976,253,10,19760418,108,10
13430,1976,253,12,19760518,138,10
13430,1976,253,24,19761011,284,10
13430,1976,310,5,19760514,134,10
13430,1976,310,7,19760528,148,10
13430,1976,313,29,19761019,292,10
13430,1976,320,5,19760509,129,10
13430,1976,320,7,19760519,139,10
13430,1976,322,29,19761024,297,10
13430,1976,330,5,19760506,126,10
13430,1976,330,7,19760517,137,10
13430,1976,331,29,19760629,180,10
13430,1976,332,29,19760710,191,10
13430,1976,340,29,19760803,215,10
13430,1976,340,5,19760511,131,10
13430,1976,340,7,19760521,141,10
13430,1976,350,29,19760722,203,10
13430,1976,350,4,19760503,123,10
13430,1976,350,5,19760507,127,10
13430,1976,371,29,19760909,252,10
13430,1976,372,29,19760916,259,10
13430,1977,103,5,19770520,140,10
13430,1977,103,62,19770728,209,10
13430,1977,107,8,19770525,145,10
13430,1977,108,5,19770522,142,10
13430,1977,112,31,19771005,278,10
13430,1977,112,4,19770430,120,10
13430,1977,113,5,19770217,48,10
13430,1977,114,5,19770811,223,10
13430,1977,115,5,19770919,262,10
13430,1977,116,5,19770311,70,10
13430,1977,117,5,19770620,171,10
13430,1977,117,62,19770915,258,10
13430,1977,118,8,19770609,160,10
13430,1977,120,5,19770424,114,10
13430,1977,122,31,19771010,283,10
13430,1977,122,4,19770506,126,10
13430,1977,122,5,19770519,139,10
13430,1977,122,62,19771014,287,10
13430,1977,123,31,19771010,283,10
13430,1977,123,4,19770504,124,10
13430,1977,123,5,19770506,126,10
13430,1977,123,62,19771015,288,10
13430,1977,124,5,19770319,78,10
13430,1977,125,5,19770504,124,10
13430,1977,127,5,19770222,53,10
13430,1977,128,4,19770508,128,10
13430,1977,128,5,19770318,77,10
13430,1977,129,5,19770608,159,10
13430,1977,129,62,19770923,266,10
13430,1977,130,4,19770509,129,10
13430,1977,130,5,19770703,184,10
13430,1977,131,5,19770501,121,10
13430,1977,132,31,19771015,288,10
13430,1977,132,4,19770512,132,10
13430,1977,132,5,19770515,135,10
13430,1977,132,62,19771020,293,10
13430,1977,135,6,19770604,155,10
13430,1977,136,6,19770608,159,10
13430,1977,137,5,19770708,189,10
13430,1977,138,5,19770520,140,10
13430,1977,201,25,19770528,148,10
13430,1977,202,18,19770619,170,10
13430,1977,202,21,19770819,231,10
13430,1977,203,15,19770503,123,10
13430,1977,203,18,19770601,152,10
13430,1977,203,21,19770821,233,10
13430,1977,203,24,19770904,247,10
13430,1977,203,6,19770617,168,10
13430,1977,204,21,19770725,206,10
13430,1977,205,24,19770822,234,10
13430,1977,205,5,19770510,130,10
13430,1977,206,21,19770813,225,10
13430,1977,206,24,19770904,247,10
13430,1977,207,21,19770811,223,10
13430,1977,215,12,19770530,150,10
13430,1977,252,10,19770429,119,10
13430,1977,252,12,19770511,131,10
13430,1977,252,24,19771012,285,10
13430,1977,253,10,19770429,119,10
13430,1977,253,12,19770514,134,10
13430,1977,253,24,19771020,293,10
13430,1977,310,5,19770517,137,10
13430,1977,310,7,19770527,147,10
13430,1977,311,29,19770823,235,10
13430,1977,313,29,19771016,289,10
13430,1977,320,5,19770506,126,10
13430,1977,320,7,19770516,136,10
13430,1977,322,29,19771013,286,10
13430,1977,330,5,19770502,122,10
13430,1977,330,7,19770514,134,10
13430,1977,331,29,19770628,179,10
13430,1977,332,29,19770716,197,10
13430,1977,340,29,19770801,213,10
13430,1977,340,5,19770505,125,10
13430,1977,340,7,19770517,137,10
13430,1977,350,29,19770714,195,10
13430,1977,350,4,19770406,96,10
13430,1977,350,5,19770424,114,10
13430,1977,372,29,19771009,282,10
13430,1978,102,5,19780412,102,10
13430,1978,103,5,19780526,146,10
13430,1978,103,62,19780817,229,10
13430,1978,107,8,19780516,136,10
13430,1978,108,5,19780522,142,10
13430,1978,112,31,19781015,288,10
13430,1978,112,4,19780427,117,10
13430,1978,113,5,19780306,65,10
13430,1978,114,5,19780814,226,10
13430,1978,115,5,19780907,250,10
13430,1978,116,5,19780324,83,10
13430,1978,117,5,19780615,166,10
13430,1978,117,62,19780912,255,10
13430,1978,118,8,19780522,142,10
13430,1978,120,5,19780424,114,10
13430,1978,121,4,19780523,143,10
13430,1978,121,5,19780604,155,10
13430,1978,122,31,19781013,286,10
13430,1978,122,4,19780503,123,10
13430,1978,122,5,19780525,145,10
13430,1978,122,62,19781011,284,10
13430,1978,123,31,19781013,286,10
13430,1978,123,4,19780428,118,10
13430,1978,123,5,19780504,124,10
13430,1978,123,62,19781013,286,10
13430,1978,124,5,19780405,95,10
13430,1978,125,5,19780501,121,10
13430,1978,127,5,19780305,64,10
13430,1978,128,4,19780425,115,10
13430,1978,129,5,19780608,159,10
13430,1978,129,62,19780920,263,10
13430,1978,130,4,19780506,126,10
13430,1978,130,5,19780707,188,10
13430,1978,131,5,19780508,128,10
13430,1978,132,31,19781021,294,10
13430,1978,132,4,19780517,137,10
13430,1978,132,5,19780519,139,10
13430,1978,132,62,19781021,294,10
13430,1978,135,6,19780527,147,10
13430,1978,136,6,19780609,160,10
13430,1978,137,5,19780710,191,10
13430,1978,138,5,19780530,150,10
13430,1978,201,25,19780529,149,10
13430,1978,205,5,19780523,143,10
13430,1978,252,10,19780426,116,10
13430,1978,252,12,19780508,128,10
13430,1978,252,24,19781019,292,10
13430,1978,253,10,19780426,116,10
13430,1978,253,12,19780510,130,10
13430,1978,253,24,19781106,310,10
13430,1978,310,5,19780522,142,10
13430,1978,310,7,19780601,152,10
13430,1978,311,29,19780820,232,10
13430,1978,313,29,19781020,293,10
13430,1978,320,5,19780512,132,10
13430,1978,320,7,19780523,143,10
13430,1978,322,29,19781020,293,10
13430,1978,330,5,19780504,124,10
13430,1978,330,7,19780519,139,10
13430,1978,331,29,19780708,189,10
13430,1978,332,29,19780726,207,10
13430,1978,340,29,19780729,210,10
13430,1978,340,5,19780507,127,10
13430,1978,340,7,19780522,142,10
13430,1978,350,29,19780722,203,10
13430,1978,350,4,19780410,100,10
13430,1978,350,5,19780422,112,10
13430,1978,371,29,19780918,261,10
13430,1978,372,29,19781009,282,10
13430,1979,102,5,19790423,113,10
13430,1979,103,5,19790525,145,10
13430,1979,103,62,19790726,207,10
13430,1979,107,8,19790518,138,10
13430,1979,108,5,19790526,146,10
13430,1979,112,31,19791009,282,10
13430,1979,112,4,19790505,125,10
13430,1979,113,5,19790403,93,10
13430,1979,114,5,19790822,234,10
13430,1979,115,5,19791003,276,10
13430,1979,117,5,19790611,162,10
13430,1979,117,62,19790928,271,10
13430,1979,118,8,19790521,141,10
13430,1979,120,5,19790513,133,10
13430,1979,122,31,19791005,278,10
13430,1979,122,4,19790514,134,10
13430,1979,122,5,19790525,145,10
13430,1979,122,62,19790915,258,10
13430,1979,123,31,19790930,273,10
13430,1979,123,4,19790503,123,10
13430,1979,123,5,19790505,125,10
13430,1979,123,62,19791010,283,10
13430,1979,124,5,19790414,104,10
13430,1979,125,5,19790515,135,10
13430,1979,127,5,19790310,69,10
13430,1979,128,4,19790508,128,10
13430,1979,129,5,19790614,165,10
13430,1979,129,62,19790913,256,10
13430,1979,130,4,19790516,136,10
13430,1979,130,5,19790630,181,10
13430,1979,131,5,19790508,128,10
13430,1979,132,31,19791015,288,10
13430,1979,132,4,19790520,140,10
13430,1979,132,5,19790524,144,10
13430,1979,132,62,19791009,282,10
13430,1979,135,6,19790526,146,10
13430,1979,136,6,19790602,153,10
13430,1979,137,5,19790711,192,10
13430,1979,138,5,19790530,150,10
13430,1979,201,25,19790601,152,10
13430,1979,252,10,19790508,128,10
13430,1979,252,12,19790521,141,10
13430,1979,252,24,19791016,289,10
13430,1979,253,10,19790508,128,10
13430,1979,253,12,19790520,140,10
13430,1979,253,24,19791023,296,10
13430,1979,310,5,19790524,144,10
13430,1979,310,7,19790601,152,10
13430,1979,311,29,19790821,233,10
13430,1979,313,29,19791024,297,10
13430,1979,320,5,19790519,139,10
13430,1979,320,7,19790527,147,10
13430,1979,322,29,19791020,293,10
13430,1979,330,5,19790514,134,10
13430,1979,330,7,19790525,145,10
13430,1979,331,29,19790701,182,10
13430,1979,332,29,19790711,192,10
13430,1979,340,29,19790717,198,10
13430,1979,340,5,19790521,141,10
13430,1979,340,7,19790529,149,10
13430,1979,350,29,19790714,195,10
13430,1979,350,4,19790418,108,10
13430,1979,350,5,19790510,130,10
13430,1979,371,29,19790912,255,10
13430,1979,372,29,19790925,268,10
13430,1980,102,5,19800417,107,10
13430,1980,103,5,19800528,148,10
13430,1980,103,62,19800801,213,10
13430,1980,107,8,19800522,142,10
13430,1980,108,5,19800525,145,10
13430,1980,112,31,19801009,282,10
13430,1980,112,4,19800502,122,10
13430,1980,113,5,19800301,60,10
13430,1980,116,5,19800413,103,10
13430,1980,117,5,19800621,172,10
13430,1980,117,62,19801013,286,10
13430,1980,120,5,19800506,126,10
13430,1980,122,31,19801007,280,10
13430,1980,122,4,19800511,131,10
13430,1980,122,5,19800528,148,10
13430,1980,122,62,19801015,288,10
13430,1980,123,31,19801010,283,10
13430,1980,123,4,19800426,116,10
13430,1980,123,5,19800509,129,10
13430,1980,123,62,19801012,285,10
13430,1980,124,5,19800411,101,10
13430,1980,125,5,19800508,128,10
13430,1980,127,5,19800226,57,10
13430,1980,128,4,19800519,139,10
13430,1980,129,5,19800620,171,10
13430,1980,129,62,19801003,276,10
13430,1980,130,4,19800517,137,10
13430,1980,130,5,19800714,195,10
13430,1980,131,5,19800518,138,10
13430,1980,132,31,19801014,287,10
13430,1980,132,4,19800524,144,10
13430,1980,132,5,19800526,146,10
13430,1980,132,62,19801017,290,10
13430,1980,135,6,19800612,163,10
13430,1980,136,6,19800622,173,10
13430,1980,137,5,19800719,200,10
13430,1980,138,5,19800530,150,10
13430,1980,201,25,19800605,156,10
13430,1980,202,10,19801014,287,10
13430,1980,202,12,19801101,305,10
13430,1980,208,10,19800318,77,10
13430,1980,208,12,19800402,92,10
13430,1980,252,10,19800503,123,10
13430,1980,252,12,19800516,136,10
13430,1980,252,24,19801021,294,10
13430,1980,310,5,19800518,138,10
13430,1980,310,7,19800529,149,10
13430,1980,313,29,19801020,293,10
13430,1980,320,5,19800514,134,10
13430,1980,320,7,19800530,150,10
13430,1980,322,29,19801018,291,10
13430,1980,330,5,19800508,128,10
13430,1980,330,7,19800521,141,10
13430,1980,331,29,19800715,196,10
13430,1980,332,29,19800804,216,10
13430,1980,340,29,19800810,222,10
13430,1980,340,5,19800513,133,10
13430,1980,340,7,19800528,148,10
13430,1980,350,29,19800721,202,10
13430,1980,350,4,19800418,108,10
13430,1980,350,5,19800428,118,10
13430,1980,371,29,19800922,265,10
13430,1980,372,29,19801005,278,10
13430,1981,102,5,19810402,92,10
13430,1981,103,5,19810603,154,10
13430,1981,103,62,19810727,208,10
13430,1981,107,8,19810505,125,10
13430,1981,108,5,19810519,139,10
13430,1981,112,31,19811008,281,10
13430,1981,112,4,19810412,102,10
13430,1981,113,5,19810312,71,10
13430,1981,116,5,19810322,81,10
13430,1981,117,5,19810608,159,10
13430,1981,117,62,19810919,262,10
13430,1981,118,8,19810515,135,10
13430,1981,120,5,19810425,115,10
13430,1981,122,31,19811011,284,10
13430,1981,122,4,19810507,127,10
13430,1981,122,5,19810527,147,10
13430,1981,122,62,19811015,288,10
13430,1981,123,31,19811013,286,10
13430,1981,123,4,19810412,102,10
13430,1981,124,5,19810327,86,10
13430,1981,125,5,19810414,104,10
13430,1981,127,5,19810311,70,10
13430,1981,128,4,19810505,125,10
13430,1981,129,5,19810610,161,10
13430,1981,129,62,19810902,245,10
13430,1981,130,4,19810508,128,10
13430,1981,130,5,19810621,172,10
13430,1981,131,5,19810508,128,10
13430,1981,132,31,19811017,290,10
13430,1981,132,4,19810510,130,10
13430,1981,132,5,19810512,132,10
13430,1981,135,6,19810605,156,10
13430,1981,136,6,19810609,160,10
13430,1981,138,5,19810519,139,10
13430,1981,201,25,19810601,152,10
13430,1981,202,10,19811028,301,10
13430,1981,202,21,19810812,224,10
13430,1981,203,10,19811008,281,10
13430,1981,203,12,19811103,307,10
13430,1981,215,24,19810925,268,10
13430,1981,252,10,19810413,103,10
13430,1981,252,12,19810428,118,10
13430,1981,252,24,19811006,279,10
13430,1981,310,5,19810511,131,10
13430,1981,310,7,19810519,139,10
13430,1981,311,29,19810824,236,10
13430,1981,313,29,19811007,280,10
13430,1981,320,5,19810501,121,10
13430,1981,320,7,19810511,131,10
13430,1981,322,29,19811016,289,10
13430,1981,330,5,19810414,104,10
13430,1981,330,7,19810504,124,10
13430,1981,331,29,19810706,187,10
13430,1981,332,29,19810718,199,10
13430,1981,340,29,19810722,203,10
13430,1981,340,5,19810504,124,10
13430,1981,340,7,19810518,138,10
13430,1981,350,29,19810715,196,10
13430,1981,350,4,19810331,90,10
13430,1981,350,5,19810413,103,10
13430,1981,371,29,19810818,230,10
13430,1981,372,29,19810918,261,10
13430,1982,102,5,19820404,94,10
13430,1982,103,62,19820805,217,10
13430,1982,107,8,19820511,131,10
13430,1982,108,5,19820521,141,10
13430,1982,112,31,19820930,273,10
13430,1982,112,4,19820509,129,10
13430,1982,113,5,19820314,73,10
13430,1982,116,5,19820401,91,10
13430,1982,117,5,19820607,158,10
13430,1982,120,5,19820425,115,10
13430,1982,122,4,19820511,131,10
13430,1982,122,5,19820522,142,10
13430,1982,122,62,19820925,268,10
13430,1982,124,5,19820404,94,10
13430,1982,127,5,19820303,62,10
13430,1982,129,5,19820615,166,10
13430,1982,129,62,19820828,240,10
13430,1982,130,5,19820628,179,10
13430,1982,132,31,19821005,278,10
13430,1982,132,4,19820520,140,10
13430,1982,132,62,19821001,274,10
13430,1982,136,6,19820606,157,10
13430,1982,138,5,19820523,143,10
13430,1982,310,5,19820516,136,10
13430,1982,311,29,19820821,233,10
13430,1982,320,5,19820521,141,10
13430,1982,322,29,19821018,291,10
13430,1982,330,5,19820505,125,10
13430,1982,331,29,19820704,185,10
13430,1982,340,29,19820719,200,10
13430,1982,340,5,19820517,137,10
13430,1982,350,29,19820715,196,10
13430,1982,350,4,19820406,96,10
13430,1982,350,5,19820424,114,10
13430,1982,372,29,19820909,252,10
13430,1983,102,5,19830411,101,10
13430,1983,103,62,19830731,212,10
13430,1983,107,8,19830515,135,10
13430,1983,108,5,19830522,142,10
13430,1983,112,31,19831008,281,10
13430,1983,112,4,19830429,119,10
13430,1983,113,5,19830308,67,10
13430,1983,116,5,19830404,94,10
13430,1983,117,5,19830608,159,10
13430,1983,118,8,19830605,156,10
13430,1983,120,5,19830427,117,10
13430,1983,122,31,19830923,266,10
13430,1983,122,4,19830506,126,10
13430,1983,122,5,19830524,144,10
13430,1983,122,62,19830920,263,10
13430,1983,124,5,19830412,102,10
13430,1983,127,5,19830304,63,10
13430,1983,129,5,19830613,164,10
13430,1983,129,62,19830909,252,10
13430,1983,130,5,19830701,182,10
13430,1983,132,31,19831011,284,10
13430,1983,132,4,19830510,130,10
13430,1983,132,62,19830923,266,10
13430,1983,136,6,19830531,151,10
13430,1983,138,5,19830521,141,10
13430,1983,310,5,19830515,135,10
13430,1983,311,29,19830812,224,10
13430,1983,320,5,19830510,130,10
13430,1983,322,29,19831021,294,10
13430,1983,330,5,19830427,117,10
13430,1983,340,29,19830722,203,10
13430,1983,340,5,19830507,127,10
13430,1983,350,29,19830707,188,10
13430,1983,350,4,19830418,108,10
13430,1983,350,5,19830426,116,10
13430,1983,372,29,19830922,265,10
13430,1984,102,5,19840419,109,10
13430,1984,103,62,19840825,237,10
13430,1984,107,8,19840525,145,10
13430,1984,108,5,19840602,153,10
13430,1984,112,31,19841007,280,10
13430,1984,112,4,19840508,128,10
13430,1984,113,5,19840301,60,10
13430,1984,117,5,19840703,184,10
13430,1984,118,8,19840530,150,10
13430,1984,120,5,19840505,125,10
13430,1984,122,4,19840514,134,10
13430,1984,122,5,19840531,151,10
13430,1984,124,5,19840421,111,10
13430,1984,127,5,19840306,65,10
13430,1984,129,5,19840630,181,10
13430,1984,129,62,19841008,281,10
13430,1984,130,5,19840716,197,10
13430,1984,132,4,19840521,141,10
13430,1984,136,6,19840614,165,10
13430,1984,138,5,19840529,149,10
13430,1984,310,5,19840520,140,10
13430,1984,313,29,19841016,289,10
13430,1984,320,5,19840517,137,10
13430,1984,322,29,19841011,284,10
13430,1984,330,5,19840510,130,10
13430,1984,331,29,19840724,205,10
13430,1984,340,29,19840812,224,10
13430,1984,340,5,19840516,136,10
13430,1984,350,29,19840807,219,10
13430,1984,350,5,19840512,132,10
13430,1984,372,29,19841006,279,10
13430,1985,102,5,19850413,103,10
13430,1985,103,62,19850910,253,10
13430,1985,107,8,19850513,133,10
13430,1985,108,5,19850520,140,10
13430,1985,112,31,19851012,285,10
13430,1985,112,4,19850505,125,10
13430,1985,113,5,19850328,87,10
13430,1985,116,5,19850423,113,10
13430,1985,117,5,19850613,164,10
13430,1985,118,8,19850515,135,10
13430,1985,120,5,19850507,127,10
13430,1985,122,4,19850512,132,10
13430,1985,122,5,19850522,142,10
13430,1985,122,62,19851015,288,10
13430,1985,124,5,19850406,96,10
13430,1985,127,5,19850325,84,10
13430,1985,129,5,19850611,162,10
13430,1985,129,62,19850914,257,10
13430,1985,130,5,19850709,190,10
13430,1985,132,31,19851020,293,10
13430,1985,132,4,19850518,138,10
13430,1985,136,6,19850605,156,10
13430,1985,138,5,19850520,140,10
13430,1985,205,5,19850513,133,10
13430,1985,310,5,19850519,139,10
13430,1985,311,29,19850830,242,10
13430,1985,313,29,19851015,288,10
13430,1985,320,5,19850513,133,10
13430,1985,322,29,19851010,283,10
13430,1985,330,5,19850511,131,10
13430,1985,331,29,19850714,195,10
13430,1985,340,29,19850726,207,10
13430,1985,340,5,19850515,135,10
13430,1985,350,29,19850716,197,10
13430,1985,350,4,19850410,100,10
13430,1985,350,5,19850503,123,10
13430,1985,372,29,19850928,271,10
13430,1986,102,5,19860429,119,10
13430,1986,107,8,19860513,133,10
13430,1986,108,5,19860519,139,10
13430,1986,112,31,19861010,283,10
13430,1986,112,4,19860506,126,10
13430,1986,118,8,19860516,136,10
13430,1986,120,5,19860505,125,10
13430,1986,122,31,19861001,274,10
13430,1986,122,5,19860518,138,10
13430,1986,124,5,19860402,92,10
13430,1986,127,5,19860317,76,10
13430,1986,129,62,19860831,243,10
13430,1986,130,5,19860702,183,10
13430,1986,132,31,19861012,285,10
13430,1986,132,4,19860512,132,10
13430,1986,132,62,19861002,275,10
13430,1986,136,6,19860615,166,10
13430,1986,138,5,19860508,128,10
13430,1986,310,5,19860517,137,10
13430,1986,311,29,19860815,227,10
13430,1986,320,5,19860512,132,10
13430,1986,330,5,19860505,125,10
13430,1986,331,29,19860703,184,10
13430,1986,350,29,19860718,199,10
13430,1986,350,4,19860501,121,10
13430,1986,350,5,19860506,126,10
13430,1987,102,5,19870417,107,10
13430,1987,107,8,19870516,136,10
13430,1987,108,5,19870528,148,10
13430,1987,112,31,19871006,279,10
13430,1987,112,4,19870508,128,10
13430,1987,113,5,19870402,92,10
13430,1987,116,5,19870405,95,10
13430,1987,117,5,19870630,181,10
13430,1987,118,8,19870522,142,10
13430,1987,120,5,19870510,130,10
13430,1987,122,31,19871007,280,10
13430,1987,122,5,19870527,147,10
13430,1987,127,5,19870326,85,10
13430,1987,129,5,19870702,183,10
13430,1987,129,62,19870920,263,10
13430,1987,130,5,19870716,197,10
13430,1987,132,31,19871008,281,10
13430,1987,132,4,19870524,144,10
13430,1987,136,6,19870620,171,10
13430,1987,138,5,19870523,143,10
13430,1987,310,5,19870518,138,10
13430,1987,311,29,19870825,237,10
13430,1987,320,5,19870516,136,10
13430,1987,322,29,19871015,288,10
13430,1987,330,5,19870501,121,10
13430,1987,331,29,19870723,204,10
13430,1987,340,29,19870724,205,10
13430,1987,340,5,19870510,130,10
13430,1987,350,29,19870810,222,10
13430,1987,350,4,19870419,109,10
13430,1987,350,5,19870430,120,10
13430,1987,372,29,19871005,278,10
13430,1988,102,5,19880406,96,10
13430,1988,107,8,19880526,146,10
13430,1988,108,5,19880518,138,10
13430,1988,112,31,19881005,278,10
13430,1988,112,4,19880506,126,10
13430,1988,113,5,19880220,51,10
13430,1988,116,5,19880404,94,10
13430,1988,117,5,19880614,165,10
13430,1988,118,8,19880601,152,10
13430,1988,120,5,19880429,119,10
13430,1988,122,31,19881001,274,10
13430,1988,122,4,19880509,129,10
13430,1988,122,5,19880520,140,10
13430,1988,122,62,19880919,262,10
13430,1988,124,5,19880414,104,10
13430,1988,127,5,19880313,72,10
13430,1988,129,5,19880604,155,10
13430,1988,129,62,19880907,250,10
13430,1988,130,5,19880701,182,10
13430,1988,132,4,19880516,136,10
13430,1988,132,62,19880919,262,10
13430,1988,136,6,19880602,153,10
13430,1988,138,5,19880512,132,10
13430,1988,310,5,19880514,134,10
13430,1988,311,29,19880822,234,10
13430,1988,320,5,19880506,126,10
13430,1988,322,29,19881012,285,10
13430,1988,330,5,19880504,124,10
13430,1988,331,29,19880716,197,10
13430,1988,340,29,19880724,205,10
13430,1988,340,5,19880510,130,10
13430,1988,350,29,19880720,201,10
13430,1988,350,4,19880413,103,10
13430,1988,350,5,19880426,116,10
13430,1988,371,29,19880904,247,10
13430,1988,372,29,19880908,251,10
13430,1989,102,5,19890325,84,10
13430,1989,107,8,19890513,133,10
13430,1989,108,5,19890516,136,10
13430,1989,112,31,19890930,273,10
13430,1989,113,5,19890307,66,10
13430,1989,116,5,19890308,67,10
13430,1989,118,8,19890518,138,10
13430,1989,120,5,19890422,112,10
13430,1989,122,31,19890922,265,10
13430,1989,122,4,19890506,126,10
13430,1989,122,5,19890518,138,10
13430,1989,122,62,19890908,251,10
13430,1989,127,5,19890312,71,10
13430,1989,129,62,19890902,245,10
13430,1989,130,5,19890625,176,10
13430,1989,132,31,19891010,283,10
13430,1989,132,4,19890511,131,10
13430,1989,132,62,19890910,253,10
13430,1989,136,6,19890528,148,10
13430,1989,138,5,19890515,135,10
13430,1989,204,24,19890720,201,10
13430,1989,310,5,19890507,127,10
13430,1989,311,29,19890809,221,10
13430,1989,313,29,19891002,275,10
13430,1989,320,5,19890505,125,10
13430,1989,331,29,19890708,189,10
13430,1989,340,5,19890503,123,10
13430,1989,350,29,19890718,199,10
13430,1989,350,4,19890328,87,10
13430,1989,350,5,19890416,106,10
13430,1990,102,5,19900402,92,10
13430,1990,103,62,19900726,207,10
13430,1990,107,8,19900508,128,10
13430,1990,108,5,19900509,129,10
13430,1990,112,31,19900928,271,10
13430,1990,112,4,19900421,111,10
13430,1990,113,5,19900216,47,10
13430,1990,116,5,19900325,84,10
13430,1990,117,5,19900602,153,10
13430,1990,118,8,19900509,129,10
13430,1990,120,5,19900410,100,10
13430,1990,122,31,19900927,270,10
13430,1990,122,4,19900501,121,10
13430,1990,122,5,19900510,130,10
13430,1990,124,5,19900306,65,10
13430,1990,127,5,19900218,49,10
13430,1990,129,5,19900526,146,10
13430,1990,129,62,19900906,249,10
13430,1990,130,5,19900701,182,10
13430,1990,132,31,19901009,282,10
13430,1990,132,4,19900510,130,10
13430,1990,132,62,19900928,271,10
13430,1990,138,5,19900508,128,10
13430,1990,310,5,19900509,129,10
13430,1990,311,29,19900801,213,10
13430,1990,313,29,19901001,274,10
13430,1990,320,5,19900422,112,10
13430,1990,322,29,19901005,278,10
13430,1990,330,5,19900412,102,10
13430,1990,331,29,19900708,189,10
13430,1990,340,29,19900724,205,10
13430,1990,340,5,19900427,117,10
13430,1990,350,29,19900718,199,10
13430,1990,350,4,19900311,70,10
13430,1990,350,5,19900327,86,10
13430,1990,371,29,19900901,244,10
13430,1990,372,29,19900905,248,10
13430,1991,102,5,19910408,98,10
13430,1991,103,62,19910822,234,10
13430,1991,112,31,19911015,288,10
13430,1991,112,4,19910501,121,10
13430,1991,113,5,19910316,75,10
13430,1991,116,5,19910316,75,10
13430,1991,117,5,19910630,181,10
13430,1991,120,5,19910426,116,10
13430,1991,122,31,19911006,279,10
13430,1991,122,4,19910518,138,10
13430,1991,122,62,19910930,273,10
13430,1991,124,5,19910322,81,10
13430,1991,127,5,19910305,64,10
13430,1991,129,5,19910627,178,10
13430,1991,129,62,19910915,258,10
13430,1991,132,31,19911018,291,10
13430,1991,132,62,19911012,285,10
13430,1991,311,29,19910820,232,10
13430,1991,311,5,19910522,142,10
13430,1991,313,29,19911010,283,10
13430,1991,320,5,19910503,123,10
13430,1991,322,29,19911008,281,10
13430,1991,330,5,19910503,123,10
13430,1991,340,29,19910804,216,10
13430,1991,340,5,19910516,136,10
13430,1991,350,4,19910328,87,10
13430,1991,350,5,19910412,102,10
13430,1991,360,29,19910720,201,10
13430,1991,360,5,19910502,122,10
13430,1991,371,29,19910922,265,10
13430,1992,102,5,19920407,97,10
13430,1992,103,32,19921015,288,10
13430,1992,103,5,19920520,140,10
13430,1992,103,62,19920804,216,10
13430,1992,104,4,19920519,139,10
13430,1992,104,5,19920514,134,10
13430,1992,107,8,19920504,124,10
13430,1992,108,5,19920517,137,10
13430,1992,109,5,19920408,98,10
13430,1992,112,3,19920421,111,10
13430,1992,112,31,19921004,277,10
13430,1992,112,32,19921020,293,10
13430,1992,112,4,19920506,126,10
13430,1992,112,5,19920429,119,10
13430,1992,113,5,19920228,59,10
13430,1992,116,5,19920320,79,10
13430,1992,117,5,19920603,154,10
13430,1992,117,62,19920912,255,10
13430,1992,118,8,19920512,132,10
13430,1992,120,5,19920427,117,10
13430,1992,122,3,19920418,108,10
13430,1992,122,31,19920915,258,10
13430,1992,122,32,19921010,283,10
13430,1992,122,4,19920514,134,10
13430,1992,122,5,19920518,138,10
13430,1992,122,62,19920907,250,10
13430,1992,123,31,19920915,258,10
13430,1992,123,32,19921020,293,10
13430,1992,123,4,19920427,117,10
13430,1992,124,5,19920401,91,10
13430,1992,125,5,19920428,118,10
13430,1992,127,5,19920228,59,10
13430,1992,129,5,19920530,150,10
13430,1992,129,62,19920822,234,10
13430,1992,130,5,19920621,172,10
13430,1992,131,5,19920511,131,10
13430,1992,132,31,19921012,285,10
13430,1992,132,4,19920522,142,10
13430,1992,132,62,19921001,274,10
13430,1992,135,5,19920527,147,10
13430,1992,135,6,19920603,154,10
13430,1992,136,6,19920607,158,10
13430,1992,138,5,19920520,140,10
13430,1992,138,62,19920908,251,10
13430,1992,201,1,19920410,100,10
13430,1992,201,25,19920606,157,10
13430,1992,201,36,19920821,233,10
13430,1992,202,15,19920508,128,10
13430,1992,202,18,19920609,160,10
13430,1992,202,19,19920720,201,10
13430,1992,202,21,19920731,212,10
13430,1992,202,24,19920812,224,10
13430,1992,205,17,19920501,121,10
13430,1992,205,22,19920713,194,10
13430,1992,205,24,19920717,198,10
13430,1992,205,5,19920508,128,10
13430,1992,205,67,19920418,108,10
13430,1992,252,10,19920430,120,10
13430,1992,252,12,19920514,134,10
13430,1992,252,13,19920620,171,10
13430,1992,252,24,19921009,282,10
13430,1992,311,29,19920822,234,10
13430,1992,311,3,19920413,103,10
13430,1992,311,32,19921012,285,10
13430,1992,311,5,19920511,131,10
13430,1992,311,6,19920515,135,10
13430,1992,311,7,19920522,142,10
13430,1992,313,29,19921018,291,10
13430,1992,313,3,19920419,109,10
13430,1992,313,32,19921016,289,10
13430,1992,313,5,19920513,133,10
13430,1992,313,6,19920517,137,10
13430,1992,313,7,19920524,144,10
13430,1992,322,29,19921015,288,10
13430,1992,322,5,19920509,129,10
13430,1992,322,6,19920512,132,10
13430,1992,322,7,19920522,142,10
13430,1992,332,29,19920618,169,10
13430,1992,332,31,19920920,263,10
13430,1992,332,5,19920424,114,10
13430,1992,332,6,19920505,125,10
13430,1992,332,7,19920516,136,10
13430,1992,340,29,19920719,200,10
13430,1992,340,5,19920509,129,10
13430,1992,340,6,19920513,133,10
13430,1992,340,7,19920522,142,10
13430,1992,350,29,19920710,191,10
13430,1992,350,3,19920323,82,10
13430,1992,350,4,19920410,100,10
13430,1992,350,5,19920417,107,10
13430,1992,360,29,19920708,189,10
13430,1992,360,5,19920506,126,10
13430,1993,102,5,19930308,67,10
13430,1993,103,3,19930411,101,10
13430,1993,103,32,19931005,278,10
13430,1993,103,4,19930420,110,10
13430,1993,103,5,19930506,126,10
13430,1993,103,62,19930715,196,10
13430,1993,104,4,19930504,124,10
13430,1993,104,5,19930429,119,10
13430,1993,107,8,19930429,119,10
13430,1993,108,5,19930503,123,10
13430,1993,109,5,19930403,93,10
13430,1993,112,3,19930414,104,10
13430,1993,112,31,19931010,283,10
13430,1993,112,32,19931101,305,10
13430,1993,112,4,19930423,113,10
13430,1993,112,5,19930419,109,10
13430,1993,113,5,19930314,73,10
13430,1993,116,5,19930327,86,10
13430,1993,117,5,19930527,147,10
13430,1993,117,62,19930902,245,10
13430,1993,118,8,19930427,117,10
13430,1993,120,5,19930424,114,10
13430,1993,122,3,19930401,91,10
13430,1993,122,31,19930914,257,10
13430,1993,122,32,19930930,273,10
13430,1993,122,4,19930424,114,10
13430,1993,122,5,19930503,123,10
13430,1993,122,62,19930909,252,10
13430,1993,123,31,19930919,262,10
13430,1993,123,32,19931002,275,10
13430,1993,123,4,19930422,112,10
13430,1993,124,5,19930328,87,10
13430,1993,125,5,19930422,112,10
13430,1993,127,5,19930216,47,10
13430,1993,128,4,19930423,113,10
13430,1993,129,5,19930524,144,10
13430,1993,129,62,19930819,231,10
13430,1993,130,5,19930613,164,10
13430,1993,132,31,19931008,281,10
13430,1993,132,32,19931015,288,10
13430,1993,132,4,19930429,119,10
13430,1993,135,5,19930605,156,10
13430,1993,135,6,19930607,158,10
13430,1993,136,6,19930604,155,10
13430,1993,138,5,19930504,124,10
13430,1993,138,62,19930829,241,10
13430,1993,201,1,19930410,100,10
13430,1993,201,25,19930604,155,10
13430,1993,201,27,19930816,228,10
13430,1993,202,10,19931011,284,10
13430,1993,202,12,19931023,296,10
13430,1993,215,10,19930428,118,10
13430,1993,215,12,19930511,131,10
13430,1993,215,19,19930910,253,10
13430,1993,215,20,19930928,271,10
13430,1993,215,21,19931005,278,10
13430,1993,215,24,19931007,280,10
13430,1993,215,5,19930804,216,10
13430,1993,215,65,19930710,191,10
13430,1993,215,67,19930530,150,10
13430,1993,252,10,19930428,118,10
13430,1993,252,12,19930525,145,10
13430,1993,252,13,19930626,177,10
13430,1993,252,24,19931008,281,10
13430,1993,311,29,19930730,211,10
13430,1993,311,3,19930410,100,10
13430,1993,311,32,19931001,274,10
13430,1993,311,5,19930427,117,10
13430,1993,311,6,19930429,119,10
13430,1993,311,7,19930509,129,10
13430,1993,313,29,19930925,268,10
13430,1993,313,3,19930412,102,10
13430,1993,313,32,19931010,283,10
13430,1993,313,5,19930430,120,10
13430,1993,313,6,19930502,122,10
13430,1993,313,7,19930511,131,10
13430,1993,322,29,19930923,266,10
13430,1993,322,5,19930424,114,10
13430,1993,322,6,19930428,118,10
13430,1993,322,7,19930504,124,10
13430,1993,330,29,19930701,182,10
13430,1993,330,5,19930423,113,10
13430,1993,330,6,19930426,116,10
13430,1993,330,7,19930503,123,10
13430,1993,340,29,19930709,190,10
13430,1993,340,5,19930424,114,10
13430,1993,340,6,19930427,117,10
13430,1993,340,7,19930509,129,10
13430,1993,350,29,19930708,189,10
13430,1993,350,3,19930321,80,10
13430,1993,350,4,19930406,96,10
13430,1993,350,5,19930418,108,10
13430,1993,360,29,19930628,179,10
13430,1993,360,5,19930422,112,10
13430,1994,102,5,19940329,88,10
13430,1994,103,3,19940402,92,10
13430,1994,103,4,19940424,114,10
13430,1994,103,5,19940514,134,10
13430,1994,103,62,19940718,199,10
13430,1994,104,4,19940520,140,10
13430,1994,104,5,19940514,134,10
13430,1994,105,61,19940422,112,10
13430,1994,107,8,19940504,124,10
13430,1994,108,5,19940512,132,10
13430,1994,109,5,19940328,87,10
13430,1994,112,3,19940408,98,10
13430,1994,112,31,19941009,282,10
13430,1994,112,32,19941014,287,10
13430,1994,112,4,19940424,114,10
13430,1994,112,5,19940427,117,10
13430,1994,113,5,19940305,64,10
13430,1994,116,5,19940305,64,10
13430,1994,117,5,19940604,155,10
13430,1994,117,62,19940910,253,10
13430,1994,118,5,19940506,126,10
13430,1994,118,8,19940503,123,10
13430,1994,120,5,19940425,115,10
13430,1994,122,3,19940402,92,10
13430,1994,122,31,19940927,270,10
13430,1994,122,32,19941019,292,10
13430,1994,122,4,19940507,127,10
13430,1994,122,5,19940510,130,10
13430,1994,122,62,19941002,275,10
13430,1994,123,31,19940927,270,10
13430,1994,123,32,19941013,286,10
13430,1994,123,4,19940425,115,10
13430,1994,124,5,19940326,85,10
13430,1994,125,5,19940424,114,10
13430,1994,127,5,19940228,59,10
13430,1994,128,4,19940507,127,10
13430,1994,129,5,19940601,152,10
13430,1994,129,62,19940821,233,10
13430,1994,130,5,19940628,179,10
13430,1994,131,5,19940509,129,10
13430,1994,132,31,19941015,288,10
13430,1994,132,32,19941022,295,10
13430,1994,132,4,19940510,130,10
13430,1994,135,5,19940608,159,10
13430,1994,135,6,19940612,163,10
13430,1994,136,6,19940608,159,10
13430,1994,138,5,19940509,129,10
13430,1994,138,62,19940903,246,10
13430,1994,201,1,19940420,110,10
13430,1994,201,35,19940607,158,10
13430,1994,202,10,19940928,271,10
13430,1994,202,12,19941014,287,10
13430,1994,202,15,19940603,154,10
13430,1994,202,18,19940613,164,10
13430,1994,202,21,19940804,216,10
13430,1994,202,24,19940817,229,10
13430,1994,205,10,19940811,223,10
13430,1994,205,12,19940823,235,10
13430,1994,252,10,19940425,115,10
13430,1994,252,12,19940512,132,10
13430,1994,252,13,19940624,175,10
13430,1994,252,24,19940928,271,10
13430,1994,311,29,19940813,225,10
13430,1994,311,3,19940331,90,10
13430,1994,311,32,19941015,288,10
13430,1994,311,5,19940508,128,10
13430,1994,311,6,19940510,130,10
13430,1994,311,7,19940516,136,10
13430,1994,313,29,19940929,272,10
13430,1994,313,3,19940401,91,10
13430,1994,313,32,19941025,298,10
13430,1994,313,5,19940509,129,10
13430,1994,313,6,19940511,131,10
13430,1994,313,7,19940518,138,10
13430,1994,322,29,19940927,270,10
13430,1994,322,5,19940502,122,10
13430,1994,322,6,19940504,124,10
13430,1994,322,7,19940510,130,10
13430,1994,330,29,19940624,175,10
13430,1994,330,5,19940425,115,10
13430,1994,330,6,19940427,117,10
13430,1994,330,7,19940507,127,10
13430,1994,340,29,19940725,206,10
13430,1994,340,5,19940503,123,10
13430,1994,340,6,19940505,125,10
13430,1994,340,7,19940516,136,10
13430,1994,350,29,19940720,201,10
13430,1994,350,3,19940321,80,10
13430,1994,350,4,19940327,86,10
13430,1994,350,5,19940408,98,10
13430,1994,360,29,19940701,182,10
13430,1994,360,5,19940424,114,10
13430,1995,102,5,19950409,99,10
13430,1995,103,3,19950412,102,10
13430,1995,103,32,19951016,289,10
13430,1995,103,4,19950503,123,10
13430,1995,103,5,19950516,136,10
13430,1995,103,62,19950826,238,10
13430,1995,104,4,19950520,140,10
13430,1995,104,5,19950509,129,10
13430,1995,105,61,19950428,118,10
13430,1995,107,8,19950508,128,10
13430,1995,108,5,19950516,136,10
13430,1995,109,5,19950407,97,10
13430,1995,112,3,19950415,105,10
13430,1995,112,31,19951006,279,10
13430,1995,112,32,19951018,291,10
13430,1995,112,4,19950501,121,10
13430,1995,112,5,19950425,115,10
13430,1995,113,5,19950220,51,10
13430,1995,116,5,19950324,83,10
13430,1995,117,5,19950611,162,10
13430,1995,117,62,19950915,258,10
13430,1995,118,5,19950525,145,10
13430,1995,118,8,19950512,132,10
13430,1995,120,5,19950423,113,10
13430,1995,122,3,19950410,100,10
13430,1995,122,31,19951012,285,10
13430,1995,122,32,19951018,291,10
13430,1995,122,4,19950506,126,10
13430,1995,122,5,19950518,138,10
13430,1995,122,62,19950926,269,10
13430,1995,123,31,19951003,276,10
13430,1995,123,32,19951010,283,10
13430,1995,123,4,19950424,114,10
13430,1995,124,5,19950403,93,10
13430,1995,125,5,19950421,111,10
13430,1995,127,5,19950214,45,10
13430,1995,129,5,19950530,150,10
13430,1995,129,62,19950901,244,10
13430,1995,130,5,19950708,189,10
13430,1995,131,5,19950409,99,10
13430,1995,132,31,19951009,282,10
13430,1995,132,32,19951020,293,10
13430,1995,132,4,19950516,136,10
13430,1995,132,62,19951008,281,10
13430,1995,135,5,19950619,170,10
13430,1995,135,6,19950621,172,10
13430,1995,136,6,19950620,171,10
13430,1995,138,5,19950513,133,10
13430,1995,138,62,19950912,255,10
13430,1995,201,1,19950414,104,10
13430,1995,201,25,19950609,160,10
13430,1995,202,10,19951009,282,10
13430,1995,202,12,19951022,295,10
13430,1995,202,15,19950515,135,10
13430,1995,202,18,19950609,160,10
13430,1995,202,21,19950730,211,10
13430,1995,202,24,19950816,228,10
13430,1995,205,17,19950415,105,10
13430,1995,205,22,19950508,128,10
13430,1995,205,24,19950802,214,10
13430,1995,205,5,19950428,118,10
13430,1995,205,67,19950408,98,10
13430,1995,252,10,19950502,122,10
13430,1995,252,12,19950522,142,10
13430,1995,252,13,19950625,176,10
13430,1995,252,24,19951005,278,10
13430,1995,311,29,19950901,244,10
13430,1995,311,3,19950416,106,10
13430,1995,311,32,19951005,278,10
13430,1995,311,5,19950506,126,10
13430,1995,311,6,19950510,130,10
13430,1995,311,7,19950523,143,10
13430,1995,313,29,19951007,280,10
13430,1995,313,3,19950417,107,10
13430,1995,313,32,19951020,293,10
13430,1995,313,5,19950508,128,10
13430,1995,313,6,19950512,132,10
13430,1995,313,7,19950529,149,10
13430,1995,322,29,19951008,281,10
13430,1995,322,5,19950430,120,10
13430,1995,322,6,19950503,123,10
13430,1995,322,7,19950513,133,10
13430,1995,330,29,19950716,197,10
13430,1995,330,31,19950929,272,10
13430,1995,330,5,19950425,115,10
13430,1995,330,6,19950430,120,10
13430,1995,330,7,19950513,133,10
13430,1995,340,29,19950810,222,10
13430,1995,340,5,19950502,122,10
13430,1995,340,6,19950506,126,10
13430,1995,340,7,19950520,140,10
13430,1995,350,29,19950718,199,10
13430,1995,350,3,19950328,87,10
13430,1995,350,4,19950406,96,10
13430,1995,350,5,19950420,110,10
13430,1995,360,29,19950706,187,10
13430,1995,360,5,19950424,114,10
13430,1996,102,5,19960416,106,10
13430,1996,103,3,19960419,109,10
13430,1996,103,32,19961010,283,10
13430,1996,103,4,19960428,118,10
13430,1996,103,5,19960522,142,10
13430,1996,103,62,19960815,227,10
13430,1996,104,4,19960531,151,10
13430,1996,104,5,19960526,146,10
13430,1996,105,61,19960426,116,10
13430,1996,105,63,19961021,294,10
13430,1996,105,64,19961110,314,10
13430,1996,107,8,19960517,137,10
13430,1996,108,5,19960524,144,10
13430,1996,109,5,19960321,80,10
13430,1996,112,3,19960420,110,10
13430,1996,112,31,19961001,274,10
13430,1996,112,32,19961020,293,10
13430,1996,112,4,19960428,118,10
13430,1996,112,5,19960426,116,10
13430,1996,113,5,19960329,88,10
13430,1996,116,5,19960325,84,10
13430,1996,117,5,19960612,163,10
13430,1996,117,62,19960922,265,10
13430,1996,118,8,19960530,150,10
13430,1996,120,5,19960501,121,10
13430,1996,122,3,19960420,110,10
13430,1996,122,31,19960930,273,10
13430,1996,122,32,19961010,283,10
13430,1996,122,4,19960510,130,10
13430,1996,122,5,19960522,142,10
13430,1996,122,62,19960925,268,10
13430,1996,123,31,19960927,270,10
13430,1996,123,32,19961008,281,10
13430,1996,123,4,19960424,114,10
13430,1996,124,5,19960416,106,10
13430,1996,125,5,19960429,119,10
13430,1996,127,5,19960323,82,10
13430,1996,129,5,19960612,163,10
13430,1996,129,62,19960910,253,10
13430,1996,130,5,19960709,190,10
13430,1996,131,5,19960513,133,10
13430,1996,132,31,19961012,285,10
13430,1996,132,32,19961024,297,10
13430,1996,132,4,19960518,138,10
13430,1996,135,5,19960613,164,10
13430,1996,135,6,19960615,166,10
13430,1996,136,6,19960613,164,10
13430,1996,138,5,19960524,144,10
13430,1996,138,62,19960922,265,10
13430,1996,201,1,19960422,112,10
13430,1996,201,25,19960613,164,10
13430,1996,202,10,19961104,308,10
13430,1996,202,12,19961120,324,10
13430,1996,203,10,19961014,287,10
13430,1996,203,12,19961030,303,10
13430,1996,205,12,19960903,246,10
13430,1996,205,14,19960928,271,10
13430,1996,215,10,19960424,114,10
13430,1996,215,12,19960527,147,10
13430,1996,215,19,19960918,261,10
13430,1996,215,20,19961003,276,10
13430,1996,215,21,19961021,294,10
13430,1996,215,24,19961023,296,10
13430,1996,215,5,19960812,224,10
13430,1996,215,65,19960805,217,10
13430,1996,215,67,19960620,171,10
13430,1996,252,10,19960420,110,10
13430,1996,252,12,19960503,123,10
13430,1996,252,13,19960624,175,10
13430,1996,252,24,19961006,279,10
13430,1996,311,29,19960824,236,10
13430,1996,311,3,19960420,110,10
13430,1996,311,32,19961012,285,10
13430,1996,311,5,19960518,138,10
13430,1996,311,6,19960521,141,10
13430,1996,311,7,19960531,151,10
13430,1996,313,29,19961020,293,10
13430,1996,313,3,19960423,113,10
13430,1996,313,32,19961030,303,10
13430,1996,313,5,19960520,140,10
13430,1996,313,6,19960523,143,10
13430,1996,313,7,19960603,154,10
13430,1996,322,29,19961015,288,10
13430,1996,322,5,19960518,138,10
13430,1996,322,6,19960521,141,10
13430,1996,322,7,19960530,150,10
13430,1996,330,29,19960714,195,10
13430,1996,330,5,19960425,115,10
13430,1996,330,6,19960429,119,10
13430,1996,330,7,19960518,138,10
13430,1996,340,29,19960820,232,10
13430,1996,340,5,19960510,130,10
13430,1996,340,6,19960515,135,10
13430,1996,340,7,19960526,146,10
13430,1996,350,29,19960801,213,10
13430,1996,350,3,19960417,107,10
13430,1996,350,4,19960423,113,10
13430,1996,350,5,19960424,114,10
13430,1996,360,29,19960714,195,10
13430,1996,360,5,19960428,118,10
13430,1997,102,5,19970328,87,10
13430,1997,103,3,19970327,86,10
13430,1997,103,32,19971010,283,10
13430,1997,103,4,19970424,114,10
13430,1997,103,5,19970518,138,10
13430,1997,103,62,19970812,224,10
13430,1997,104,4,19970516,136,10
13430,1997,104,5,19970512,132,10
13430,1997,105,61,19970413,103,10
13430,1997,105,64,19971101,305,10
13430,1997,107,8,19970507,127,10
13430,1997,108,5,19970515,135,10
13430,1997,109,5,19970329,88,10
13430,1997,112,3,19970408,98,10
13430,1997,112,31,19970924,267,10
13430,1997,112,32,19971020,293,10
13430,1997,112,4,19970501,121,10
13430,1997,112,5,19970427,117,10
13430,1997,113,5,19970302,61,10
13430,1997,116,5,19970328,87,10
13430,1997,117,5,19970608,159,10
13430,1997,117,62,19970914,257,10
13430,1997,118,5,19970518,138,10
13430,1997,118,8,19970512,132,10
13430,1997,120,5,19970412,102,10
13430,1997,122,3,19970328,87,10
13430,1997,122,31,19970918,261,10
13430,1997,122,32,19971005,278,10
13430,1997,122,4,19970507,127,10
13430,1997,122,5,19970518,138,10
13430,1997,122,62,19970920,263,10
13430,1997,123,31,19970930,273,10
13430,1997,123,32,19971015,288,10
13430,1997,123,4,19970430,120,10
13430,1997,124,5,19970314,73,10
13430,1997,125,5,19970424,114,10
13430,1997,127,5,19970227,58,10
13430,1997,128,4,19970508,128,10
13430,1997,129,5,19970606,157,10
13430,1997,129,62,19970903,246,10
13430,1997,130,5,19970701,182,10
13430,1997,131,5,19970424,114,10
13430,1997,132,31,19971026,299,10
13430,1997,132,32,19971110,314,10
13430,1997,132,4,19970510,130,10
13430,1997,132,62,19971028,301,10
13430,1997,135,5,19970525,145,10
13430,1997,135,6,19970531,151,10
13430,1997,136,6,19970605,156,10
13430,1997,138,5,19970514,134,10
13430,1997,138,62,19970915,258,10
13430,1997,201,1,19970323,82,10
13430,1997,201,25,19970602,153,10
13430,1997,202,10,19971030,303,10
13430,1997,202,12,19971115,319,10
13430,1997,202,15,19970516,136,10
13430,1997,202,18,19970605,156,10
13430,1997,202,19,19970730,211,10
13430,1997,202,21,19970810,222,10
13430,1997,202,24,19970828,240,10
13430,1997,203,15,19970514,134,10
13430,1997,203,18,19970525,145,10
13430,1997,203,21,19970806,218,10
13430,1997,203,24,19970828,240,10
13430,1997,203,5,19970603,154,10
13430,1997,203,6,19970605,156,10
13430,1997,204,10,19970828,240,10
13430,1997,204,12,19970905,248,10
13430,1997,205,17,19970426,116,10
13430,1997,205,22,19970730,211,10
13430,1997,205,24,19970807,219,10
13430,1997,205,5,19970504,124,10
13430,1997,252,10,19970501,121,10
13430,1997,252,12,19970516,136,10
13430,1997,252,13,19970622,173,10
13430,1997,252,24,19971003,276,10
13430,1997,311,29,19970812,224,10
13430,1997,311,3,19970329,88,10
13430,1997,311,5,19970510,130,10
13430,1997,311,6,19970514,134,10
13430,1997,311,7,19970522,142,10
13430,1997,313,29,19971010,283,10
13430,1997,313,3,19970401,91,10
13430,1997,313,32,19971110,314,10
13430,1997,313,5,19970512,132,10
13430,1997,313,6,19970515,135,10
13430,1997,313,7,19970524,144,10
13430,1997,322,29,19971008,281,10
13430,1997,322,5,19970506,126,10
13430,1997,322,6,19970512,132,10
13430,1997,322,7,19970518,138,10
13430,1997,330,29,19970701,182,10
13430,1997,330,31,19970910,253,10
13430,1997,330,5,19970429,119,10
13430,1997,330,6,19970502,122,10
13430,1997,330,7,19970514,134,10
13430,1997,340,5,19970512,132,10
13430,1997,340,6,19970515,135,10
13430,1997,340,7,19970521,141,10
13430,1997,350,29,19970722,203,10
13430,1997,350,3,19970311,70,10
13430,1997,350,4,19970325,84,10
13430,1997,350,5,19970402,92,10
13430,1997,360,29,19970701,182,10
13430,1997,360,5,19970412,102,10
13430,1998,102,5,19980329,88,10
13430,1998,103,3,19980330,89,10
13430,1998,103,32,19981015,288,10
13430,1998,103,4,19980424,114,10
13430,1998,103,5,19980510,130,10
13430,1998,103,62,19980730,211,10
13430,1998,104,4,19980513,133,10
13430,1998,104,5,19980508,128,10
13430,1998,105,61,19980414,104,10
13430,1998,105,63,19981018,291,10
13430,1998,105,64,19981030,303,10
13430,1998,107,8,19980506,126,10
13430,1998,108,5,19980510,130,10
13430,1998,109,5,19980319,78,10
13430,1998,112,3,19980331,90,10
13430,1998,112,31,19980925,268,10
13430,1998,112,32,19981018,291,10
13430,1998,112,4,19980429,119,10
13430,1998,112,5,19980424,114,10
13430,1998,113,5,19980217,48,10
13430,1998,116,5,19980324,83,10
13430,1998,117,5,19980601,152,10
13430,1998,117,62,19980915,258,10
13430,1998,118,5,19980514,134,10
13430,1998,118,8,19980508,128,10
13430,1998,120,5,19980419,109,10
13430,1998,122,3,19980325,84,10
13430,1998,122,31,19981002,275,10
13430,1998,122,32,19981013,286,10
13430,1998,122,4,19980426,116,10
13430,1998,122,5,19980515,135,10
13430,1998,122,62,19980922,265,10
13430,1998,123,31,19980930,273,10
13430,1998,123,32,19981013,286,10
13430,1998,123,4,19980428,118,10
13430,1998,124,5,19980325,84,10
13430,1998,125,5,19980412,102,10
13430,1998,127,5,19980216,47,10
13430,1998,129,5,19980601,152,10
13430,1998,129,62,19980830,242,10
13430,1998,130,5,19980618,169,10
13430,1998,131,5,19980515,135,10
13430,1998,132,31,19981016,289,10
13430,1998,132,32,19981024,297,10
13430,1998,132,4,19980516,136,10
13430,1998,132,62,19981004,277,10
13430,1998,135,5,19980613,164,10
13430,1998,135,6,19980616,167,10
13430,1998,136,6,19980617,168,10
13430,1998,138,5,19980511,131,10
13430,1998,138,62,19980908,251,10
13430,1998,201,1,19980304,63,10
13430,1998,201,25,19980604,155,10
13430,1998,203,15,19980503,123,10
13430,1998,203,18,19980525,145,10
13430,1998,203,21,19980730,211,10
13430,1998,203,24,19980814,226,10
13430,1998,203,5,19980603,154,10
13430,1998,203,6,19980607,158,10
13430,1998,204,10,19980915,258,10
13430,1998,204,12,19981005,278,10
13430,1998,204,15,19980429,119,10
13430,1998,204,18,19980510,130,10
13430,1998,204,21,19980710,191,10
13430,1998,204,24,19980722,203,10
13430,1998,205,10,19980818,230,10
13430,1998,205,12,19980903,246,10
13430,1998,252,10,19980409,99,10
13430,1998,252,12,19980505,125,10
13430,1998,252,13,19980619,170,10
13430,1998,252,24,19981005,278,10
13430,1998,311,29,19980801,213,10
13430,1998,311,3,19980308,67,10
13430,1998,311,32,19981010,283,10
13430,1998,311,5,19980430,120,10
13430,1998,311,6,19980506,126,10
13430,1998,311,7,19980513,133,10
13430,1998,313,29,19981015,288,10
13430,1998,313,3,19980310,69,10
13430,1998,313,32,19981024,297,10
13430,1998,313,5,19980502,122,10
13430,1998,313,6,19980507,127,10
13430,1998,313,7,19980514,134,10
13430,1998,322,29,19981018,291,10
13430,1998,322,5,19980421,111,10
13430,1998,322,6,19980425,115,10
13430,1998,322,7,19980510,130,10
13430,1998,332,29,19980701,182,10
13430,1998,332,31,19981015,288,10
13430,1998,332,5,19980423,113,10
13430,1998,332,6,19980426,116,10
13430,1998,332,7,19980508,128,10
13430,1998,340,29,19980712,193,10
13430,1998,340,5,19980430,120,10
13430,1998,340,6,19980503,123,10
13430,1998,340,7,19980510,130,10
13430,1998,350,29,19980718,199,10
13430,1998,350,3,19980310,69,10
13430,1998,350,4,19980322,81,10
13430,1998,350,5,19980414,104,10
13430,1998,360,29,19980701,182,10
13430,1998,360,5,19980423,113,10
13430,1999,102,5,19990328,87,10
13430,1999,103,3,19990408,98,10
13430,1999,103,32,19991015,288,10
13430,1999,103,4,19990419,109,10
13430,1999,103,5,19990510,130,10
13430,1999,103,62,19990820,232,10
13430,1999,104,4,19990513,133,10
13430,1999,104,5,19990427,117,10
13430,1999,105,61,19990420,110,10
13430,1999,105,63,19991015,288,10
13430,1999,105,64,19991120,324,10
13430,1999,107,8,19990507,127,10
13430,1999,108,5,19990510,130,10
13430,1999,109,5,19990327,86,10
13430,1999,112,3,19990407,97,10
13430,1999,112,31,19991007,280,10
13430,1999,112,32,19991015,288,10
13430,1999,112,4,19990422,112,10
13430,1999,112,5,19990419,109,10
13430,1999,113,5,19990304,63,10
13430,1999,116,5,19990326,85,10
13430,1999,117,5,19990601,152,10
13430,1999,117,62,19990904,247,10
13430,1999,118,5,19990512,132,10
13430,1999,118,8,19990508,128,10
13430,1999,120,5,19990420,110,10
13430,1999,122,3,19990329,88,10
13430,1999,122,31,19990920,263,10
13430,1999,122,32,19991010,283,10
13430,1999,122,4,19990503,123,10
13430,1999,122,5,19990510,130,10
13430,1999,122,62,19990918,261,10
13430,1999,123,31,19991010,283,10
13430,1999,123,32,19991020,293,10
13430,1999,123,4,19990418,108,10
13430,1999,124,5,19990322,81,10
13430,1999,125,5,19990423,113,10
13430,1999,127,5,19990205,36,10
13430,1999,128,4,19990501,121,10
13430,1999,129,5,19990602,153,10
13430,1999,129,62,19990818,230,10
13430,1999,130,5,19990625,176,10
13430,1999,131,5,19990503,123,10
13430,1999,132,31,19991018,291,10
13430,1999,132,32,19991030,303,10
13430,1999,132,4,19990504,124,10
13430,1999,132,62,19991002,275,10
13430,1999,135,5,19990601,152,10
13430,1999,135,6,19990603,154,10
13430,1999,136,6,19990605,156,10
13430,1999,138,5,19990512,132,10
13430,1999,138,62,19990902,245,10
13430,1999,201,1,19990304,63,10
13430,1999,201,25,19990530,150,10
13430,1999,202,10,19990920,263,10
13430,1999,202,12,19990930,273,10
13430,1999,204,15,19990501,121,10
13430,1999,204,18,19990515,135,10
13430,1999,204,21,19990710,191,10
13430,1999,204,24,19990717,198,10
13430,1999,205,17,19990421,111,10
13430,1999,205,22,19990718,199,10
13430,1999,205,24,19990727,208,10
13430,1999,205,5,19990429,119,10
13430,1999,205,67,19990415,105,10
13430,1999,252,10,19990429,119,10
13430,1999,252,12,19990508,128,10
13430,1999,252,13,19990620,171,10
13430,1999,252,24,19991013,286,10
13430,1999,311,29,19990810,222,10
13430,1999,311,3,19990404,94,10
13430,1999,311,32,19991017,290,10
13430,1999,311,5,19990504,124,10
13430,1999,311,6,19990510,130,10
13430,1999,311,7,19990519,139,10
13430,1999,313,29,19991015,288,10
13430,1999,313,3,19990405,95,10
13430,1999,313,32,19991103,307,10
13430,1999,313,5,19990506,126,10
13430,1999,313,6,19990512,132,10
13430,1999,313,7,19990522,142,10
13430,1999,322,29,19991016,289,10
13430,1999,322,5,19990428,118,10
13430,1999,322,6,19990501,121,10
13430,1999,322,7,19990512,132,10
13430,1999,331,29,19990612,163,10
13430,1999,331,31,19990926,269,10
13430,1999,331,5,19990423,113,10
13430,1999,331,6,19990426,116,10
13430,1999,331,7,19990506,126,10
13430,1999,340,29,19990712,193,10
13430,1999,340,5,19990430,120,10
13430,1999,340,6,19990504,124,10
13430,1999,340,7,19990515,135,10
13430,1999,350,29,19990710,191,10
13430,1999,350,3,19990324,83,10
13430,1999,350,4,19990403,93,10
13430,1999,350,5,19990409,99,10
13430,1999,360,29,19990627,178,10
13430,1999,360,5,19990410,100,10
13430,2000,102,5,20000403,93,10
13430,2000,103,3,20000410,100,10
13430,2000,103,32,20001005,278,10
13430,2000,103,4,20000425,115,10
13430,2000,103,5,20000505,125,10
13430,2000,103,62,20000816,228,10
13430,2000,104,4,20000508,128,10
13430,2000,104,5,20000426,116,10
13430,2000,105,61,20000423,113,10
13430,2000,105,63,20001028,301,10
13430,2000,105,64,20001110,314,10
13430,2000,107,8,20000502,122,10
13430,2000,108,5,20000502,122,10
13430,2000,109,5,20000327,86,10
13430,2000,112,3,20000415,105,10
13430,2000,112,31,20001010,283,10
13430,2000,112,32,20001016,289,10
13430,2000,112,4,20000426,116,10
13430,2000,112,5,20000419,109,10
13430,2000,113,5,20000209,40,10
13430,2000,116,5,20000318,77,10
13430,2000,117,5,20000517,137,10
13430,2000,117,62,20000905,248,10
13430,2000,118,5,20000510,130,10
13430,2000,118,8,20000505,125,10
13430,2000,120,5,20000416,106,10
13430,2000,122,3,20000330,89,10
13430,2000,122,31,20000925,268,10
13430,2000,122,32,20001007,280,10
13430,2000,122,4,20000428,118,10
13430,2000,122,5,20000503,123,10
13430,2000,122,62,20000903,246,10
13430,2000,123,31,20000924,267,10
13430,2000,123,32,20001018,291,10
13430,2000,123,4,20000423,113,10
13430,2000,124,5,20000401,91,10
13430,2000,125,5,20000420,110,10
13430,2000,127,5,20000215,46,10
13430,2000,128,4,20000503,123,10
13430,2000,128,5,20000318,77,10
13430,2000,129,5,20000530,150,10
13430,2000,129,62,20000815,227,10
13430,2000,130,5,20000615,166,10
13430,2000,131,5,20000504,124,10
13430,2000,132,31,20001007,280,10
13430,2000,132,32,20001020,293,10
13430,2000,132,4,20000505,125,10
13430,2000,132,62,20000919,262,10
13430,2000,135,5,20000522,142,10
13430,2000,135,6,20000528,148,10
13430,2000,136,6,20000530,150,10
13430,2000,138,5,20000506,126,10
13430,2000,138,62,20000901,244,10
13430,2000,201,1,20000321,80,10
13430,2000,201,25,20000530,150,10
13430,2000,202,10,20000928,271,10
13430,2000,202,12,20001012,285,10
13430,2000,203,15,20000410,100,10
13430,2000,203,18,20000502,122,10
13430,2000,203,21,20000728,209,10
13430,2000,203,24,20000826,238,10
13430,2000,252,10,20000422,112,10
13430,2000,252,12,20000505,125,10
13430,2000,252,13,20000612,163,10
13430,2000,252,24,20001005,278,10
13430,2000,311,29,20000730,211,10
13430,2000,311,3,20000323,82,10
13430,2000,311,32,20001005,278,10
13430,2000,311,5,20000428,118,10
13430,2000,311,6,20000430,120,10
13430,2000,311,7,20000508,128,10
13430,2000,313,29,20001012,285,10
13430,2000,313,3,20000326,85,10
13430,2000,313,32,20001015,288,10
13430,2000,313,5,20000430,120,10
13430,2000,313,6,20000503,123,10
13430,2000,313,7,20000511,131,10
13430,2000,322,29,20001012,285,10
13430,2000,322,5,20000424,114,10
13430,2000,322,6,20000428,118,10
13430,2000,322,7,20000504,124,10
13430,2000,331,29,20000608,159,10
13430,2000,331,5,20000423,113,10
13430,2000,331,6,20000425,115,10
13430,2000,331,7,20000502,122,10
13430,2000,340,29,20000710,191,10
13430,2000,340,5,20000427,117,10
13430,2000,340,6,20000429,119,10
13430,2000,340,7,20000506,126,10
13430,2000,350,29,20000630,181,10
13430,2000,350,3,20000320,79,10
13430,2000,350,4,20000405,95,10
13430,2000,350,5,20000410,100,10
13430,2000,360,29,20000626,177,10
13430,2000,360,5,20000428,118,10
13430,2001,102,5,20010403,93,10
13430,2001,103,3,20010412,102,10
13430,2001,103,4,20010503,123,10
13430,2001,103,5,20010518,138,10
13430,2001,103,62,20010818,230,10
13430,2001,104,4,20010516,136,10
13430,2001,104,5,20010505,125,10
13430,2001,105,61,20010430,120,10
13430,2001,105,63,20011109,313,10
13430,2001,105,64,20011119,323,10
13430,2001,107,8,20010513,133,10
13430,2001,108,5,20010515,135,10
13430,2001,109,5,20010405,95,10
13430,2001,112,3,20010416,106,10
13430,2001,112,31,20010928,271,10
13430,2001,112,32,20011008,281,10
13430,2001,112,4,20010503,123,10
13430,2001,112,5,20010428,118,10
13430,2001,113,5,20010216,47,10
13430,2001,116,5,20010329,88,10
13430,2001,117,5,20010520,140,10
13430,2001,117,62,20010928,271,10
13430,2001,118,5,20010518,138,10
13430,2001,118,8,20010516,136,10
13430,2001,120,5,20010429,119,10
13430,2001,122,3,20010404,94,10
13430,2001,122,31,20010925,268,10
13430,2001,122,32,20011010,283,10
13430,2001,122,4,20010506,126,10
13430,2001,122,5,20010513,133,10
13430,2001,122,62,20010924,267,10
13430,2001,123,31,20011004,277,10
13430,2001,123,32,20011020,293,10
13430,2001,123,4,20010501,121,10
13430,2001,124,5,20010402,92,10
13430,2001,125,5,20010505,125,10
13430,2001,127,5,20010212,43,10
13430,2001,129,5,20010527,147,10
13430,2001,129,62,20010908,251,10
13430,2001,130,5,20010629,180,10
13430,2001,131,5,20010428,118,10
13430,2001,132,31,20011018,291,10
13430,2001,132,32,20011101,305,10
13430,2001,132,4,20010513,133,10
13430,2001,135,5,20010605,156,10
13430,2001,135,6,20010608,159,10
13430,2001,136,6,20010609,160,10
13430,2001,138,5,20010513,133,10
13430,2001,138,62,20010912,255,10
13430,2001,201,1,20010329,88,10
13430,2001,201,25,20010609,160,10
13430,2001,252,10,20010501,121,10
13430,2001,252,12,20010514,134,10
13430,2001,252,13,20010624,175,10
13430,2001,252,24,20011008,281,10
13430,2001,311,29,20010815,227,10
13430,2001,311,3,20010404,94,10
13430,2001,311,32,20011018,291,10
13430,2001,311,5,20010507,127,10
13430,2001,311,6,20010510,130,10
13430,2001,311,7,20010520,140,10
13430,2001,313,29,20011010,283,10
13430,2001,313,3,20010412,102,10
13430,2001,313,32,20011103,307,10
13430,2001,313,5,20010509,129,10
13430,2001,313,6,20010512,132,10
13430,2001,313,7,20010521,141,10
13430,2001,322,29,20011010,283,10
13430,2001,322,5,20010505,125,10
13430,2001,322,6,20010510,130,10
13430,2001,322,7,20010517,137,10
13430,2001,331,29,20010624,175,10
13430,2001,331,31,20011001,274,10
13430,2001,331,5,20010501,121,10
13430,2001,331,6,20010503,123,10
13430,2001,331,7,20010511,131,10
13430,2001,340,29,20010720,201,10
13430,2001,340,5,20010506,126,10
13430,2001,340,6,20010510,130,10
13430,2001,340,7,20010518,138,10
13430,2001,350,29,20010715,196,10
13430,2001,350,3,20010328,87,10
13430,2001,350,4,20010410,100,10
13430,2001,350,5,20010420,110,10
13430,2001,360,29,20010712,193,10
13430,2001,360,5,20010430,120,10
13430,2002,102,5,20020402,92,10
13430,2002,103,3,20020405,95,10
13430,2002,103,32,20021010,283,10
13430,2002,103,4,20020518,138,10
13430,2002,103,5,20020512,132,10
13430,2002,103,62,20020815,227,10
13430,2002,104,4,20020513,133,10
13430,2002,104,5,20020503,123,10
13430,2002,105,61,20020423,113,10
13430,2002,105,63,20021019,292,10
13430,2002,105,64,20021108,312,10
13430,2002,107,8,20020508,128,10
13430,2002,108,5,20020514,134,10
13430,2002,109,5,20020312,71,10
13430,2002,112,3,20020410,100,10
13430,2002,112,31,20020927,270,10
13430,2002,112,32,20021010,283,10
13430,2002,112,4,20020426,116,10
13430,2002,112,5,20020421,111,10
13430,2002,113,5,20020210,41,10
13430,2002,116,5,20020316,75,10
13430,2002,117,5,20020530,150,10
13430,2002,117,62,20020915,258,10
13430,2002,118,5,20020516,136,10
13430,2002,118,8,20020510,130,10
13430,2002,120,5,20020410,100,10
13430,2002,122,3,20020401,91,10
13430,2002,122,31,20020930,273,10
13430,2002,122,32,20021020,293,10
13430,2002,122,4,20020507,127,10
13430,2002,122,5,20020514,134,10
13430,2002,122,62,20020925,268,10
13430,2002,123,31,20020930,273,10
13430,2002,123,32,20021012,285,10
13430,2002,123,4,20020428,118,10
13430,2002,124,5,20020320,79,10
13430,2002,125,5,20020418,108,10
13430,2002,127,5,20020211,42,10
13430,2002,128,4,20020508,128,10
13430,2002,129,5,20020528,148,10
13430,2002,129,62,20020829,241,10
13430,2002,130,5,20020624,175,10
13430,2002,131,5,20020501,121,10
13430,2002,132,31,20021013,286,10
13430,2002,132,32,20021029,302,10
13430,2002,132,4,20020522,142,10
13430,2002,132,62,20021008,281,10
13430,2002,135,5,20020606,157,10
13430,2002,135,6,20020614,165,10
13430,2002,136,6,20020616,167,10
13430,2002,138,5,20020513,133,10
13430,2002,138,62,20020910,253,10
13430,2002,201,1,20020317,76,10
13430,2002,201,25,20020521,141,10
13430,2002,205,10,20020807,219,10
13430,2002,205,12,20020821,233,10
13430,2002,205,14,20020916,259,10
13430,2002,252,10,20020412,102,10
13430,2002,252,12,20020506,126,10
13430,2002,252,13,20020620,171,10
13430,2002,252,24,20020927,270,10
13430,2002,311,29,20020801,213,10
13430,2002,311,3,20020318,77,10
13430,2002,311,32,20021007,280,10
13430,2002,311,5,20020501,121,10
13430,2002,311,6,20020504,124,10
13430,2002,311,7,20020510,130,10
13430,2002,313,29,20021009,282,10
13430,2002,313,3,20020322,81,10
13430,2002,313,32,20021030,303,10
13430,2002,313,5,20020505,125,10
13430,2002,313,6,20020509,129,10
13430,2002,313,7,20020521,141,10
13430,2002,322,5,20020424,114,10
13430,2002,322,6,20020427,117,10
13430,2002,322,7,20020507,127,10
13430,2002,331,5,20020421,111,10
13430,2002,331,6,20020424,114,10
13430,2002,331,7,20020508,128,10
13430,2002,340,29,20020728,209,10
13430,2002,340,5,20020504,124,10
13430,2002,340,6,20020508,128,10
13430,2002,340,7,20020516,136,10
13430,2002,350,29,20020710,191,10
13430,2002,350,3,20020302,61,10
13430,2002,350,4,20020320,79,10
13430,2002,350,5,20020405,95,10
13430,2002,360,29,20020712,193,10
13430,2002,360,5,20020419,109,10
13430,2003,102,5,20030401,91,10
13430,2003,103,3,20030409,99,10
13430,2003,103,32,20031018,291,10
13430,2003,103,4,20030430,120,10
13430,2003,103,5,20030510,130,10
13430,2003,103,62,20030801,213,10
13430,2003,104,4,20030430,120,10
13430,2003,104,5,20030508,128,10
13430,2003,105,61,20030423,113,10
13430,2003,105,63,20031024,297,10
13430,2003,105,64,20031109,313,10
13430,2003,107,8,20030506,126,10
13430,2003,108,5,20030508,128,10
13430,2003,109,5,20030330,89,10
13430,2003,112,3,20030416,106,10
13430,2003,112,31,20031016,289,10
13430,2003,112,32,20031105,309,10
13430,2003,112,4,20030426,116,10
13430,2003,112,5,20030420,110,10
13430,2003,113,5,20030306,65,10
13430,2003,116,5,20030331,90,10
13430,2003,117,5,20030602,153,10
13430,2003,117,62,20030822,234,10
13430,2003,118,5,20030521,141,10
13430,2003,118,8,20030525,145,10
13430,2003,120,5,20030408,98,10
13430,2003,122,3,20030409,99,10
13430,2003,122,31,20030917,260,10
13430,2003,122,32,20030925,268,10
13430,2003,122,4,20030428,118,10
13430,2003,122,5,20030507,127,10
13430,2003,122,62,20030915,258,10
13430,2003,123,31,20031008,281,10
13430,2003,123,32,20031022,295,10
13430,2003,123,4,20030428,118,10
13430,2003,124,5,20030401,91,10
13430,2003,125,5,20030424,114,10
13430,2003,127,5,20030305,64,10
13430,2003,128,4,20030430,120,10
13430,2003,129,5,20030601,152,10
13430,2003,129,62,20030819,231,10
13430,2003,130,5,20030613,164,10
13430,2003,131,5,20030511,131,10
13430,2003,132,31,20031022,295,10
13430,2003,132,32,20031109,313,10
13430,2003,132,4,20030508,128,10
13430,2003,132,62,20030928,271,10
13430,2003,135,5,20030506,126,10
13430,2003,135,6,20030514,134,10
13430,2003,136,6,20030601,152,10
13430,2003,138,5,20030514,134,10
13430,2003,138,62,20030830,242,10
13430,2003,201,1,20030331,90,10
13430,2003,201,25,20030602,153,10
13430,2003,205,10,20030808,220,10
13430,2003,205,12,20030822,234,10
13430,2003,205,14,20031020,293,10
13430,2003,205,17,20030419,109,10
13430,2003,205,22,20030715,196,10
13430,2003,205,24,20030717,198,10
13430,2003,205,5,20030429,119,10
13430,2003,205,67,20030412,102,10
13430,2003,252,10,20030417,107,10
13430,2003,252,12,20030503,123,10
13430,2003,252,13,20030612,163,10
13430,2003,252,24,20031008,281,10
13430,2003,311,29,20030715,196,10
13430,2003,311,3,20030329,88,10
13430,2003,311,32,20031012,285,10
13430,2003,311,5,20030502,122,10
13430,2003,311,6,20030505,125,10
13430,2003,311,7,20030514,134,10
13430,2003,313,29,20031009,282,10
13430,2003,313,3,20030402,92,10
13430,2003,313,32,20031106,310,10
13430,2003,313,5,20030504,124,10
13430,2003,313,6,20030508,128,10
13430,2003,313,7,20030515,135,10
13430,2003,322,29,20031015,288,10
13430,2003,322,5,20030428,118,10
13430,2003,322,6,20030501,121,10
13430,2003,322,7,20030510,130,10
13430,2003,331,29,20030610,161,10
13430,2003,331,31,20030809,221,10
13430,2003,331,5,20030423,113,10
13430,2003,331,6,20030425,115,10
13430,2003,331,7,20030506,126,10
13430,2003,340,29,20030618,169,10
13430,2003,340,5,20030428,118,10
13430,2003,340,6,20030430,120,10
13430,2003,340,7,20030509,129,10
13430,2003,350,29,20030708,189,10
13430,2003,350,3,20030319,78,10
13430,2003,350,4,20030402,92,10
13430,2003,350,5,20030416,106,10
13430,2003,360,29,20030705,186,10
13430,2003,360,5,20030422,112,10
13430,2004,102,5,20040410,100,10
13430,2004,103,3,20040410,100,10
13430,2004,103,32,20041007,280,10
13430,2004,103,4,20040421,111,10
13430,2004,103,5,20040515,135,10
13430,2004,103,62,20040807,219,10
13430,2004,104,4,20040517,137,10
13430,2004,104,5,20040413,103,10
13430,2004,105,61,20040422,112,10
13430,2004,105,63,20041021,294,10
13430,2004,105,64,20041110,314,10
13430,2004,107,8,20040513,133,10
13430,2004,108,5,20040506,126,10
13430,2004,109,5,20040330,89,10
13430,2004,112,3,20040412,102,10
13430,2004,112,31,20040928,271,10
13430,2004,112,32,20041010,283,10
13430,2004,112,4,20040420,110,10
13430,2004,112,5,20040421,111,10
13430,2004,113,5,20040206,37,10
13430,2004,117,5,20040606,157,10
13430,2004,117,62,20040913,256,10
13430,2004,118,5,20040610,161,10
13430,2004,118,8,20040608,159,10
13430,2004,120,5,20040418,108,10
13430,2004,122,3,20040410,100,10
13430,2004,122,31,20040925,268,10
13430,2004,122,32,20041023,296,10
13430,2004,122,4,20040428,118,10
13430,2004,122,5,20040512,132,10
13430,2004,122,62,20040926,269,10
13430,2004,123,31,20040926,269,10
13430,2004,123,32,20041006,279,10
13430,2004,123,4,20040421,111,10
13430,2004,124,5,20040328,87,10
13430,2004,125,5,20040418,108,10
13430,2004,127,5,20040213,44,10
13430,2004,128,4,20040430,120,10
13430,2004,129,5,20040608,159,10
13430,2004,129,62,20040907,250,10
13430,2004,130,5,20040626,177,10
13430,2004,132,31,20041015,288,10
13430,2004,132,32,20041028,301,10
13430,2004,132,4,20040515,135,10
13430,2004,132,62,20041003,276,10
13430,2004,135,5,20040612,163,10
13430,2004,135,6,20040615,166,10
13430,2004,136,6,20040620,171,10
13430,2004,138,5,20040514,134,10
13430,2004,138,62,20040905,248,10
13430,2004,201,1,20040330,89,10
13430,2004,201,25,20040608,159,10
13430,2004,204,10,20040830,242,10
13430,2004,204,12,20040913,256,10
13430,2004,205,17,20040414,104,10
13430,2004,205,22,20040805,217,10
13430,2004,205,24,20040806,218,10
13430,2004,205,5,20040427,117,10
13430,2004,205,67,20040410,100,10
13430,2004,252,10,20040416,106,10
13430,2004,252,12,20040503,123,10
13430,2004,252,13,20040615,166,10
13430,2004,252,24,20041002,275,10
13430,2004,311,29,20040820,232,10
13430,2004,311,3,20040328,87,10
13430,2004,311,32,20041008,281,10
13430,2004,311,5,20040501,121,10
13430,2004,311,6,20040510,130,10
13430,2004,311,7,20040520,140,10
13430,2004,313,29,20041021,294,10
13430,2004,313,3,20040406,96,10
13430,2004,313,32,20041109,313,10
13430,2004,313,5,20040504,124,10
13430,2004,313,6,20040510,130,10
13430,2004,313,7,20040525,145,10
13430,2004,322,29,20041021,294,10
13430,2004,322,5,20040424,114,10
13430,2004,322,6,20040427,117,10
13430,2004,322,7,20040511,131,10
13430,2004,331,29,20040624,175,10
13430,2004,331,5,20040422,112,10
13430,2004,331,6,20040424,114,10
13430,2004,331,7,20040503,123,10
13430,2004,340,29,20040710,191,10
13430,2004,340,5,20040424,114,10
13430,2004,340,6,20040426,116,10
13430,2004,340,7,20040508,128,10
13430,2004,350,29,20040720,201,10
13430,2004,350,3,20040328,87,10
13430,2004,350,4,20040407,97,10
13430,2004,350,5,20040420,110,10
13430,2004,360,29,20040707,188,10
13430,2004,360,5,20040422,112,10
13430,2005,102,5,20050411,101,10
13430,2005,103,3,20050410,100,10
13430,2005,103,32,20051008,281,10
13430,2005,103,4,20050503,123,10
13430,2005,103,5,20050514,134,10
13430,2005,103,62,20050803,215,10
13430,2005,104,4,20050512,132,10
13430,2005,105,61,20050420,110,10
13430,2005,105,63,20051018,291,10
13430,2005,105,64,20051110,314,10
13430,2005,107,8,20050503,123,10
13430,2005,108,5,20050511,131,10
13430,2005,109,5,20050331,90,10
13430,2005,112,3,20050412,102,10
13430,2005,112,31,20051006,279,10
13430,2005,112,32,20051012,285,10
13430,2005,112,4,20050418,108,10
13430,2005,112,5,20050419,109,10
13430,2005,113,5,20050322,81,10
13430,2005,116,5,20050328,87,10
13430,2005,117,5,20050610,161,10
13430,2005,117,62,20050910,253,10
13430,2005,118,5,20050524,144,10
13430,2005,118,8,20050502,122,10
13430,2005,120,5,20050419,109,10
13430,2005,122,3,20050405,95,10
13430,2005,122,31,20050927,270,10
13430,2005,122,32,20051015,288,10
13430,2005,122,4,20050501,121,10
13430,2005,122,5,20050511,131,10
13430,2005,122,62,20050918,261,10
13430,2005,123,31,20050930,273,10
13430,2005,123,32,20051013,286,10
13430,2005,123,4,20050427,117,10
13430,2005,124,5,20050406,96,10
13430,2005,125,5,20050421,111,10
13430,2005,127,5,20050316,75,10
13430,2005,129,5,20050610,161,10
13430,2005,129,62,20050901,244,10
13430,2005,130,5,20050627,178,10
13430,2005,132,31,20051015,288,10
13430,2005,132,32,20051022,295,10
13430,2005,132,4,20050508,128,10
13430,2005,135,5,20050602,153,10
13430,2005,135,6,20050612,163,10
13430,2005,136,6,20050614,165,10
13430,2005,138,5,20050518,138,10
13430,2005,138,62,20050916,259,10
13430,2005,201,1,20050328,87,10
13430,2005,201,25,20050607,158,10
13430,2005,203,10,20050921,264,10
13430,2005,203,12,20050929,272,10
13430,2005,204,15,20050505,125,10
13430,2005,204,18,20050520,140,10
13430,2005,204,24,20050718,199,10
13430,2005,205,10,20050816,228,10
13430,2005,205,12,20050912,255,10
13430,2005,205,14,20051016,289,10
13430,2005,208,10,20050324,83,10
13430,2005,208,12,20050412,102,10
13430,2005,208,15,20050520,140,10
13430,2005,208,21,20050803,215,10
13430,2005,208,24,20050818,230,10
13430,2005,208,66,20050613,164,10
13430,2005,252,10,20050415,105,10
13430,2005,252,12,20050506,126,10
13430,2005,252,13,20050616,167,10
13430,2005,252,24,20051008,281,10
13430,2005,311,29,20050818,230,10
13430,2005,311,3,20050405,95,10
13430,2005,311,32,20050920,263,10
13430,2005,311,5,20050501,121,10
13430,2005,311,6,20050510,130,10
13430,2005,311,7,20050516,136,10
13430,2005,313,29,20051018,291,10
13430,2005,313,3,20050412,102,10
13430,2005,313,32,20051010,283,10
13430,2005,313,5,20050510,130,10
13430,2005,313,6,20050515,135,10
13430,2005,313,7,20050528,148,10
13430,2005,322,29,20051015,288,10
13430,2005,322,5,20050429,119,10
13430,2005,322,6,20050501,121,10
13430,2005,322,7,20050515,135,10
13430,2005,331,5,20050421,111,10
13430,2005,331,6,20050424,114,10
13430,2005,331,7,20050510,130,10
13430,2005,340,29,20050626,177,10
13430,2005,340,5,20050426,116,10
13430,2005,340,6,20050430,120,10
13430,2005,340,7,20050510,130,10
13430,2005,350,29,20050710,191,10
13430,2005,350,3,20050328,87,10
13430,2005,350,4,20050411,101,10
13430,2005,350,5,20050419,109,10
13430,2005,360,29,20050712,193,10
13430,2005,360,5,20050420,110,10
13430,2006,102,5,20060417,107,10
13430,2006,103,3,20060419,109,10
13430,2006,103,32,20061015,288,10
13430,2006,103,4,20060430,120,10
13430,2006,103,5,20060512,132,10
13430,2006,103,62,20060822,234,10
13430,2006,104,4,20060515,135,10
13430,2006,104,5,20060429,119,10
13430,2006,105,61,20060428,118,10
13430,2006,105,63,20061009,282,10
13430,2006,105,64,20061106,310,10
13430,2006,107,8,20060511,131,10
13430,2006,108,5,20060510,130,10
13430,2006,109,5,20060416,106,10
13430,2006,112,3,20060418,108,10
13430,2006,112,31,20061014,287,10
13430,2006,112,32,20061020,293,10
13430,2006,112,4,20060501,121,10
13430,2006,112,5,20060502,122,10
13430,2006,113,5,20060402,92,10
13430,2006,116,5,20060414,104,10
13430,2006,117,5,20060617,168,10
13430,2006,117,62,20060916,259,10
13430,2006,118,5,20060512,132,10
13430,2006,118,8,20060506,126,10
13430,2006,120,5,20060504,124,10
13430,2006,122,3,20060417,107,10
13430,2006,122,31,20060930,273,10
13430,2006,122,32,20061018,291,10
13430,2006,122,4,20060505,125,10
13430,2006,122,5,20060512,132,10
13430,2006,122,62,20060922,265,10
13430,2006,123,31,20061008,281,10
13430,2006,123,32,20061022,295,10
13430,2006,123,4,20060428,118,10
13430,2006,124,5,20060416,106,10
13430,2006,125,5,20060501,121,10
13430,2006,127,5,20060324,83,10
13430,2006,129,5,20060611,162,10
13430,2006,129,62,20060831,243,10
13430,2006,130,5,20060624,175,10
13430,2006,131,5,20060519,139,10
13430,2006,132,31,20061015,288,10
13430,2006,132,32,20061028,301,10
13430,2006,132,4,20060510,130,10
13430,2006,132,62,20061007,280,10
13430,2006,135,5,20060522,142,10
13430,2006,135,6,20060530,150,10
13430,2006,136,6,20060602,153,10
13430,2006,138,5,20060512,132,10
13430,2006,138,62,20060918,261,10
13430,2006,201,1,20060417,107,10
13430,2006,201,25,20060610,161,10
13430,2006,203,10,20060919,262,10
13430,2006,203,12,20060930,273,10
13430,2006,203,15,20060501,121,10
13430,2006,203,18,20060518,138,10
13430,2006,203,21,20060720,201,10
13430,2006,203,24,20060902,245,10
13430,2006,203,5,20060610,161,10
13430,2006,203,6,20060613,164,10
13430,2006,204,10,20060916,259,10
13430,2006,204,12,20061012,285,10
13430,2006,205,17,20060428,118,10
13430,2006,205,24,20060808,220,10
13430,2006,205,5,20060612,163,10
13430,2006,252,10,20060425,115,10
13430,2006,252,12,20060509,129,10
13430,2006,252,13,20060611,162,10
13430,2006,252,24,20061012,285,10
13430,2006,311,29,20060820,232,10
13430,2006,311,3,20060420,110,10
13430,2006,311,32,20061010,283,10
13430,2006,311,5,20060506,126,10
13430,2006,311,6,20060509,129,10
13430,2006,311,7,20060518,138,10
13430,2006,313,29,20061028,301,10
13430,2006,313,3,20060424,114,10
13430,2006,313,32,20061030,303,10
13430,2006,313,5,20060511,131,10
13430,2006,313,6,20060515,135,10
13430,2006,313,7,20060523,143,10
13430,2006,322,5,20060504,124,10
13430,2006,322,6,20060515,135,10
13430,2006,322,7,20060520,140,10
13430,2006,331,29,20060622,173,10
13430,2006,331,5,20060502,122,10
13430,2006,331,6,20060505,125,10
13430,2006,331,7,20060516,136,10
13430,2006,340,29,20060722,203,10
13430,2006,340,5,20060508,128,10
13430,2006,340,6,20060510,130,10
13430,2006,340,7,20060516,136,10
13430,2006,350,29,20060720,201,10
13430,2006,350,3,20060408,98,10
13430,2006,350,4,20060415,105,10
13430,2006,350,5,20060427,117,10
13430,2006,360,29,20060705,186,10
13430,2006,360,5,20060429,119,10
13430,2007,102,5,20070415,105,10
13430,2007,103,3,20070410,100,10
13430,2007,103,32,20071003,276,10
13430,2007,103,4,20070415,105,10
13430,2007,103,5,20070501,121,10
13430,2007,103,62,20070808,220,10
13430,2007,104,4,20070515,135,10
13430,2007,104,5,20070425,115,10
13430,2007,105,61,20070421,111,10
13430,2007,105,64,20071110,314,10
13430,2007,107,8,20070425,115,10
13430,2007,108,5,20070428,118,10
13430,2007,109,5,20070309,68,10
13430,2007,112,3,20070408,98,10
13430,2007,112,31,20071001,274,10
13430,2007,112,32,20071018,291,10
13430,2007,112,4,20070415,105,10
13430,2007,112,5,20070421,111,10
13430,2007,113,5,20070213,44,10
13430,2007,116,5,20070319,78,10
13430,2007,117,5,20070522,142,10
13430,2007,117,62,20070906,249,10
13430,2007,118,5,20070428,118,10
13430,2007,118,8,20070422,112,10
13430,2007,120,5,20070412,102,10
13430,2007,122,3,20070403,93,10
13430,2007,122,31,20070920,263,10
13430,2007,122,32,20071016,289,10
13430,2007,122,4,20070423,113,10
13430,2007,122,5,20070424,114,10
13430,2007,122,62,20070907,250,10
13430,2007,123,31,20070920,263,10
13430,2007,123,32,20071015,288,10
13430,2007,123,4,20070416,106,10
13430,2007,124,5,20070324,83,10
13430,2007,125,5,20070404,94,10
13430,2007,127,5,20070212,43,10
13430,2007,129,5,20070511,131,10
13430,2007,129,62,20070819,231,10
13430,2007,130,5,20070604,155,10
13430,2007,131,5,20070418,108,10
13430,2007,132,31,20071005,278,10
13430,2007,132,32,20071020,293,10
13430,2007,132,4,20070429,119,10
13430,2007,135,5,20070429,119,10
13430,2007,135,6,20070501,121,10
13430,2007,138,5,20070423,113,10
13430,2007,138,62,20070905,248,10
13430,2007,201,1,20070304,63,10
13430,2007,201,25,20070608,159,10
13430,2007,203,15,20070410,100,10
13430,2007,203,18,20070501,121,10
13430,2007,203,21,20070707,188,10
13430,2007,203,24,20070805,217,10
13430,2007,203,5,20070516,136,10
13430,2007,203,6,20070519,139,10
13430,2007,204,10,20070916,259,10
13430,2007,204,12,20070928,271,10
13430,2007,204,15,20070415,105,10
13430,2007,204,18,20070507,127,10
13430,2007,204,21,20070610,161,10
13430,2007,204,24,20070711,192,10
13430,2007,205,10,20070816,228,10
13430,2007,205,12,20070831,243,10
13430,2007,252,10,20070412,102,10
13430,2007,252,12,20070424,114,10
13430,2007,252,13,20070609,160,10
13430,2007,252,24,20070927,270,10
13430,2007,311,29,20070805,217,10
13430,2007,311,3,20070410,100,10
13430,2007,311,32,20071003,276,10
13430,2007,311,5,20070423,113,10
13430,2007,311,6,20070426,116,10
13430,2007,311,7,20070501,121,10
13430,2007,313,29,20071020,293,10
13430,2007,313,3,20070412,102,10
13430,2007,313,32,20071028,301,10
13430,2007,313,5,20070426,116,10
13430,2007,313,6,20070428,118,10
13430,2007,313,7,20070508,128,10
13430,2007,322,5,20070415,105,10
13430,2007,322,6,20070417,107,10
13430,2007,322,7,20070425,115,10
13430,2007,330,29,20070614,165,10
13430,2007,330,5,20070414,104,10
13430,2007,330,6,20070416,106,10
13430,2007,330,7,20070422,112,10
13430,2007,340,5,20070418,108,10
13430,2007,340,6,20070420,110,10
13430,2007,340,7,20070428,118,10
13430,2007,350,29,20070705,186,10
13430,2007,350,3,20070320,79,10
13430,2007,350,4,20070326,85,10
13430,2007,350,5,20070406,96,10
13430,2007,360,29,20070701,182,10
13430,2007,360,5,20070413,103,10
13430,2008,102,5,20080418,108,10
13430,2008,103,3,20080412,102,10
13430,2008,103,32,20081005,278,10
13430,2008,103,4,20080506,126,10
13430,2008,103,5,20080516,136,10
13430,2008,103,62,20080810,222,10
13430,2008,104,4,20080511,131,10
13430,2008,107,8,20080507,127,10
13430,2008,108,5,20080509,129,10
13430,2008,109,5,20080229,59,10
13430,2008,112,3,20080416,106,10
13430,2008,112,31,20080930,273,10
13430,2008,112,32,20081021,294,10
13430,2008,112,4,20080430,120,10
13430,2008,112,5,20080429,119,10
13430,2008,113,5,20080209,40,10
13430,2008,117,5,20080526,146,10
13430,2008,117,62,20080910,253,10
13430,2008,118,5,20080511,131,10
13430,2008,118,8,20080503,123,10
13430,2008,120,5,20080421,111,10
13430,2008,122,3,20080223,54,10
13430,2008,122,31,20080913,256,10
13430,2008,122,32,20080930,273,10
13430,2008,122,4,20080510,130,10
13430,2008,122,5,20080513,133,10
13430,2008,122,62,20080915,258,10
13430,2008,123,31,20080922,265,10
13430,2008,123,32,20081012,285,10
13430,2008,123,4,20080415,105,10
13430,2008,124,5,20080320,79,10
13430,2008,125,5,20080428,118,10
13430,2008,127,5,20080207,38,10
13430,2008,128,4,20080420,110,10
13430,2008,128,5,20080218,49,10
13430,2008,129,5,20080531,151,10
13430,2008,129,62,20080822,234,10
13430,2008,130,5,20080620,171,10
13430,2008,132,31,20080915,258,10
13430,2008,132,32,20081010,283,10
13430,2008,132,4,20080509,129,10
13430,2008,132,62,20080922,265,10
13430,2008,135,5,20080520,140,10
13430,2008,135,6,20080522,142,10
13430,2008,136,6,20080523,143,10
13430,2008,138,5,20080509,129,10
13430,2008,138,62,20080828,240,10
13430,2008,201,1,20080414,104,10
13430,2008,201,25,20080603,154,10
13430,2008,202,10,20081011,284,10
13430,2008,202,12,20081025,298,10
13430,2008,202,15,20080430,120,10
13430,2008,202,18,20080526,146,10
13430,2008,202,21,20080728,209,10
13430,2008,202,24,20080801,213,10
13430,2008,205,17,20080419,109,10
13430,2008,205,22,20080508,128,10
13430,2008,205,24,20080727,208,10
13430,2008,205,5,20080430,120,10
13430,2008,252,10,20080422,112,10
13430,2008,252,12,20080506,126,10
13430,2008,252,13,20080608,159,10
13430,2008,252,24,20081007,280,10
13430,2008,311,29,20080808,220,10
13430,2008,311,3,20080410,100,10
13430,2008,311,32,20081006,279,10
13430,2008,311,5,20080502,122,10
13430,2008,311,6,20080508,128,10
13430,2008,311,7,20080511,131,10
13430,2008,313,29,20081020,293,10
13430,2008,313,3,20080415,105,10
13430,2008,313,32,20081108,312,10
13430,2008,313,5,20080505,125,10
13430,2008,313,6,20080508,128,10
13430,2008,313,7,20080516,136,10
13430,2008,322,29,20081020,293,10
13430,2008,322,5,20080501,121,10
13430,2008,322,6,20080506,126,10
13430,2008,322,7,20080512,132,10
13430,2008,331,29,20080624,175,10
13430,2008,331,31,20080910,253,10
13430,2008,331,5,20080425,115,10
13430,2008,331,6,20080429,119,10
13430,2008,331,7,20080506,126,10
13430,2008,350,29,20080710,191,10
13430,2008,350,3,20080402,92,10
13430,2008,350,4,20080412,102,10
13430,2008,350,5,20080414,104,10
13430,2008,360,29,20080706,187,10
13430,2008,360,5,20080422,112,10
13430,2009,102,5,20090404,94,10
13430,2009,103,3,20090410,100,10
13430,2009,103,32,20091020,293,10
13430,2009,103,4,20090422,112,10
13430,2009,103,5,20090505,125,10
13430,2009,103,62,20090814,226,10
13430,2009,104,4,20090501,121,10
13430,2009,105,61,20090414,104,10
13430,2009,105,64,20091110,314,10
13430,2009,107,8,20090423,113,10
13430,2009,108,5,20090501,121,10
13430,2009,109,5,20090407,97,10
13430,2009,112,3,20090405,95,10
13430,2009,112,31,20091005,278,10
13430,2009,112,32,20091105,309,10
13430,2009,112,4,20090411,101,10
13430,2009,112,5,20090412,102,10
13430,2009,113,5,20090310,69,10
13430,2009,116,5,20090402,92,10
13430,2009,117,5,20090524,144,10
13430,2009,117,62,20090906,249,10
13430,2009,118,5,20090502,122,10
13430,2009,118,8,20090413,103,10
13430,2009,120,5,20090414,104,10
13430,2009,122,3,20090402,92,10
13430,2009,122,31,20090916,259,10
13430,2009,122,32,20091008,281,10
13430,2009,122,4,20090422,112,10
13430,2009,122,5,20090430,120,10
13430,2009,122,62,20090914,257,10
13430,2009,123,31,20090918,261,10
13430,2009,123,32,20091015,288,10
13430,2009,123,4,20090411,101,10
13430,2009,124,5,20090402,92,10
13430,2009,125,5,20090416,106,10
13430,2009,127,5,20090301,60,10
13430,2009,128,4,20090416,106,10
13430,2009,128,5,20090315,74,10
13430,2009,129,5,20090528,148,10
13430,2009,129,62,20090827,239,10
13430,2009,130,5,20090620,171,10
13430,2009,131,5,20090430,120,10
13430,2009,132,31,20091005,278,10
13430,2009,132,32,20091020,293,10
13430,2009,132,4,20090428,118,10
13430,2009,136,6,20090601,152,10
13430,2009,138,5,20090504,124,10
13430,2009,138,62,20090914,257,10
13430,2009,201,1,20090405,95,10
13430,2009,201,25,20090615,166,10
13430,2009,202,15,20090423,113,10
13430,2009,202,18,20090526,146,10
13430,2009,202,21,20090808,220,10
13430,2009,202,24,20090820,232,10
13430,2009,203,10,20090918,261,10
13430,2009,203,12,20090930,273,10
13430,2009,204,10,20090910,253,10
13430,2009,204,12,20090921,264,10
13430,2009,252,10,20090408,98,10
13430,2009,252,12,20090423,113,10
13430,2009,252,13,20090608,159,10
13430,2009,252,24,20091007,280,10
13430,2009,311,29,20090801,213,10
13430,2009,311,3,20090405,95,10
13430,2009,311,32,20091008,281,10
13430,2009,311,5,20090419,109,10
13430,2009,311,6,20090424,114,10
13430,2009,311,7,20090515,135,10
13430,2009,313,29,20091025,298,10
13430,2009,313,3,20090408,98,10
13430,2009,313,32,20091030,303,10
13430,2009,313,5,20090423,113,10
13430,2009,313,6,20090426,116,10
13430,2009,313,7,20090510,130,10
13430,2009,322,29,20091025,298,10
13430,2009,322,5,20090412,102,10
13430,2009,322,6,20090416,106,10
13430,2009,322,7,20090505,125,10
13430,2009,331,29,20090624,175,10
13430,2009,331,5,20090413,103,10
13430,2009,331,6,20090416,106,10
13430,2009,331,7,20090423,113,10
13430,2009,350,29,20090712,193,10
13430,2009,350,3,20090402,92,10
13430,2009,350,4,20090409,99,10
13430,2009,350,5,20090412,102,10
13430,2009,360,29,20090630,181,10
13430,2009,360,5,20090413,103,10
13430,2010,102,5,20100410,100,10
13430,2010,103,3,20100419,109,10
13430,2010,103,4,20100504,124,10
13430,2010,103,5,20100524,144,10
13430,2010,103,62,20101001,274,10
13430,2010,104,4,20100527,147,10
13430,2010,105,61,20100418,108,10
13430,2010,105,63,20101016,289,10
13430,2010,105,64,20101102,306,10
13430,2010,107,8,20100504,124,10
13430,2010,108,5,20100517,137,10
13430,2010,109,5,20100406,96,10
13430,2010,112,3,20100408,98,10
13430,2010,112,31,20101015,288,10
13430,2010,112,32,20101026,299,10
13430,2010,112,4,20100422,112,10
13430,2010,112,5,20100424,114,10
13430,2010,113,5,20100324,83,10
13430,2010,117,5,20100626,177,10
13430,2010,117,62,20100920,263,10
13430,2010,118,5,20100430,120,10
13430,2010,118,8,20100403,93,10
13430,2010,120,5,20100423,113,10
13430,2010,122,3,20100405,95,10
13430,2010,122,31,20101001,274,10
13430,2010,122,32,20101010,283,10
13430,2010,122,4,20100502,122,10
13430,2010,122,5,20100517,137,10
13430,2010,122,62,20100930,273,10
13430,2010,123,31,20100920,263,10
13430,2010,123,32,20101008,281,10
13430,2010,123,4,20100428,118,10
13430,2010,124,5,20100404,94,10
13430,2010,125,5,20100427,117,10
13430,2010,127,5,20100314,73,10
13430,2010,128,4,20100510,130,10
13430,2010,128,5,20100328,87,10
13430,2010,129,5,20100612,163,10
13430,2010,129,62,20100901,244,10
13430,2010,130,5,20100630,181,10
13430,2010,132,31,20101004,277,10
13430,2010,132,32,20101012,285,10
13430,2010,132,4,20100504,124,10
13430,2010,138,5,20100525,145,10
13430,2010,138,62,20100908,251,10
13430,2010,201,1,20100325,84,10
13430,2010,201,25,20100610,161,10
13430,2010,203,15,20100420,110,10
13430,2010,203,18,20100524,144,10
13430,2010,203,21,20100710,191,10
13430,2010,203,24,20100720,201,10
13430,2010,204,10,20100920,263,10
13430,2010,204,12,20101008,281,10
13430,2010,205,10,20100808,220,10
13430,2010,205,12,20100905,248,10
13430,2010,205,14,20101020,293,10
13430,2010,252,10,20100425,115,10
13430,2010,252,12,20100510,130,10
13430,2010,252,24,20101006,279,10
13430,2010,311,29,20100812,224,10
13430,2010,311,3,20100412,102,10
13430,2010,311,32,20101010,283,10
13430,2010,311,5,20100506,126,10
13430,2010,311,6,20100508,128,10
13430,2010,311,7,20100525,145,10
13430,2010,313,29,20101010,283,10
13430,2010,313,3,20100416,106,10
13430,2010,313,32,20101026,299,10
13430,2010,313,5,20100509,129,10
13430,2010,313,6,20100512,132,10
13430,2010,313,7,20100521,141,10
13430,2010,322,29,20101016,289,10
13430,2010,322,5,20100429,119,10
13430,2010,322,6,20100502,122,10
13430,2010,322,7,20100514,134,10
13430,2010,330,29,20100704,185,10
13430,2010,330,5,20100430,120,10
13430,2010,330,6,20100503,123,10
13430,2010,330,7,20100509,129,10
13430,2010,340,5,20100530,150,10
13430,2010,340,6,20100503,123,10
13430,2010,340,7,20100510,130,10
13430,2010,350,29,20100715,196,10
13430,2010,350,3,20100325,84,10
13430,2010,350,4,20100408,98,10
13430,2010,350,5,20100417,107,10
13430,2010,360,29,20100707,188,10
13430,2010,360,5,20100421,111,10
13430,2011,102,5,20110401,91,10
13430,2011,103,3,20110403,93,10
13430,2011,103,32,20111008,281,10
13430,2011,103,4,20110414,104,10
13430,2011,103,5,20110504,124,10
13430,2011,103,62,20110730,211,10
13430,2011,104,4,20110505,125,10
13430,2011,105,61,20110412,102,10
13430,2011,107,8,20110502,122,10
13430,2011,108,5,20110426,116,10
13430,2011,109,5,20110320,79,10
13430,2011,112,3,20110405,95,10
13430,2011,112,31,20110928,271,10
13430,2011,112,32,20111103,307,10
13430,2011,112,4,20110413,103,10
13430,2011,112,5,20110414,104,10
13430,2011,113,5,20110310,69,10
13430,2011,116,5,20110315,74,10
13430,2011,117,5,20110521,141,10
13430,2011,117,62,20110912,255,10
13430,2011,118,5,20110427,117,10
13430,2011,118,8,20110421,111,10
13430,2011,120,5,20110410,100,10
13430,2011,122,3,20110330,89,10
13430,2011,122,31,20110914,257,10
13430,2011,122,32,20111010,283,10
13430,2011,122,4,20110417,107,10
13430,2011,122,5,20110425,115,10
13430,2011,122,62,20110907,250,10
13430,2011,123,31,20110914,257,10
13430,2011,123,32,20111010,283,10
13430,2011,123,4,20110418,108,10
13430,2011,124,5,20110322,81,10
13430,2011,125,5,20110414,104,10
13430,2011,127,5,20110301,60,10
13430,2011,129,5,20110518,138,10
13430,2011,129,62,20110822,234,10
13430,2011,130,5,20110604,155,10
13430,2011,132,31,20111012,285,10
13430,2011,132,32,20111025,298,10
13430,2011,132,4,20110422,112,10
13430,2011,138,5,20110502,122,10
13430,2011,138,62,20110830,242,10
13430,2011,201,1,20110403,93,10
13430,2011,201,25,20110626,177,10
13430,2011,204,10,20110916,259,10
13430,2011,204,12,20110925,268,10
13430,2011,204,15,20110430,120,10
13430,2011,204,18,20110510,130,10
13430,2011,204,21,20110626,177,10
13430,2011,204,24,20110716,197,10
13430,2011,205,17,20110410,100,10
13430,2011,205,22,20110812,224,10
13430,2011,205,24,20110816,228,10
13430,2011,205,5,20110428,118,10
13430,2011,205,67,20110322,81,10
13430,2011,252,10,20110408,98,10
13430,2011,252,12,20110416,106,10
13430,2011,252,24,20111005,278,10
13430,2011,311,29,20110728,209,10
13430,2011,311,3,20110406,96,10
13430,2011,311,32,20111020,293,10
13430,2011,311,5,20110422,112,10
13430,2011,311,6,20110425,115,10
13430,2011,311,7,20110506,126,10
13430,2011,313,29,20111026,299,10
13430,2011,313,3,20110411,101,10
13430,2011,313,32,20111101,305,10
13430,2011,313,5,20110425,115,10
13430,2011,313,6,20110428,118,10
13430,2011,313,7,20110508,128,10
13430,2011,322,29,20110925,268,10
13430,2011,322,5,20110411,101,10
13430,2011,322,6,20110414,104,10
13430,2011,322,7,20110429,119,10
13430,2011,330,29,20110620,171,10
13430,2011,330,31,20111001,274,10
13430,2011,330,5,20110409,99,10
13430,2011,330,6,20110411,101,10
13430,2011,330,7,20110425,115,10
13430,2011,340,29,20110701,182,10
13430,2011,340,5,20110417,107,10
13430,2011,340,6,20110427,117,10
13430,2011,340,7,20110507,127,10
13430,2011,350,29,20110701,182,10
13430,2011,350,3,20110315,74,10
13430,2011,350,4,20110330,89,10
13430,2011,350,5,20110407,97,10
13430,2011,360,29,20110625,176,10
13430,2011,360,5,20110411,101,10
13434,1955,102,5,19550424,114,10
13434,1955,105,61,19550429,119,10
13434,1955,108,5,19550624,175,10
13434,1955,112,31,19551023,296,10
13434,1955,112,32,19551028,301,10
13434,1955,112,4,19550429,119,10
13434,1955,113,5,19550409,99,10
13434,1955,114,5,19550813,225,10
13434,1955,115,5,19550914,257,10
13434,1955,116,5,19550416,106,10
13434,1955,122,31,19551010,283,10
13434,1955,122,32,19551015,288,10
13434,1955,122,4,19550430,120,10
13434,1955,122,62,19550930,273,10
13434,1955,123,31,19551016,289,10
13434,1955,123,32,19551025,298,10
13434,1955,123,4,19550430,120,10
13434,1955,124,5,19550404,94,10
13434,1955,127,5,19550314,73,10
13434,1955,129,5,19550607,158,10
13434,1955,129,62,19550922,265,10
13434,1955,130,5,19550606,157,10
13434,1955,201,25,19550625,176,10
13434,1955,201,27,19550819,231,10
13434,1955,202,10,19551015,288,10
13434,1955,202,23,19550823,235,10
13434,1955,203,10,19551005,278,10
13434,1955,203,12,19551021,294,10
13434,1955,203,23,19550812,224,10
13434,1955,204,10,19550924,267,10
13434,1955,204,12,19551004,277,10
13434,1955,204,23,19550805,217,10
13434,1955,205,10,19550826,238,10
13434,1955,205,12,19550927,270,10
13434,1955,205,24,19550721,202,10
13434,1955,206,10,19550404,94,10
13434,1955,206,23,19550830,242,10
13434,1955,207,10,19550406,96,10
13434,1955,207,23,19550820,232,10
13434,1955,208,10,19550328,87,10
13434,1955,208,23,19550823,235,10
13434,1955,252,10,19550428,118,10
13434,1955,252,24,19551009,282,10
13434,1955,253,24,19551021,294,10
13434,1955,311,29,19550818,230,10
13434,1955,313,29,19550929,272,10
13434,1955,321,29,19550825,237,10
13434,1955,322,29,19551001,274,10
13434,1955,332,29,19550717,198,10
13434,1955,340,29,19550808,220,10
13434,1955,350,29,19550719,200,10
13434,1955,350,4,19550430,120,10
13434,1955,371,29,19550827,239,10
13434,1956,102,5,19560411,101,10
13434,1956,103,62,19560811,223,10
13434,1956,105,61,19560506,126,10
13434,1956,107,8,19560523,143,10
13434,1956,108,5,19560524,144,10
13434,1956,112,31,19560919,262,10
13434,1956,112,4,19560504,124,10
13434,1956,114,5,19560813,225,10
13434,1956,115,5,19560922,265,10
13434,1956,116,5,19560330,89,10
13434,1956,120,5,19560507,127,10
13434,1956,122,4,19560507,127,10
13434,1956,122,5,19560507,127,10
13434,1956,123,4,19560511,131,10
13434,1956,124,5,19560314,73,10
13434,1956,127,5,19560317,76,10
13434,1956,129,5,19560619,170,10
13434,1956,129,62,19560927,270,10
13434,1956,130,5,19560722,203,10
13434,1956,201,25,19560621,172,10
13434,1956,201,27,19560822,234,10
13434,1956,202,10,19561025,298,10
13434,1956,202,18,19560620,171,10
13434,1956,202,23,19560825,237,10
13434,1956,203,10,19561011,284,10
13434,1956,203,12,19561021,294,10
13434,1956,203,15,19560525,145,10
13434,1956,203,18,19560528,148,10
13434,1956,203,23,19560811,223,10
13434,1956,203,6,19560610,161,10
13434,1956,204,10,19560921,264,10
13434,1956,205,10,19560816,228,10
13434,1956,205,12,19560830,242,10
13434,1956,205,24,19560724,205,10
13434,1956,205,5,19560522,142,10
13434,1956,206,10,19560418,108,10
13434,1956,207,10,19560322,81,10
13434,1956,207,12,19560425,115,10
13434,1956,207,18,19560625,176,10
13434,1956,207,23,19560820,232,10
13434,1956,208,10,19560324,83,10
13434,1956,208,12,19560423,113,10
13434,1956,208,23,19560826,238,10
13434,1956,208,66,19560626,177,10
13434,1956,243,11,19560521,141,10
13434,1956,243,5,19560629,180,10
13434,1956,310,5,19560518,138,10
13434,1956,310,6,19560522,142,10
13434,1956,310,7,19560527,147,10
13434,1956,311,29,19560828,240,10
13434,1956,313,29,19560929,272,10
13434,1956,320,5,19560519,139,10
13434,1956,320,6,19560523,143,10
13434,1956,320,7,19560528,148,10
13434,1956,321,29,19560827,239,10
13434,1956,322,29,19560927,270,10
13434,1956,330,5,19560506,126,10
13434,1956,330,6,19560511,131,10
13434,1956,330,7,19560517,137,10
13434,1956,332,29,19560629,180,10
13434,1956,340,29,19560809,221,10
13434,1956,340,5,19560510,130,10
13434,1956,340,6,19560517,137,10
13434,1956,340,7,19560525,145,10
13434,1956,350,29,19560727,208,10
13434,1956,350,4,19560428,118,10
13434,1956,350,5,19560509,129,10
13434,1956,371,29,19560914,257,10
13434,1956,372,29,19560924,267,10
13434,1957,102,5,19570408,98,10
13434,1957,105,5,19570416,106,10
13434,1957,105,61,19570509,129,10
13434,1957,107,8,19570517,137,10
13434,1957,108,5,19570520,140,10
13434,1957,112,4,19570420,110,10
13434,1957,113,5,19570215,46,10
13434,1957,115,5,19570920,263,10
13434,1957,116,5,19570329,88,10
13434,1957,120,5,19570410,100,10
13434,1957,122,5,19570521,141,10
13434,1957,123,5,19570515,135,10
13434,1957,124,5,19570211,42,10
13434,1957,127,5,19570208,39,10
13434,1957,129,5,19570613,164,10
13434,1957,129,62,19571003,276,10
13434,1957,135,6,19570613,164,10
13434,1957,136,6,19570615,166,10
13434,1957,201,25,19570616,167,10
13434,1957,202,10,19571016,289,10
13434,1957,202,12,19571027,300,10
13434,1957,202,18,19570617,168,10
13434,1957,203,10,19571007,280,10
13434,1957,203,12,19571016,289,10
13434,1957,203,15,19570524,144,10
13434,1957,203,18,19570603,154,10
13434,1957,203,6,19570615,166,10
13434,1957,204,18,19570605,156,10
13434,1957,205,5,19570430,120,10
13434,1957,206,10,19570305,64,10
13434,1957,206,12,19570315,74,10
13434,1957,207,10,19570322,81,10
13434,1957,207,12,19570409,99,10
13434,1957,208,10,19570322,81,10
13434,1957,208,12,19570407,97,10
13434,1957,208,66,19570628,179,10
13434,1957,252,12,19570514,134,10
13434,1957,252,24,19571004,277,10
13434,1957,253,10,19570423,113,10
13434,1957,253,12,19570516,136,10
13434,1957,253,24,19571018,291,10
13434,1957,310,5,19570512,132,10
13434,1957,310,7,19570530,150,10
13434,1957,313,29,19570922,265,10
13434,1957,320,5,19570502,122,10
13434,1957,320,6,19570510,130,10
13434,1957,322,29,19571008,281,10
13434,1957,330,5,19570411,101,10
13434,1957,330,6,19570420,110,10
13434,1957,330,7,19570501,121,10
13434,1957,331,29,19570614,165,10
13434,1957,340,5,19570422,112,10
13434,1957,340,6,19570507,127,10
13434,1957,340,7,19570513,133,10
13434,1957,350,5,19570423,113,10
13434,1958,102,5,19580425,115,10
13434,1958,105,61,19580510,130,10
13434,1958,107,8,19580520,140,10
13434,1958,108,5,19580524,144,10
13434,1958,112,31,19581008,281,10
13434,1958,112,32,19581020,293,10
13434,1958,112,4,19580503,123,10
13434,1958,114,5,19580814,226,10
13434,1958,115,5,19581004,277,10
13434,1958,116,5,19580414,104,10
13434,1958,118,8,19580516,136,10
13434,1958,120,5,19580508,128,10
13434,1958,122,31,19581013,286,10
13434,1958,122,32,19581026,299,10
13434,1958,122,62,19581003,276,10
13434,1958,123,31,19581021,294,10
13434,1958,123,32,19581029,302,10
13434,1958,123,4,19580512,132,10
13434,1958,123,62,19581015,288,10
13434,1958,125,5,19580503,123,10
13434,1958,129,5,19580708,189,10
13434,1958,129,62,19580826,238,10
13434,1958,130,5,19580616,167,10
13434,1958,132,31,19581021,294,10
13434,1958,132,32,19581027,300,10
13434,1958,132,62,19581017,290,10
13434,1958,135,6,19580517,137,10
13434,1958,136,6,19580519,139,10
13434,1958,137,5,19580710,191,10
13434,1958,201,25,19580614,165,10
13434,1958,201,27,19580803,215,10
13434,1958,202,10,19581024,297,10
13434,1958,202,23,19580817,229,10
13434,1958,203,10,19581006,279,10
13434,1958,203,12,19581015,288,10
13434,1958,203,18,19580608,159,10
13434,1958,203,23,19580805,217,10
13434,1958,203,6,19580613,164,10
13434,1958,204,10,19581014,287,10
13434,1958,204,12,19581022,295,10
13434,1958,204,23,19580801,213,10
13434,1958,205,10,19580826,238,10
13434,1958,206,10,19580412,102,10
13434,1958,207,10,19580414,104,10
13434,1958,207,23,19580819,231,10
13434,1958,208,10,19580416,106,10
13434,1958,208,12,19580503,123,10
13434,1958,208,23,19580823,235,10
13434,1958,243,24,19580807,219,10
13434,1958,252,10,19580502,122,10
13434,1958,252,12,19580513,133,10
13434,1958,252,24,19581017,290,10
13434,1958,253,10,19580504,124,10
13434,1958,253,12,19580516,136,10
13434,1958,253,24,19581017,290,10
13434,1958,310,5,19580520,140,10
13434,1958,310,6,19580526,146,10
13434,1958,313,29,19581028,301,10
13434,1958,320,5,19580515,135,10
13434,1958,320,6,19580522,142,10
13434,1958,320,7,19580528,148,10
13434,1958,322,29,19581019,292,10
13434,1958,330,5,19580514,134,10
13434,1958,332,29,19580710,191,10
13434,1958,340,29,19580720,201,10
13434,1958,340,5,19580513,133,10
13434,1958,350,29,19580720,201,10
13434,1958,350,4,19580429,119,10
13434,1958,350,5,19580506,126,10
13434,1958,372,29,19581015,288,10
13434,1959,102,5,19590402,92,10
13434,1959,105,61,19590417,107,10
13434,1959,107,8,19590502,122,10
13434,1959,112,31,19590912,255,10
13434,1959,112,32,19591015,288,10
13434,1959,112,4,19590415,105,10
13434,1959,113,5,19590222,53,10
13434,1959,114,5,19590815,227,10
13434,1959,118,8,19590506,126,10
13434,1959,120,5,19590419,109,10
13434,1959,122,62,19590930,273,10
13434,1959,123,31,19590915,258,10
13434,1959,123,32,19591013,286,10
13434,1959,123,4,19590421,111,10
13434,1959,123,62,19590925,268,10
13434,1959,124,5,19590216,47,10
13434,1959,127,5,19590227,58,10
13434,1959,129,5,19590605,156,10
13434,1959,129,62,19590826,238,10
13434,1959,132,31,19591008,281,10
13434,1959,132,32,19591018,291,10
13434,1959,132,62,19590920,263,10
13434,1959,135,6,19590601,152,10
13434,1959,201,25,19590608,159,10
13434,1959,201,27,19590818,230,10
13434,1959,202,18,19590610,161,10
13434,1959,202,23,19590724,205,10
13434,1959,203,15,19590508,128,10
13434,1959,203,18,19590526,146,10
13434,1959,203,23,19590721,202,10
13434,1959,203,6,19590608,159,10
13434,1959,204,10,19590915,258,10
13434,1959,204,15,19590503,123,10
13434,1959,204,18,19590512,132,10
13434,1959,204,23,19590709,190,10
13434,1959,205,10,19590913,256,10
13434,1959,205,24,19590706,187,10
13434,1959,205,5,19590422,112,10
13434,1959,206,10,19590228,59,10
13434,1959,206,12,19590501,121,10
13434,1959,206,18,19590615,166,10
13434,1959,206,23,19590806,218,10
13434,1959,207,10,19590315,74,10
13434,1959,207,12,19590504,124,10
13434,1959,207,18,19590614,165,10
13434,1959,207,23,19590723,204,10
13434,1959,208,10,19590309,68,10
13434,1959,208,12,19590503,123,10
13434,1959,208,23,19590722,203,10
13434,1959,208,66,19590617,168,10
13434,1959,243,11,19590521,141,10
13434,1959,243,24,19590803,215,10
13434,1959,243,5,19590606,157,10
13434,1959,252,10,19590418,108,10
13434,1959,252,24,19590929,272,10
13434,1959,253,10,19590420,110,10
13434,1959,253,24,19591004,277,10
13434,1959,310,5,19590419,109,10
13434,1959,310,6,19590429,119,10
13434,1959,311,29,19590812,224,10
13434,1959,320,5,19590416,106,10
13434,1959,320,6,19590426,116,10
13434,1959,322,29,19590926,269,10
13434,1959,330,5,19590411,101,10
13434,1959,330,6,19590415,105,10
13434,1959,332,29,19590625,176,10
13434,1959,340,29,19590724,205,10
13434,1959,340,5,19590417,107,10
13434,1959,340,6,19590420,110,10
13434,1959,350,4,19590324,83,10
13434,1959,350,5,19590417,107,10
13434,1960,102,5,19600409,99,10
13434,1960,103,62,19600815,227,10
13434,1960,105,61,19600424,114,10
13434,1960,108,5,19600513,133,10
13434,1960,112,31,19600923,266,10
13434,1960,112,32,19601010,283,10
13434,1960,112,4,19600426,116,10
13434,1960,113,5,19600329,88,10
13434,1960,114,5,19600801,213,10
13434,1960,115,5,19600824,236,10
13434,1960,120,5,19600510,130,10
13434,1960,123,31,19601015,288,10
13434,1960,123,4,19600514,134,10
13434,1960,124,5,19600313,72,10
13434,1960,127,5,19600304,63,10
13434,1960,129,5,19600606,157,10
13434,1960,129,62,19600926,269,10
13434,1960,130,5,19600619,170,10
13434,1960,132,31,19601024,297,10
13434,1960,135,6,19600605,156,10
13434,1960,136,6,19600608,159,10
13434,1960,137,5,19600629,180,10
13434,1960,201,27,19600616,167,10
13434,1960,202,10,19601023,296,10
13434,1960,202,18,19600622,173,10
13434,1960,203,10,19601010,283,10
13434,1960,203,12,19601023,296,10
13434,1960,203,15,19600504,124,10
13434,1960,203,18,19600521,141,10
13434,1960,203,21,19600727,208,10
13434,1960,203,6,19600528,148,10
13434,1960,204,10,19601003,276,10
13434,1960,204,12,19601016,289,10
13434,1960,205,10,19600821,233,10
13434,1960,205,12,19600903,246,10
13434,1960,205,5,19600511,131,10
13434,1960,206,10,19600322,81,10
13434,1960,206,12,19600409,99,10
13434,1960,206,15,19600602,153,10
13434,1960,206,21,19600817,229,10
13434,1960,207,10,19600314,73,10
13434,1960,207,12,19600407,97,10
13434,1960,207,15,19600503,123,10
13434,1960,207,21,19600720,201,10
13434,1960,208,12,19600320,79,10
13434,1960,208,15,19600604,155,10
13434,1960,208,21,19600727,208,10
13434,1960,243,5,19600519,139,10
13434,1960,252,10,19600927,270,10
13434,1960,252,12,19600418,108,10
13434,1960,252,24,19600513,133,10
13434,1960,253,10,19600909,252,10
13434,1960,253,12,19600412,102,10
13434,1960,253,24,19600509,129,10
13434,1960,310,5,19600509,129,10
13434,1960,310,6,19600509,129,10
13434,1960,310,7,19600509,129,10
13434,1960,311,29,19600815,227,10
13434,1960,313,29,19601002,275,10
13434,1960,320,5,19600430,120,10
13434,1960,320,6,19600502,122,10
13434,1960,320,7,19600504,124,10
13434,1960,321,29,19600810,222,10
13434,1960,322,29,19600918,261,10
13434,1960,330,7,19600428,118,10
13434,1960,331,29,19600605,156,10
13434,1960,332,29,19600711,192,10
13434,1960,340,29,19600709,190,10
13434,1960,340,5,19600414,104,10
13434,1960,340,7,19600503,123,10
13434,1960,350,4,19600411,101,10
13434,1960,350,5,19600420,110,10
13434,1960,371,29,19600906,249,10
13434,1960,372,29,19600912,255,10
13434,1966,102,5,19660413,103,10
13434,1966,107,8,19660515,135,10
13434,1966,108,5,19660522,142,10
13434,1966,112,31,19660908,251,10
13434,1966,112,4,19660426,116,10
13434,1966,113,5,19660304,63,10
13434,1966,115,5,19660914,257,10
13434,1966,116,5,19660315,74,10
13434,1966,117,5,19660603,154,10
13434,1966,117,62,19660911,254,10
13434,1966,120,5,19660424,114,10
13434,1966,122,5,19660524,144,10
13434,1966,122,62,19660916,259,10
13434,1966,123,31,19660921,264,10
13434,1966,124,5,19660306,65,10
13434,1966,127,5,19660301,60,10
13434,1966,129,5,19660610,161,10
13434,1966,129,62,19660822,234,10
13434,1966,130,5,19660627,178,10
13434,1966,132,31,19661025,298,10
13434,1966,135,6,19660523,143,10
13434,1966,136,6,19660526,146,10
13434,1966,137,5,19660705,186,10
13434,1966,138,5,19660513,133,10
13434,1966,201,25,19660605,156,10
13434,1966,202,10,19661013,286,10
13434,1966,202,12,19661026,299,10
13434,1966,202,18,19660619,170,10
13434,1966,202,24,19660823,235,10
13434,1966,203,10,19660926,269,10
13434,1966,203,12,19661012,285,10
13434,1966,203,15,19660511,131,10
13434,1966,203,18,19660524,144,10
13434,1966,203,24,19660808,220,10
13434,1966,204,10,19660905,248,10
13434,1966,204,12,19660922,265,10
13434,1966,204,18,19660519,139,10
13434,1966,204,24,19660730,211,10
13434,1966,205,12,19660907,250,10
13434,1966,205,24,19660719,200,10
13434,1966,205,5,19660520,140,10
13434,1966,206,10,19660325,84,10
13434,1966,206,23,19660831,243,10
13434,1966,207,10,19660307,66,10
13434,1966,207,12,19660501,121,10
13434,1966,207,18,19660611,162,10
13434,1966,207,24,19660827,239,10
13434,1966,208,10,19660308,67,10
13434,1966,208,12,19660503,123,10
13434,1966,208,66,19660626,177,10
13434,1966,215,24,19660919,262,10
13434,1966,215,6,19660826,238,10
13434,1966,252,10,19660504,124,10
13434,1966,252,12,19660515,135,10
13434,1966,252,24,19661008,281,10
13434,1966,310,5,19660505,125,10
13434,1966,310,7,19660515,135,10
13434,1966,311,29,19660726,207,10
13434,1966,313,29,19660929,272,10
13434,1966,320,5,19660508,128,10
13434,1966,320,7,19660520,140,10
13434,1966,321,29,19660811,223,10
13434,1966,322,29,19660927,270,10
13434,1966,330,5,19660421,111,10
13434,1966,331,29,19660607,158,10
13434,1966,332,29,19660714,195,10
13434,1966,340,29,19660728,209,10
13434,1966,350,29,19660722,203,10
13434,1966,350,5,19660414,104,10
13434,1966,371,29,19660806,218,10
13434,1966,372,29,19660928,271,10
13434,1967,102,5,19670325,84,10
13434,1967,103,5,19670515,135,10
13434,1967,103,62,19670813,225,10
13434,1967,107,5,19670602,153,10
13434,1967,107,8,19670513,133,10
13434,1967,108,5,19670515,135,10
13434,1967,112,31,19670920,263,10
13434,1967,112,4,19670428,118,10
13434,1967,113,5,19670224,55,10
13434,1967,114,5,19670820,232,10
13434,1967,115,5,19670904,247,10
13434,1967,116,5,19670306,65,10
13434,1967,117,5,19670606,157,10
13434,1967,118,5,19670602,153,10
13434,1967,118,8,19670522,142,10
13434,1967,120,5,19670501,121,10
13434,1967,122,31,19671014,287,10
13434,1967,122,62,19670915,258,10
13434,1967,123,31,19670924,267,10
13434,1967,123,4,19670430,120,10
13434,1967,124,5,19670306,65,10
13434,1967,125,5,19670424,114,10
13434,1967,127,5,19670223,54,10
13434,1967,129,5,19670606,157,10
13434,1967,129,62,19670902,245,10
13434,1967,130,4,19670506,126,10
13434,1967,132,31,19671003,276,10
13434,1967,132,4,19670511,131,10
13434,1967,132,5,19670523,143,10
13434,1967,132,62,19670929,272,10
13434,1967,135,6,19670521,141,10
13434,1967,136,6,19670521,141,10
13434,1967,138,5,19670521,141,10
13434,1967,201,25,19670601,152,10
13434,1967,202,10,19671021,294,10
13434,1967,202,12,19671102,306,10
13434,1967,202,21,19670816,228,10
13434,1967,202,23,19670825,237,10
13434,1967,202,24,19670825,237,10
13434,1967,203,10,19670920,263,10
13434,1967,203,12,19670927,270,10
13434,1967,203,15,19670421,111,10
13434,1967,203,18,19670519,139,10
13434,1967,203,21,19670810,222,10
13434,1967,203,23,19670818,230,10
13434,1967,203,24,19670818,230,10
13434,1967,203,6,19670605,156,10
13434,1967,204,18,19670520,140,10
13434,1967,204,21,19670715,196,10
13434,1967,204,23,19670719,200,10
13434,1967,204,24,19670719,200,10
13434,1967,205,10,19670818,230,10
13434,1967,205,12,19670826,238,10
13434,1967,205,24,19670712,193,10
13434,1967,205,5,19670505,125,10
13434,1967,206,10,19670307,66,10
13434,1967,206,12,19670410,100,10
13434,1967,206,21,19670724,205,10
13434,1967,206,23,19670831,243,10
13434,1967,207,10,19670306,65,10
13434,1967,207,12,19670410,100,10
13434,1967,207,21,19670807,219,10
13434,1967,207,23,19670814,226,10
13434,1967,207,24,19670814,226,10
13434,1967,208,10,19670308,67,10
13434,1967,208,12,19670410,100,10
13434,1967,208,15,19670517,137,10
13434,1967,208,23,19670824,236,10
13434,1967,215,10,19670518,138,10
13434,1967,252,10,19670421,111,10
13434,1967,252,12,19670517,137,10
13434,1967,252,24,19671009,282,10
13434,1967,253,10,19670503,123,10
13434,1967,253,12,19670515,135,10
13434,1967,310,5,19670507,127,10
13434,1967,310,7,19670518,138,10
13434,1967,311,29,19670819,231,10
13434,1967,313,29,19671017,290,10
13434,1967,320,5,19670507,127,10
13434,1967,320,7,19670514,134,10
13434,1967,321,29,19670822,234,10
13434,1967,322,29,19671016,289,10
13434,1967,330,5,19670430,120,10
13434,1967,330,7,19670513,133,10
13434,1967,331,29,19670618,169,10
13434,1967,332,29,19670710,191,10
13434,1967,340,29,19670723,204,10
13434,1967,340,5,19670506,126,10
13434,1967,340,7,19670513,133,10
13434,1967,350,29,19670713,194,10
13434,1967,350,4,19670402,92,10
13434,1967,350,5,19670419,109,10
13434,1967,371,29,19670825,237,10
13434,1967,372,29,19670911,254,10
13434,1968,102,5,19680330,89,10
13434,1968,103,5,19680511,131,10
13434,1968,103,62,19680727,208,10
13434,1968,107,5,19680518,138,10
13434,1968,107,8,19680509,129,10
13434,1968,108,5,19680503,123,10
13434,1968,112,31,19680922,265,10
13434,1968,112,4,19680418,108,10
13434,1968,113,5,19680323,82,10
13434,1968,114,5,19680811,223,10
13434,1968,115,5,19680831,243,10
13434,1968,116,5,19680323,82,10
13434,1968,117,5,19680609,160,10
13434,1968,117,62,19680902,245,10
13434,1968,118,5,19680517,137,10
13434,1968,118,8,19680514,134,10
13434,1968,120,5,19680418,108,10
13434,1968,123,31,19680914,257,10
13434,1968,123,4,19680420,110,10
13434,1968,123,5,19680511,131,10
13434,1968,123,62,19680918,261,10
13434,1968,124,5,19680324,83,10
13434,1968,125,5,19680420,110,10
13434,1968,127,5,19680318,77,10
13434,1968,128,4,19680424,114,10
13434,1968,129,5,19680609,160,10
13434,1968,129,62,19680823,235,10
13434,1968,130,4,19680420,110,10
13434,1968,130,5,19680626,177,10
13434,1968,132,31,19680917,260,10
13434,1968,132,4,19680430,120,10
13434,1968,132,5,19680511,131,10
13434,1968,132,62,19680921,264,10
13434,1968,135,6,19680524,144,10
13434,1968,136,6,19680524,144,10
13434,1968,137,5,19680707,188,10
13434,1968,138,5,19680518,138,10
13434,1968,201,25,19680527,147,10
13434,1968,202,10,19681014,287,10
13434,1968,202,12,19681026,299,10
13434,1968,202,18,19680622,173,10
13434,1968,202,21,19680813,225,10
13434,1968,202,24,19680818,230,10
13434,1968,203,10,19681004,277,10
13434,1968,203,12,19681012,285,10
13434,1968,203,15,19680412,102,10
13434,1968,203,18,19680518,138,10
13434,1968,203,21,19680801,213,10
13434,1968,203,24,19680810,222,10
13434,1968,203,6,19680606,157,10
13434,1968,204,10,19680913,256,10
13434,1968,204,12,19680922,265,10
13434,1968,204,18,19680519,139,10
13434,1968,204,21,19680707,188,10
13434,1968,204,24,19680712,193,10
13434,1968,205,10,19680818,230,10
13434,1968,205,12,19680826,238,10
13434,1968,205,24,19680728,209,10
13434,1968,205,5,19680428,118,10
13434,1968,206,10,19680324,83,10
13434,1968,206,12,19680414,104,10
13434,1968,206,18,19680628,179,10
13434,1968,206,21,19680824,236,10
13434,1968,207,10,19680324,83,10
13434,1968,207,12,19680414,104,10
13434,1968,207,18,19680614,165,10
13434,1968,207,21,19680801,213,10
13434,1968,207,24,19680805,217,10
13434,1968,208,10,19680324,83,10
13434,1968,208,12,19680416,106,10
13434,1968,208,15,19680509,129,10
13434,1968,208,66,19680626,177,10
13434,1968,215,10,19680503,123,10
13434,1968,215,24,19681003,276,10
13434,1968,252,10,19680414,104,10
13434,1968,252,12,19680501,121,10
13434,1968,252,24,19681004,277,10
13434,1968,253,10,19680424,114,10
13434,1968,253,12,19680506,126,10
13434,1968,253,24,19681018,291,10
13434,1968,310,5,19680503,123,10
13434,1968,310,7,19680512,132,10
13434,1968,311,29,19680817,229,10
13434,1968,313,29,19681010,283,10
13434,1968,320,5,19680422,112,10
13434,1968,320,7,19680501,121,10
13434,1968,321,29,19680825,237,10
13434,1968,322,29,19681010,283,10
13434,1968,330,5,19680420,110,10
13434,1968,330,7,19680427,117,10
13434,1968,331,29,19680619,170,10
13434,1968,332,29,19680705,186,10
13434,1968,340,29,19680729,210,10
13434,1968,340,5,19680421,111,10
13434,1968,340,7,19680501,121,10
13434,1968,350,29,19680713,194,10
13434,1968,350,4,19680409,99,10
13434,1968,350,5,19680419,109,10
13434,1968,371,29,19680823,235,10
13434,1968,372,29,19680911,254,10
13434,1969,102,5,19690421,111,10
13434,1969,103,5,19690611,162,10
13434,1969,107,5,19690609,160,10
13434,1969,107,8,19690601,152,10
13434,1969,108,5,19690522,142,10
13434,1969,112,31,19691008,281,10
13434,1969,112,4,19690504,124,10
13434,1969,113,5,19690408,98,10
13434,1969,114,5,19690821,233,10
13434,1969,115,5,19690908,251,10
13434,1969,116,5,19690404,94,10
13434,1969,117,5,19690621,172,10
13434,1969,117,62,19690906,249,10
13434,1969,118,5,19690621,172,10
13434,1969,118,8,19690609,160,10
13434,1969,120,5,19690505,125,10
13434,1969,122,4,19690505,125,10
13434,1969,123,31,19691003,276,10
13434,1969,123,4,19690504,124,10
13434,1969,123,5,19690525,145,10
13434,1969,123,62,19690923,266,10
13434,1969,124,5,19690408,98,10
13434,1969,125,5,19690506,126,10
13434,1969,127,5,19690402,92,10
13434,1969,128,4,19690506,126,10
13434,1969,128,5,19690425,115,10
13434,1969,129,5,19690618,169,10
13434,1969,129,62,19690820,232,10
13434,1969,130,4,19690506,126,10
13434,1969,130,5,19690705,186,10
13434,1969,132,31,19691005,278,10
13434,1969,132,4,19690506,126,10
13434,1969,132,5,19690601,152,10
13434,1969,132,62,19690929,272,10
13434,1969,135,6,19690603,154,10
13434,1969,136,6,19690603,154,10
13434,1969,137,5,19690715,196,10
13434,1969,138,5,19690601,152,10
13434,1969,202,10,19691009,282,10
13434,1969,202,12,19691019,292,10
13434,1969,202,18,19690629,180,10
13434,1969,202,21,19690816,228,10
13434,1969,202,24,19690823,235,10
13434,1969,203,10,19690925,268,10
13434,1969,203,12,19691006,279,10
13434,1969,203,15,19690515,135,10
13434,1969,203,18,19690525,145,10
13434,1969,203,21,19690808,220,10
13434,1969,203,24,19690812,224,10
13434,1969,203,6,19690610,161,10
13434,1969,204,10,19690914,257,10
13434,1969,204,12,19690922,265,10
13434,1969,204,18,19690607,158,10
13434,1969,204,21,19690722,203,10
13434,1969,204,24,19690730,211,10
13434,1969,205,12,19690901,244,10
13434,1969,205,24,19690806,218,10
13434,1969,205,5,19690520,140,10
13434,1969,206,10,19690408,98,10
13434,1969,206,12,19690430,120,10
13434,1969,206,18,19690711,192,10
13434,1969,206,21,19690820,232,10
13434,1969,207,10,19690408,98,10
13434,1969,207,12,19690427,117,10
13434,1969,207,18,19690622,173,10
13434,1969,207,21,19690801,213,10
13434,1969,207,24,19690813,225,10
13434,1969,208,10,19690408,98,10
13434,1969,208,12,19690427,117,10
13434,1969,208,15,19690530,150,10
13434,1969,208,24,19690818,230,10
13434,1969,208,66,19690705,186,10
13434,1969,215,10,19690527,147,10
13434,1969,215,24,19690924,267,10
13434,1969,215,6,19690807,219,10
13434,1969,252,10,19690511,131,10
13434,1969,252,12,19690527,147,10
13434,1969,252,24,19691011,284,10
13434,1969,253,10,19690511,131,10
13434,1969,253,24,19691018,291,10
13434,1969,310,5,19690513,133,10
13434,1969,310,7,19690524,144,10
13434,1969,311,29,19690802,214,10
13434,1969,313,29,19691013,286,10
13434,1969,320,5,19690511,131,10
13434,1969,320,7,19690515,135,10
13434,1969,321,29,19690830,242,10
13434,1969,322,29,19691013,286,10
13434,1969,330,5,19690506,126,10
13434,1969,330,7,19690511,131,10
13434,1969,331,29,19690617,168,10
13434,1969,332,29,19690704,185,10
13434,1969,340,29,19690725,206,10
13434,1969,340,5,19690509,129,10
13434,1969,340,7,19690513,133,10
13434,1969,350,29,19690725,206,10
13434,1969,350,4,19690426,116,10
13434,1969,350,5,19690506,126,10
13434,1969,371,29,19690824,236,10
13434,1969,372,29,19690912,255,10
13434,1970,102,5,19700501,121,10
13434,1970,103,5,19700530,150,10
13434,1970,103,62,19700806,218,10
13434,1970,107,5,19700611,162,10
13434,1970,107,8,19700530,150,10
13434,1970,108,5,19700607,158,10
13434,1970,112,31,19701006,279,10
13434,1970,112,4,19700506,126,10
13434,1970,113,5,19700418,108,10
13434,1970,114,5,19700829,241,10
13434,1970,115,5,19700907,250,10
13434,1970,116,5,19700416,106,10
13434,1970,117,5,19700619,170,10
13434,1970,117,62,19700909,252,10
13434,1970,118,5,19700611,162,10
13434,1970,118,8,19700602,153,10
13434,1970,120,5,19700507,127,10
13434,1970,123,31,19701006,279,10
13434,1970,123,4,19700508,128,10
13434,1970,123,5,19700522,142,10
13434,1970,123,62,19700927,270,10
13434,1970,124,5,19700418,108,10
13434,1970,125,5,19700514,134,10
13434,1970,127,5,19700324,83,10
13434,1970,128,4,19700509,129,10
13434,1970,128,5,19700422,112,10
13434,1970,129,5,19700621,172,10
13434,1970,129,62,19700909,252,10
13434,1970,130,4,19700511,131,10
13434,1970,130,5,19700705,186,10
13434,1970,132,31,19701009,282,10
13434,1970,132,4,19700516,136,10
13434,1970,132,5,19700522,142,10
13434,1970,132,62,19701005,278,10
13434,1970,135,6,19700609,160,10
13434,1970,136,6,19700614,165,10
13434,1970,137,5,19700716,197,10
13434,1970,138,5,19700607,158,10
13434,1970,201,25,19700606,157,10
13434,1970,202,10,19701015,288,10
13434,1970,202,12,19701028,301,10
13434,1970,202,18,19700626,177,10
13434,1970,202,21,19700817,229,10
13434,1970,202,24,19700901,244,10
13434,1970,203,10,19700913,256,10
13434,1970,203,12,19700921,264,10
13434,1970,203,15,19700508,128,10
13434,1970,203,18,19700602,153,10
13434,1970,203,21,19700805,217,10
13434,1970,203,24,19700816,228,10
13434,1970,203,6,19700617,168,10
13434,1970,204,10,19700914,257,10
13434,1970,204,12,19700922,265,10
13434,1970,204,18,19700606,157,10
13434,1970,204,21,19700723,204,10
13434,1970,204,24,19700730,211,10
13434,1970,205,10,19700901,244,10
13434,1970,205,12,19700907,250,10
13434,1970,205,24,19700806,218,10
13434,1970,205,5,19700602,153,10
13434,1970,207,10,19700419,109,10
13434,1970,207,12,19700516,136,10
13434,1970,207,18,19700626,177,10
13434,1970,207,21,19700808,220,10
13434,1970,207,24,19700818,230,10
13434,1970,208,10,19700419,109,10
13434,1970,208,12,19700506,126,10
13434,1970,208,15,19700531,151,10
13434,1970,208,24,19700901,244,10
13434,1970,208,66,19700703,184,10
13434,1970,215,10,19700527,147,10
13434,1970,215,24,19701003,276,10
13434,1970,215,6,19700815,227,10
13434,1970,252,10,19700508,128,10
13434,1970,252,12,19700603,154,10
13434,1970,252,24,19701006,279,10
13434,1970,253,10,19700508,128,10
13434,1970,253,12,19700522,142,10
13434,1970,253,24,19701119,323,10
13434,1970,310,5,19700523,143,10
13434,1970,310,7,19700529,149,10
13434,1970,313,29,19701008,281,10
13434,1970,320,5,19700518,138,10
13434,1970,320,7,19700529,149,10
13434,1970,321,29,19700906,249,10
13434,1970,322,29,19701005,278,10
13434,1970,330,5,19700513,133,10
13434,1970,330,7,19700522,142,10
13434,1970,331,29,19700621,172,10
13434,1970,332,29,19700721,202,10
13434,1970,340,29,19700727,208,10
13434,1970,340,5,19700516,136,10
13434,1970,340,7,19700526,146,10
13434,1970,350,29,19700713,194,10
13434,1970,350,4,19700425,115,10
13434,1970,350,5,19700508,128,10
13434,1970,371,29,19700909,252,10
13434,1970,372,29,19700924,267,10
13434,1971,102,5,19710411,101,10
13434,1971,103,5,19710519,139,10
13434,1971,103,62,19710814,226,10
13434,1971,107,5,19710520,140,10
13434,1971,107,8,19710515,135,10
13434,1971,108,5,19710514,134,10
13434,1971,112,31,19710923,266,10
13434,1971,112,4,19710423,113,10
13434,1971,113,5,19710321,80,10
13434,1971,114,5,19710813,225,10
13434,1971,115,5,19710902,245,10
13434,1971,116,5,19710314,73,10
13434,1971,117,5,19710607,158,10
13434,1971,117,62,19710819,231,10
13434,1971,118,5,19710519,139,10
13434,1971,118,8,19710514,134,10
13434,1971,120,5,19710415,105,10
13434,1971,123,31,19710925,268,10
13434,1971,123,4,19710426,116,10
13434,1971,123,5,19710515,135,10
13434,1971,123,62,19710920,263,10
13434,1971,124,5,19710404,94,10
13434,1971,125,5,19710427,117,10
13434,1971,127,5,19710314,73,10
13434,1971,128,4,19710430,120,10
13434,1971,128,5,19710321,80,10
13434,1971,129,5,19710606,157,10
13434,1971,129,62,19710828,240,10
13434,1971,130,4,19710503,123,10
13434,1971,130,5,19710704,185,10
13434,1971,132,31,19710925,268,10
13434,1971,132,4,19710510,130,10
13434,1971,132,5,19710513,133,10
13434,1971,132,62,19710922,265,10
13434,1971,135,6,19710529,149,10
13434,1971,136,6,19710529,149,10
13434,1971,137,5,19710712,193,10
13434,1971,138,5,19710516,136,10
13434,1971,201,25,19710524,144,10
13434,1971,202,10,19711009,282,10
13434,1971,202,12,19711024,297,10
13434,1971,202,18,19710604,155,10
13434,1971,202,21,19710812,224,10
13434,1971,202,24,19710818,230,10
13434,1971,203,10,19710916,259,10
13434,1971,203,12,19710924,267,10
13434,1971,203,15,19710418,108,10
13434,1971,203,18,19710515,135,10
13434,1971,203,21,19710731,212,10
13434,1971,203,24,19710808,220,10
13434,1971,203,6,19710530,150,10
13434,1971,204,10,19710908,251,10
13434,1971,204,12,19710915,258,10
13434,1971,204,18,19710517,137,10
13434,1971,204,21,19710710,191,10
13434,1971,204,24,19710714,195,10
13434,1971,205,10,19710824,236,10
13434,1971,205,12,19710901,244,10
13434,1971,205,24,19710727,208,10
13434,1971,205,5,19710507,127,10
13434,1971,206,10,19710216,47,10
13434,1971,206,12,19710410,100,10
13434,1971,206,18,19710626,177,10
13434,1971,206,21,19710819,231,10
13434,1971,206,24,19710827,239,10
13434,1971,207,10,19710313,72,10
13434,1971,207,12,19710412,102,10
13434,1971,207,18,19710604,155,10
13434,1971,207,21,19710725,206,10
13434,1971,207,24,19710802,214,10
13434,1971,208,10,19710313,72,10
13434,1971,208,12,19710412,102,10
13434,1971,208,15,19710515,135,10
13434,1971,208,24,19710813,225,10
13434,1971,208,66,19710628,179,10
13434,1971,215,10,19710510,130,10
13434,1971,215,12,19710522,142,10
13434,1971,215,24,19710911,254,10
13434,1971,215,6,19710803,215,10
13434,1971,252,10,19710407,97,10
13434,1971,252,12,19710423,113,10
13434,1971,252,24,19710929,272,10
13434,1971,253,10,19710407,97,10
13434,1971,253,12,19710423,113,10
13434,1971,253,24,19711012,285,10
13434,1971,310,5,19710509,129,10
13434,1971,310,7,19710521,141,10
13434,1971,311,29,19710807,219,10
13434,1971,313,29,19711001,274,10
13434,1971,320,5,19710507,127,10
13434,1971,320,7,19710514,134,10
13434,1971,321,29,19710820,232,10
13434,1971,322,29,19711006,279,10
13434,1971,330,5,19710425,115,10
13434,1971,330,7,19710510,130,10
13434,1971,331,29,19710607,158,10
13434,1971,332,29,19710702,183,10
13434,1971,340,29,19710723,204,10
13434,1971,340,5,19710430,120,10
13434,1971,340,7,19710512,132,10
13434,1971,350,29,19710707,188,10
13434,1971,350,4,19710413,103,10
13434,1971,350,5,19710421,111,10
13434,1971,371,29,19710818,230,10
13434,1971,372,29,19710904,247,10
13434,1972,102,5,19720406,96,10
13434,1972,103,5,19720522,142,10
13434,1972,103,62,19720823,235,10
13434,1972,107,5,19720511,131,10
13434,1972,107,8,19720505,125,10
13434,1972,108,5,19720520,140,10
13434,1972,112,31,19720924,267,10
13434,1972,112,4,19720415,105,10
13434,1972,113,5,19720303,62,10
13434,1972,114,5,19720819,231,10
13434,1972,115,5,19720910,253,10
13434,1972,116,5,19720315,74,10
13434,1972,117,5,19720617,168,10
13434,1972,117,62,19720831,243,10
13434,1972,118,5,19720510,130,10
13434,1972,118,8,19720505,125,10
13434,1972,120,5,19720409,99,10
13434,1972,123,31,19720928,271,10
13434,1972,123,4,19720428,118,10
13434,1972,123,5,19720512,132,10
13434,1972,123,62,19721002,275,10
13434,1972,124,5,19720317,76,10
13434,1972,125,5,19720429,119,10
13434,1972,127,5,19720309,68,10
13434,1972,128,4,19720506,126,10
13434,1972,128,5,19720304,63,10
13434,1972,129,5,19720616,167,10
13434,1972,129,62,19720904,247,10
13434,1972,130,4,19720502,122,10
13434,1972,130,5,19720705,186,10
13434,1972,132,31,19720930,273,10
13434,1972,132,4,19720512,132,10
13434,1972,132,5,19720508,128,10
13434,1972,132,62,19721004,277,10
13434,1972,135,6,19720605,156,10
13434,1972,136,6,19720605,156,10
13434,1972,137,5,19720715,196,10
13434,1972,138,5,19720521,141,10
13434,1972,201,25,19720526,146,10
13434,1972,202,10,19720925,268,10
13434,1972,202,12,19721011,284,10
13434,1972,202,18,19720611,162,10
13434,1972,202,21,19720728,209,10
13434,1972,202,24,19720901,244,10
13434,1972,203,10,19720926,269,10
13434,1972,203,12,19721008,281,10
13434,1972,203,15,19720412,102,10
13434,1972,203,18,19720520,140,10
13434,1972,203,21,19720803,215,10
13434,1972,203,24,19720821,233,10
13434,1972,203,6,19720603,154,10
13434,1972,204,10,19720921,264,10
13434,1972,204,12,19720929,272,10
13434,1972,204,18,19720522,142,10
13434,1972,204,21,19720718,199,10
13434,1972,204,24,19720814,226,10
13434,1972,205,10,19720827,239,10
13434,1972,205,12,19720906,249,10
13434,1972,205,24,19720811,223,10
13434,1972,205,5,19720506,126,10
13434,1972,206,10,19720306,65,10
13434,1972,206,12,19720327,86,10
13434,1972,206,18,19720702,183,10
13434,1972,206,21,19720827,239,10
13434,1972,207,10,19720305,64,10
13434,1972,207,12,19720324,83,10
13434,1972,207,18,19720611,162,10
13434,1972,207,21,19720729,210,10
13434,1972,207,24,19720826,238,10
13434,1972,208,10,19720301,60,10
13434,1972,208,12,19720326,85,10
13434,1972,208,15,19720512,132,10
13434,1972,208,24,19720903,246,10
13434,1972,208,66,19720624,175,10
13434,1972,215,10,19720420,110,10
13434,1972,215,12,19720508,128,10
13434,1972,215,24,19720917,260,10
13434,1972,215,6,19720823,235,10
13434,1972,252,10,19720419,109,10
13434,1972,252,12,19720519,139,10
13434,1972,252,24,19721008,281,10
13434,1972,253,10,19720417,107,10
13434,1972,253,12,19720519,139,10
13434,1972,253,24,19721013,286,10
13434,1972,310,5,19720504,124,10
13434,1972,310,7,19720513,133,10
13434,1972,313,29,19721009,282,10
13434,1972,320,5,19720502,122,10
13434,1972,320,7,19720507,127,10
13434,1972,321,29,19720908,251,10
13434,1972,322,29,19721004,277,10
13434,1972,330,5,19720428,118,10
13434,1972,330,7,19720505,125,10
13434,1972,331,29,19720615,166,10
13434,1972,332,29,19720707,188,10
13434,1972,340,29,19720805,217,10
13434,1972,340,5,19720430,120,10
13434,1972,340,7,19720502,122,10
13434,1972,350,29,19720724,205,10
13434,1972,350,4,19720320,79,10
13434,1972,350,5,19720329,88,10
13434,1972,371,29,19720831,243,10
13434,1972,372,29,19720919,262,10
13434,1973,102,5,19730422,112,10
13434,1973,103,5,19730604,155,10
13434,1973,103,62,19730801,213,10
13434,1973,107,8,19730513,133,10
13434,1973,108,5,19730525,145,10
13434,1973,112,31,19731002,275,10
13434,1973,112,4,19730502,122,10
13434,1973,113,5,19730322,81,10
13434,1973,114,5,19730807,219,10
13434,1973,115,5,19730826,238,10
13434,1973,116,5,19730325,84,10
13434,1973,117,5,19730614,165,10
13434,1973,117,62,19730901,244,10
13434,1973,118,8,19730512,132,10
13434,1973,120,5,19730503,123,10
13434,1973,123,31,19730927,270,10
13434,1973,123,4,19730503,123,10
13434,1973,123,5,19730510,130,10
13434,1973,123,62,19730921,264,10
13434,1973,124,5,19730323,82,10
13434,1973,125,5,19730507,127,10
13434,1973,127,5,19730308,67,10
13434,1973,128,4,19730512,132,10
13434,1973,128,5,19730322,81,10
13434,1973,129,5,19730616,167,10
13434,1973,129,62,19730827,239,10
13434,1973,130,4,19730505,125,10
13434,1973,130,5,19730630,181,10
13434,1973,132,31,19730930,273,10
13434,1973,132,4,19730514,134,10
13434,1973,132,5,19730523,143,10
13434,1973,132,62,19730923,266,10
13434,1973,135,6,19730609,160,10
13434,1973,136,6,19730609,160,10
13434,1973,137,5,19730707,188,10
13434,1973,138,5,19730601,152,10
13434,1973,201,25,19730528,148,10
13434,1973,202,10,19731106,310,10
13434,1973,202,12,19731130,334,10
13434,1973,202,18,19730613,164,10
13434,1973,202,21,19730729,210,10
13434,1973,202,24,19730814,226,10
13434,1973,203,15,19730423,113,10
13434,1973,203,18,19730603,154,10
13434,1973,203,21,19730804,216,10
13434,1973,203,24,19730813,225,10
13434,1973,203,6,19730614,165,10
13434,1973,204,10,19731015,288,10
13434,1973,204,12,19731028,301,10
13434,1973,204,18,19730604,155,10
13434,1973,204,21,19730715,196,10
13434,1973,204,24,19730721,202,10
13434,1973,205,10,19730808,220,10
13434,1973,205,12,19730828,240,10
13434,1973,205,24,19730809,221,10
13434,1973,205,5,19730515,135,10
13434,1973,206,10,19730313,72,10
13434,1973,206,12,19730410,100,10
13434,1973,206,18,19730622,173,10
13434,1973,206,21,19730812,224,10
13434,1973,206,24,19730821,233,10
13434,1973,207,10,19730315,74,10
13434,1973,207,12,19730415,105,10
13434,1973,207,18,19730615,166,10
13434,1973,207,21,19730801,213,10
13434,1973,207,24,19730810,222,10
13434,1973,208,10,19730316,75,10
13434,1973,208,12,19730416,106,10
13434,1973,208,15,19730528,148,10
13434,1973,208,24,19730815,227,10
13434,1973,208,66,19730623,174,10
13434,1973,215,10,19730518,138,10
13434,1973,215,12,19730530,150,10
13434,1973,215,24,19730909,252,10
13434,1973,215,6,19730808,220,10
13434,1973,252,10,19730425,115,10
13434,1973,252,12,19730514,134,10
13434,1973,252,24,19731006,279,10
13434,1973,253,10,19730425,115,10
13434,1973,253,12,19730516,136,10
13434,1973,253,24,19731112,316,10
13434,1973,310,5,19730517,137,10
13434,1973,310,7,19730528,148,10
13434,1973,311,29,19730819,231,10
13434,1973,313,29,19731007,280,10
13434,1973,320,5,19730513,133,10
13434,1973,320,7,19730522,142,10
13434,1973,321,29,19730822,234,10
13434,1973,322,29,19731010,283,10
13434,1973,330,5,19730505,125,10
13434,1973,330,7,19730517,137,10
13434,1973,332,29,19730706,187,10
13434,1973,340,29,19730719,200,10
13434,1973,340,5,19730511,131,10
13434,1973,340,7,19730523,143,10
13434,1973,350,29,19730708,189,10
13434,1973,350,4,19730424,114,10
13434,1973,350,5,19730429,119,10
13434,1973,371,29,19730817,229,10
13434,1973,372,29,19730912,255,10
13434,1974,102,5,19740328,87,10
13434,1974,103,5,19740521,141,10
13434,1974,103,62,19740726,207,10
13434,1974,107,5,19740524,144,10
13434,1974,107,8,19740509,129,10
13434,1974,108,5,19740516,136,10
13434,1974,112,31,19740929,272,10
13434,1974,112,4,19740407,97,10
13434,1974,113,5,19740211,42,10
13434,1974,114,5,19740810,222,10
13434,1974,115,5,19740908,251,10
13434,1974,116,5,19740318,77,10
13434,1974,117,5,19740611,162,10
13434,1974,117,62,19740908,251,10
13434,1974,118,5,19740522,142,10
13434,1974,118,8,19740517,137,10
13434,1974,120,5,19740406,96,10
13434,1974,123,31,19741003,276,10
13434,1974,123,4,19740412,102,10
13434,1974,123,5,19740510,130,10
13434,1974,123,62,19740917,260,10
13434,1974,124,5,19740319,78,10
13434,1974,125,5,19740411,101,10
13434,1974,127,5,19740211,42,10
13434,1974,128,4,19740425,115,10
13434,1974,128,5,19740323,82,10
13434,1974,129,5,19740613,164,10
13434,1974,129,62,19740902,245,10
13434,1974,130,4,19740410,100,10
13434,1974,130,5,19740625,176,10
13434,1974,132,31,19740930,273,10
13434,1974,132,4,19740512,132,10
13434,1974,132,5,19740519,139,10
13434,1974,132,62,19740925,268,10
13434,1974,135,6,19740609,160,10
13434,1974,136,6,19740609,160,10
13434,1974,137,5,19740715,196,10
13434,1974,138,5,19740520,140,10
13434,1974,201,25,19740525,145,10
13434,1974,215,24,19740921,264,10
13434,1974,310,5,19740419,109,10
13434,1974,310,7,19740428,118,10
13434,1974,311,29,19740823,235,10
13434,1974,313,29,19741010,283,10
13434,1974,320,5,19740417,107,10
13434,1974,320,7,19740425,115,10
13434,1974,321,29,19740829,241,10
13434,1974,322,29,19741013,286,10
13434,1974,330,5,19740414,104,10
13434,1974,330,7,19740422,112,10
13434,1974,331,29,19740627,178,10
13434,1974,332,29,19740716,197,10
13434,1974,340,29,19740722,203,10
13434,1974,340,5,19740414,104,10
13434,1974,340,7,19740423,113,10
13434,1974,350,29,19740711,192,10
13434,1974,350,4,19740403,93,10
13434,1974,350,5,19740409,99,10
13434,1974,371,29,19740901,244,10
13434,1974,372,29,19740920,263,10
13434,1975,102,5,19750418,108,10
13434,1975,103,5,19750518,138,10
13434,1975,103,62,19750727,208,10
13434,1975,107,5,19750531,151,10
13434,1975,107,8,19750515,135,10
13434,1975,108,5,19750517,137,10
13434,1975,112,31,19751002,275,10
13434,1975,112,4,19750427,117,10
13434,1975,113,5,19750213,44,10
13434,1975,114,5,19750807,219,10
13434,1975,116,5,19750213,44,10
13434,1975,117,5,19750612,163,10
13434,1975,117,62,19750905,248,10
13434,1975,118,5,19750528,148,10
13434,1975,118,8,19750520,140,10
13434,1975,120,5,19750421,111,10
13434,1975,123,31,19750926,269,10
13434,1975,123,4,19750430,120,10
13434,1975,124,5,19750308,67,10
13434,1975,125,5,19750427,117,10
13434,1975,127,5,19750210,41,10
13434,1975,128,4,19750509,129,10
13434,1975,129,5,19750614,165,10
13434,1975,129,62,19750828,240,10
13434,1975,130,4,19750430,120,10
13434,1975,130,5,19750630,181,10
13434,1975,132,31,19751003,276,10
13434,1975,132,4,19750521,141,10
13434,1975,132,5,19750518,138,10
13434,1975,132,62,19750923,266,10
13434,1975,135,6,19750609,160,10
13434,1975,136,6,19750609,160,10
13434,1975,137,5,19750712,193,10
13434,1975,138,5,19750606,157,10
13434,1975,201,25,19750526,146,10
13434,1975,310,5,19750506,126,10
13434,1975,310,7,19750516,136,10
13434,1975,311,29,19750813,225,10
13434,1975,313,29,19751007,280,10
13434,1975,320,5,19750430,120,10
13434,1975,320,7,19750512,132,10
13434,1975,321,29,19750819,231,10
13434,1975,322,29,19751010,283,10
13434,1975,330,5,19750429,119,10
13434,1975,330,7,19750512,132,10
13434,1975,331,29,19750620,171,10
13434,1975,332,29,19750709,190,10
13434,1975,340,29,19750714,195,10
13434,1975,340,5,19750429,119,10
13434,1975,340,7,19750514,134,10
13434,1975,350,29,19750713,194,10
13434,1975,350,4,19750419,109,10
13434,1975,350,5,19750425,115,10
13434,1975,371,29,19750830,242,10
13434,1975,372,29,19750911,254,10
13434,1976,102,5,19760408,98,10
13434,1976,103,5,19760518,138,10
13434,1976,103,62,19760729,210,10
13434,1976,107,5,19760603,154,10
13434,1976,107,8,19760512,132,10
13434,1976,108,5,19760515,135,10
13434,1976,112,31,19760929,272,10
13434,1976,112,4,19760501,121,10
13434,1976,113,5,19760301,60,10
13434,1976,114,5,19760726,207,10
13434,1976,116,5,19760326,85,10
13434,1976,117,5,19760609,160,10
13434,1976,117,62,19760901,244,10
13434,1976,118,5,19760531,151,10
13434,1976,118,8,19760520,140,10
13434,1976,120,5,19760418,108,10
13434,1976,123,31,19760930,273,10
13434,1976,123,4,19760504,124,10
13434,1976,123,5,19760514,134,10
13434,1976,123,62,19760828,240,10
13434,1976,124,5,19760401,91,10
13434,1976,125,5,19760527,147,10
13434,1976,127,5,19760229,59,10
13434,1976,128,4,19760507,127,10
13434,1976,128,5,19760327,86,10
13434,1976,129,5,19760610,161,10
13434,1976,129,62,19760904,247,10
13434,1976,130,4,19760508,128,10
13434,1976,130,5,19760627,178,10
13434,1976,132,31,19761005,278,10
13434,1976,132,4,19760510,130,10
13434,1976,132,5,19760506,126,10
13434,1976,132,62,19760918,261,10
13434,1976,135,6,19760613,164,10
13434,1976,136,6,19760613,164,10
13434,1976,137,5,19760702,183,10
13434,1976,138,5,19760518,138,10
13434,1976,201,25,19760604,155,10
13434,1976,310,5,19760509,129,10
13434,1976,310,7,19760516,136,10
13434,1976,311,29,19760803,215,10
13434,1976,313,29,19760930,273,10
13434,1976,320,5,19760507,127,10
13434,1976,320,7,19760514,134,10
13434,1976,321,29,19760810,222,10
13434,1976,322,29,19761003,276,10
13434,1976,330,5,19760430,120,10
13434,1976,330,7,19760509,129,10
13434,1976,331,29,19760623,174,10
13434,1976,332,29,19760707,188,10
13434,1976,340,29,19760714,195,10
13434,1976,340,5,19760505,125,10
13434,1976,340,7,19760513,133,10
13434,1976,350,29,19760708,189,10
13434,1976,350,4,19760415,105,10
13434,1976,350,5,19760419,109,10
13434,1976,371,29,19760819,231,10
13434,1976,372,29,19760830,242,10
13434,1977,102,5,19770416,106,10
13434,1977,103,5,19770525,145,10
13434,1977,103,62,19770729,210,10
13434,1977,107,5,19770524,144,10
13434,1977,107,8,19770515,135,10
13434,1977,108,5,19770519,139,10
13434,1977,112,31,19771001,274,10
13434,1977,112,4,19770428,118,10
13434,1977,113,5,19770222,53,10
13434,1977,114,5,19770730,211,10
13434,1977,115,5,19770903,246,10
13434,1977,116,5,19770305,64,10
13434,1977,117,5,19770612,163,10
13434,1977,117,62,19770904,247,10
13434,1977,118,5,19770609,160,10
13434,1977,118,8,19770602,153,10
13434,1977,120,5,19770424,114,10
13434,1977,123,31,19770905,248,10
13434,1977,123,4,19770503,123,10
13434,1977,123,5,19770512,132,10
13434,1977,123,62,19770901,244,10
13434,1977,124,5,19770312,71,10
13434,1977,125,5,19770501,121,10
13434,1977,127,5,19770222,53,10
13434,1977,128,4,19770514,134,10
13434,1977,128,5,19770315,74,10
13434,1977,129,5,19770612,163,10
13434,1977,129,62,19770903,246,10
13434,1977,130,4,19770504,124,10
13434,1977,130,5,19770627,178,10
13434,1977,132,31,19771005,278,10
13434,1977,132,4,19770523,143,10
13434,1977,132,62,19770926,269,10
13434,1977,135,6,19770617,168,10
13434,1977,136,6,19770617,168,10
13434,1977,137,5,19770703,184,10
13434,1977,138,5,19770601,152,10
13434,1977,201,25,19770526,146,10
13434,1977,310,5,19770507,127,10
13434,1977,310,7,19770513,133,10
13434,1977,311,29,19770807,219,10
13434,1977,320,5,19770503,123,10
13434,1977,320,7,19770511,131,10
13434,1977,321,29,19770813,225,10
13434,1977,322,29,19771004,277,10
13434,1977,330,5,19770426,116,10
13434,1977,330,7,19770506,126,10
13434,1977,331,29,19770618,169,10
13434,1977,332,29,19770712,193,10
13434,1977,340,29,19770715,196,10
13434,1977,340,5,19770502,122,10
13434,1977,340,7,19770510,130,10
13434,1977,350,29,19770714,195,10
13434,1977,350,4,19770326,85,10
13434,1977,350,5,19770420,110,10
13434,1977,371,29,19770818,230,10
13434,1977,372,29,19770909,252,10
13434,1978,102,5,19780405,95,10
13434,1978,103,5,19780523,143,10
13434,1978,103,62,19780729,210,10
13434,1978,107,5,19780527,147,10
13434,1978,107,8,19780518,138,10
13434,1978,108,5,19780520,140,10
13434,1978,112,31,19780924,267,10
13434,1978,112,4,19780428,118,10
13434,1978,113,5,19780301,60,10
13434,1978,114,5,19780728,209,10
13434,1978,115,5,19780914,257,10
13434,1978,116,5,19780328,87,10
13434,1978,117,5,19780606,157,10
13434,1978,117,62,19780916,259,10
13434,1978,118,5,19780604,155,10
13434,1978,118,8,19780528,148,10
13434,1978,120,5,19780408,98,10
13434,1978,123,31,19780918,261,10
13434,1978,123,4,19780430,120,10
13434,1978,124,5,19780329,88,10
13434,1978,125,5,19780502,122,10
13434,1978,127,5,19780228,59,10
13434,1978,128,4,19780518,138,10
13434,1978,128,5,19780327,86,10
13434,1978,129,5,19780605,156,10
13434,1978,129,62,19780913,256,10
13434,1978,130,4,19780501,121,10
13434,1978,130,5,19780701,182,10
13434,1978,132,31,19780921,264,10
13434,1978,132,4,19780526,146,10
13434,1978,132,5,19780518,138,10
13434,1978,132,62,19780926,269,10
13434,1978,135,6,19780607,158,10
13434,1978,136,6,19780607,158,10
13434,1978,137,5,19780710,191,10
13434,1978,138,5,19780525,145,10
13434,1978,201,25,19780525,145,10
13434,1978,310,5,19780510,130,10
13434,1978,310,7,19780518,138,10
13434,1978,311,29,19780809,221,10
13434,1978,320,5,19780506,126,10
13434,1978,320,7,19780514,134,10
13434,1978,321,29,19780817,229,10
13434,1978,322,29,19780929,272,10
13434,1978,330,5,19780501,121,10
13434,1978,330,7,19780510,130,10
13434,1978,331,29,19780620,171,10
13434,1978,332,29,19780724,205,10
13434,1978,340,29,19780727,208,10
13434,1978,340,5,19780506,126,10
13434,1978,340,7,19780517,137,10
13434,1978,350,29,19780719,200,10
13434,1978,350,4,19780404,94,10
13434,1978,350,5,19780419,109,10
13434,1978,371,29,19780822,234,10
13434,1978,372,29,19780912,255,10
13434,1979,102,5,19790415,105,10
13434,1979,103,5,19790523,143,10
13434,1979,103,62,19790726,207,10
13434,1979,107,5,19790603,154,10
13434,1979,107,8,19790519,139,10
13434,1979,108,5,19790524,144,10
13434,1979,112,31,19790921,264,10
13434,1979,112,4,19790506,126,10
13434,1979,113,5,19790412,102,10
13434,1979,114,5,19790723,204,10
13434,1979,115,5,19790913,256,10
13434,1979,116,5,19790324,83,10
13434,1979,117,5,19790611,162,10
13434,1979,117,62,19790917,260,10
13434,1979,118,5,19790601,152,10
13434,1979,118,8,19790601,152,10
13434,1979,120,5,19790507,127,10
13434,1979,123,31,19791007,280,10
13434,1979,123,4,19790506,126,10
13434,1979,123,5,19790516,136,10
13434,1979,123,62,19790929,272,10
13434,1979,124,5,19790413,103,10
13434,1979,125,5,19790520,140,10
13434,1979,127,5,19790316,75,10
13434,1979,128,4,19790517,137,10
13434,1979,128,5,19790412,102,10
13434,1979,129,5,19790613,164,10
13434,1979,129,62,19790914,257,10
13434,1979,130,4,19790516,136,10
13434,1979,130,5,19790625,176,10
13434,1979,132,31,19791005,278,10
13434,1979,132,4,19790517,137,10
13434,1979,132,5,19790523,143,10
13434,1979,132,62,19791009,282,10
13434,1979,135,6,19790611,162,10
13434,1979,136,6,19790609,160,10
13434,1979,137,5,19790707,188,10
13434,1979,138,5,19790526,146,10
13434,1979,201,25,19790525,145,10
13434,1979,310,5,19790518,138,10
13434,1979,310,7,19790528,148,10
13434,1979,311,29,19790804,216,10
13434,1979,313,29,19791009,282,10
13434,1979,320,5,19790517,137,10
13434,1979,320,7,19790525,145,10
13434,1979,321,29,19790821,233,10
13434,1979,322,29,19791013,286,10
13434,1979,330,5,19790514,134,10
13434,1979,330,7,19790524,144,10
13434,1979,331,29,19790623,174,10
13434,1979,332,29,19790720,201,10
13434,1979,340,29,19790716,197,10
13434,1979,340,5,19790518,138,10
13434,1979,340,7,19790526,146,10
13434,1979,350,29,19790715,196,10
13434,1979,350,4,19790422,112,10
13434,1979,350,5,19790508,128,10
13434,1979,371,29,19790824,236,10
13434,1979,372,29,19790911,254,10
13434,1980,102,5,19800414,104,10
13434,1980,103,5,19800526,146,10
13434,1980,103,62,19800809,221,10
13434,1980,107,5,19800528,148,10
13434,1980,107,8,19800520,140,10
13434,1980,108,5,19800526,146,10
13434,1980,112,31,19800923,266,10
13434,1980,112,4,19800503,123,10
13434,1980,113,5,19800225,56,10
13434,1980,114,5,19800804,216,10
13434,1980,115,5,19800919,262,10
13434,1980,116,5,19800327,86,10
13434,1980,117,5,19800612,163,10
13434,1980,117,62,19800922,265,10
13434,1980,118,5,19800528,148,10
13434,1980,118,8,19800526,146,10
13434,1980,120,5,19800416,106,10
13434,1980,123,31,19801003,276,10
13434,1980,123,4,19800430,120,10
13434,1980,123,5,19800514,134,10
13434,1980,123,62,19800928,271,10
13434,1980,124,5,19800327,86,10
13434,1980,125,5,19800508,128,10
13434,1980,127,5,19800226,57,10
13434,1980,128,4,19800509,129,10
13434,1980,128,5,19800329,88,10
13434,1980,129,5,19800610,161,10
13434,1980,129,62,19800917,260,10
13434,1980,130,4,19800513,133,10
13434,1980,130,5,19800705,186,10
13434,1980,132,31,19801002,275,10
13434,1980,132,4,19800519,139,10
13434,1980,132,5,19800522,142,10
13434,1980,132,62,19801008,281,10
13434,1980,135,6,19800610,161,10
13434,1980,136,6,19800609,160,10
13434,1980,137,5,19800724,205,10
13434,1980,138,5,19800525,145,10
13434,1980,201,25,19800601,152,10
13434,1980,310,5,19800516,136,10
13434,1980,310,7,19800526,146,10
13434,1980,311,29,19800814,226,10
13434,1980,313,29,19801009,282,10
13434,1980,320,5,19800512,132,10
13434,1980,320,7,19800521,141,10
13434,1980,321,29,19800911,254,10
13434,1980,322,29,19801012,285,10
13434,1980,330,5,19800506,126,10
13434,1980,330,7,19800516,136,10
13434,1980,331,29,19800704,185,10
13434,1980,332,29,19800725,206,10
13434,1980,340,29,19800722,203,10
13434,1980,340,5,19800514,134,10
13434,1980,340,7,19800524,144,10
13434,1980,350,29,19800723,204,10
13434,1980,350,4,19800412,102,10
13434,1980,350,5,19800420,110,10
13434,1980,371,29,19800909,252,10
13434,1980,372,29,19800918,261,10
13434,1981,102,5,19810330,89,10
13434,1981,103,5,19810513,133,10
13434,1981,103,62,19810719,200,10
13434,1981,107,5,19810521,141,10
13434,1981,107,8,19810510,130,10
13434,1981,108,5,19810515,135,10
13434,1981,112,31,19810916,259,10
13434,1981,112,4,19810412,102,10
13434,1981,113,5,19810325,84,10
13434,1981,114,5,19810720,201,10
13434,1981,115,5,19810905,248,10
13434,1981,116,5,19810320,79,10
13434,1981,117,5,19810606,157,10
13434,1981,117,62,19810910,253,10
13434,1981,118,5,19810521,141,10
13434,1981,118,8,19810514,134,10
13434,1981,120,5,19810410,100,10
13434,1981,123,31,19810924,267,10
13434,1981,123,4,19810416,106,10
13434,1981,124,5,19810325,84,10
13434,1981,125,5,19810417,107,10
13434,1981,127,5,19810308,67,10
13434,1981,128,4,19810415,105,10
13434,1981,128,5,19810326,85,10
13434,1981,129,5,19810603,154,10
13434,1981,129,62,19810903,246,10
13434,1981,130,4,19810415,105,10
13434,1981,132,31,19810921,264,10
13434,1981,132,4,19810513,133,10
13434,1981,132,5,19810510,130,10
13434,1981,132,62,19810928,271,10
13434,1981,135,6,19810606,157,10
13434,1981,136,6,19810604,155,10
13434,1981,137,5,19810708,189,10
13434,1981,138,5,19810514,134,10
13434,1981,201,25,19810523,143,10
13434,1981,310,5,19810508,128,10
13434,1981,310,7,19810516,136,10
13434,1981,311,29,19810801,213,10
13434,1981,313,29,19810925,268,10
13434,1981,320,5,19810416,106,10
13434,1981,320,7,19810426,116,10
13434,1981,322,29,19810926,269,10
13434,1981,330,5,19810412,102,10
13434,1981,330,7,19810425,115,10
13434,1981,331,29,19810620,171,10
13434,1981,332,29,19810715,196,10
13434,1981,340,29,19810713,194,10
13434,1981,340,5,19810501,121,10
13434,1981,340,7,19810514,134,10
13434,1981,350,29,19810709,190,10
13434,1981,350,4,19810401,91,10
13434,1981,350,5,19810407,97,10
13434,1981,371,29,19810810,222,10
13434,1981,372,29,19810904,247,10
13434,1982,102,5,19820401,91,10
13434,1982,103,62,19820720,201,10
13434,1982,107,8,19820511,131,10
13434,1982,108,5,19820519,139,10
13434,1982,112,31,19820915,258,10
13434,1982,112,4,19820430,120,10
13434,1982,113,5,19820314,73,10
13434,1982,114,5,19820718,199,10
13434,1982,116,5,19820316,75,10
13434,1982,117,5,19820602,153,10
13434,1982,118,8,19820515,135,10
13434,1982,120,5,19820420,110,10
13434,1982,124,5,19820327,86,10
13434,1982,127,5,19820315,74,10
13434,1982,129,5,19820527,147,10
13434,1982,129,62,19820821,233,10
13434,1982,130,5,19820626,177,10
13434,1982,132,31,19821004,277,10
13434,1982,132,4,19820513,133,10
13434,1982,132,62,19820919,262,10
13434,1982,136,6,19820531,151,10
13434,1982,138,5,19820517,137,10
13434,1982,310,5,19820514,134,10
13434,1982,311,29,19820722,203,10
13434,1982,313,29,19820924,267,10
13434,1982,320,5,19820511,131,10
13434,1982,322,29,19820928,271,10
13434,1982,330,5,19820503,123,10
13434,1982,331,29,19820618,169,10
13434,1982,340,29,19820709,190,10
13434,1982,340,5,19820509,129,10
13434,1982,350,29,19820710,191,10
13434,1982,350,4,19820404,94,10
13434,1982,350,5,19820419,109,10
13434,1982,372,29,19820824,236,10
13434,1983,102,5,19830417,107,10
13434,1983,103,62,19830715,196,10
13434,1983,107,8,19830515,135,10
13434,1983,108,5,19830518,138,10
13434,1983,112,31,19830919,262,10
13434,1983,112,4,19830426,116,10
13434,1983,113,5,19830304,63,10
13434,1983,114,5,19830716,197,10
13434,1983,116,5,19830321,80,10
13434,1983,117,5,19830612,163,10
13434,1983,118,8,19830520,140,10
13434,1983,120,5,19830418,108,10
13434,1983,124,5,19830331,90,10
13434,1983,127,5,19830306,65,10
13434,1983,129,5,19830613,164,10
13434,1983,129,62,19830823,235,10
13434,1983,130,5,19830625,176,10
13434,1983,132,31,19831009,282,10
13434,1983,132,4,19830507,127,10
13434,1983,132,62,19830923,266,10
13434,1983,136,6,19830611,162,10
13434,1983,138,5,19830517,137,10
13434,1983,310,5,19830510,130,10
13434,1983,311,29,19830720,201,10
13434,1983,313,29,19830921,264,10
13434,1983,320,5,19830505,125,10
13434,1983,322,29,19830926,269,10
13434,1983,330,5,19830427,117,10
13434,1983,331,29,19830621,172,10
13434,1983,340,29,19830714,195,10
13434,1983,340,5,19830505,125,10
13434,1983,350,29,19830707,188,10
13434,1983,350,4,19830416,106,10
13434,1983,350,5,19830422,112,10
13434,1983,372,29,19830905,248,10
13434,1984,102,5,19840422,112,10
13434,1984,103,62,19840806,218,10
13434,1984,107,8,19840520,140,10
13434,1984,108,5,19840526,146,10
13434,1984,112,31,19840929,272,10
13434,1984,112,4,19840427,117,10
13434,1984,113,5,19840317,76,10
13434,1984,114,5,19840805,217,10
13434,1984,116,5,19840313,72,10
13434,1984,117,5,19840622,173,10
13434,1984,118,8,19840525,145,10
13434,1984,124,5,19840414,104,10
13434,1984,127,5,19840312,71,10
13434,1984,129,5,19840622,173,10
13434,1984,129,62,19840928,271,10
13434,1984,130,5,19840714,195,10
13434,1984,132,31,19841012,285,10
13434,1984,132,4,19840513,133,10
13434,1984,132,62,19841005,278,10
13434,1984,136,6,19840618,169,10
13434,1984,138,5,19840523,143,10
13434,1984,310,5,19840518,138,10
13434,1984,311,29,19840810,222,10
13434,1984,320,5,19840517,137,10
13434,1984,322,29,19841020,293,10
13434,1984,330,5,19840503,123,10
13434,1984,331,29,19840709,190,10
13434,1984,340,29,19840731,212,10
13434,1984,340,5,19840518,138,10
13434,1984,350,29,19840729,210,10
13434,1984,350,4,19840420,110,10
13434,1984,350,5,19840427,117,10
13434,1984,372,29,19841011,284,10
13434,1985,102,5,19850414,104,10
13434,1985,103,62,19850803,215,10
13434,1985,107,8,19850515,135,10
13434,1985,108,5,19850519,139,10
13434,1985,112,31,19850923,266,10
13434,1985,112,4,19850502,122,10
13434,1985,113,5,19850403,93,10
13434,1985,114,5,19850801,213,10
13434,1985,116,5,19850323,82,10
13434,1985,117,5,19850603,154,10
13434,1985,118,8,19850520,140,10
13434,1985,120,5,19850419,109,10
13434,1985,124,5,19850405,95,10
13434,1985,127,5,19850312,71,10
13434,1985,129,5,19850604,155,10
13434,1985,129,62,19850921,264,10
13434,1985,130,5,19850701,182,10
13434,1985,132,4,19850512,132,10
13434,1985,132,62,19850926,269,10
13434,1985,136,6,19850601,152,10
13434,1985,138,5,19850517,137,10
13434,1985,310,5,19850514,134,10
13434,1985,311,29,19850807,219,10
13434,1985,313,29,19851010,283,10
13434,1985,320,5,19850513,133,10
13434,1985,322,29,19851012,285,10
13434,1985,330,5,19850507,127,10
13434,1985,331,29,19850617,168,10
13434,1985,340,29,19850727,208,10
13434,1985,340,5,19850511,131,10
13434,1985,350,29,19850724,205,10
13434,1985,350,4,19850411,101,10
13434,1985,350,5,19850419,109,10
13434,1985,372,29,19850928,271,10
13434,1986,102,5,19860419,109,10
13434,1986,107,8,19860511,131,10
13434,1986,108,5,19860519,139,10
13434,1986,112,31,19860917,260,10
13434,1986,112,4,19860501,121,10
13434,1986,114,5,19860730,211,10
13434,1986,118,8,19860518,138,10
13434,1986,120,5,19860430,120,10
13434,1986,122,31,19861008,281,10
13434,1986,122,4,19860505,125,10
13434,1986,122,5,19860516,136,10
13434,1986,122,62,19860929,272,10
13434,1986,124,5,19860421,111,10
13434,1986,127,5,19860317,76,10
13434,1986,129,62,19860921,264,10
13434,1986,130,5,19860625,176,10
13434,1986,132,4,19860513,133,10
13434,1986,132,62,19860918,261,10
13434,1986,136,6,19860609,160,10
13434,1986,138,5,19860508,128,10
13434,1986,310,5,19860514,134,10
13434,1986,311,29,19860804,216,10
13434,1986,313,29,19861006,279,10
13434,1986,320,5,19860507,127,10
13434,1986,330,5,19860504,124,10
13434,1986,331,29,19860620,171,10
13434,1986,350,29,19860712,193,10
13434,1986,350,4,19860423,113,10
13434,1986,350,5,19860502,122,10
13434,1987,102,5,19870418,108,10
13434,1987,103,62,19870905,248,10
13434,1987,107,8,19870515,135,10
13434,1987,108,5,19870531,151,10
13434,1987,112,31,19871003,276,10
13434,1987,112,4,19870425,115,10
13434,1987,113,5,19870412,102,10
13434,1987,114,5,19870807,219,10
13434,1987,116,5,19870403,93,10
13434,1987,117,5,19870629,180,10
13434,1987,118,8,19870520,140,10
13434,1987,120,5,19870419,109,10
13434,1987,122,31,19871016,289,10
13434,1987,122,4,19870501,121,10
13434,1987,122,5,19870516,136,10
13434,1987,122,62,19871010,283,10
13434,1987,124,5,19870413,103,10
13434,1987,127,5,19870326,85,10
13434,1987,129,5,19870628,179,10
13434,1987,129,62,19870907,250,10
13434,1987,130,5,19870709,190,10
13434,1987,132,31,19871007,280,10
13434,1987,132,4,19870510,130,10
13434,1987,132,62,19871001,274,10
13434,1987,136,6,19870627,178,10
13434,1987,138,5,19870502,122,10
13434,1987,310,5,19870518,138,10
13434,1987,311,29,19870817,229,10
13434,1987,320,5,19870508,128,10
13434,1987,322,29,19871013,286,10
13434,1987,330,5,19870430,120,10
13434,1987,331,29,19870703,184,10
13434,1987,340,29,19870809,221,10
13434,1987,340,5,19870508,128,10
13434,1987,350,29,19870723,204,10
13434,1987,350,4,19870420,110,10
13434,1987,371,29,19870912,255,10
13434,1987,372,29,19870926,269,10
13434,1988,102,5,19880416,106,10
13434,1988,103,62,19880811,223,10
13434,1988,107,8,19880510,130,10
13434,1988,108,5,19880515,135,10
13434,1988,112,31,19880907,250,10
13434,1988,112,4,19880424,114,10
13434,1988,113,5,19880117,17,10
13434,1988,114,5,19880720,201,10
13434,1988,116,5,19880321,80,10
13434,1988,117,5,19880529,149,10
13434,1988,118,8,19880513,133,10
13434,1988,122,31,19880929,272,10
13434,1988,122,4,19880429,119,10
13434,1988,122,5,19880514,134,10
13434,1988,122,62,19880921,264,10
13434,1988,124,5,19880401,91,10
13434,1988,127,5,19880319,78,10
13434,1988,129,5,19880526,146,10
13434,1988,129,62,19880821,233,10
13434,1988,130,5,19880707,188,10
13434,1988,132,4,19880508,128,10
13434,1988,136,6,19880609,160,10
13434,1988,138,5,19880505,125,10
13434,1988,310,5,19880507,127,10
13434,1988,311,29,19880803,215,10
13434,1988,313,29,19881001,274,10
13434,1988,320,5,19880504,124,10
13434,1988,322,29,19881006,279,10
13434,1988,330,5,19880502,122,10
13434,1988,331,29,19880702,183,10
13434,1988,340,29,19880709,190,10
13434,1988,340,5,19880504,124,10
13434,1988,350,29,19880708,189,10
13434,1988,350,4,19880415,105,10
13434,1988,350,5,19880422,112,10
13434,1988,371,29,19880826,238,10
13434,1988,372,29,19880905,248,10
13434,1989,102,5,19890328,87,10
13434,1989,107,8,19890504,124,10
13434,1989,108,5,19890514,134,10
13434,1989,112,31,19891004,277,10
13434,1989,112,4,19890408,98,10
13434,1989,113,5,19890115,15,10
13434,1989,114,5,19890716,197,10
13434,1989,116,5,19890227,58,10
13434,1989,118,8,19890510,130,10
13434,1989,122,31,19891001,274,10
13434,1989,122,4,19890413,103,10
13434,1989,122,5,19890509,129,10
13434,1989,122,62,19890913,256,10
13434,1989,124,5,19890307,66,10
13434,1989,127,5,19890215,46,10
13434,1989,129,62,19890817,229,10
13434,1989,130,5,19890616,167,10
13434,1989,132,31,19891007,280,10
13434,1989,132,4,19890425,115,10
13434,1989,132,62,19890929,272,10
13434,1989,136,6,19890604,155,10
13434,1989,310,5,19890418,108,10
13434,1989,311,29,19890729,210,10
13434,1989,313,29,19890928,271,10
13434,1989,320,5,19890418,108,10
13434,1989,330,5,19890415,105,10
13434,1989,331,29,19890620,171,10
13434,1989,340,5,19890418,108,10
13434,1989,350,29,19890629,180,10
13434,1989,350,4,19890331,90,10
13434,1989,350,5,19890405,95,10
13434,1990,112,4,19900331,90,10
13434,1990,113,5,19900205,36,10
13434,1990,116,5,19900206,37,10
13434,1990,122,4,19900414,104,10
13434,1990,124,5,19900223,54,10
13434,1990,127,5,19900215,46,10
13434,1990,320,5,19900415,105,10
13434,1990,330,5,19900402,92,10
13434,1990,340,5,19900415,105,10
13434,1990,350,4,19900316,75,10
13434,1990,350,5,19900331,90,10
13434,2022,103,4,20220502,122,10
13434,2022,104,4,20220508,128,10
13434,2022,104,5,20220502,122,10
13434,2022,107,8,20220509,129,10
13434,2022,108,5,20220503,123,10
13434,2022,112,31,20221018,291,10
13434,2022,112,4,20220502,122,10
13434,2022,118,5,20220509,129,10
13434,2022,120,5,20220420,110,10
13434,2022,122,31,20221016,289,10
13434,2022,122,4,20220430,120,10
13434,2022,122,5,20220509,129,10
13434,2022,123,31,20221020,293,10
13434,2022,128,4,20220502,122,10
13434,2022,131,5,20220502,122,10
13434,2022,132,31,20221018,291,10
13434,2022,132,4,20220507,127,10
13434,2022,132,62,20220929,272,10
13434,2022,135,5,20220502,122,10
13434,2022,135,6,20220508,128,10
13434,2022,201,26,20220517,137,10
13434,2022,202,15,20220428,118,10
13434,2022,202,19,20220621,172,10
13434,2022,202,24,20220808,220,10
13434,2022,204,10,20220930,273,10
13434,2022,204,12,20221010,283,10
13434,2022,205,10,20220818,230,10
13434,2022,215,10,20220510,130,10
13434,2022,215,12,20220525,145,10
13434,2022,215,24,20220916,259,10
13434,2022,253,10,20220325,84,10
13434,2022,253,12,20220501,121,10
13434,2022,253,13,20220621,172,10
13434,2022,253,24,20221110,314,10
13434,2022,311,5,20220428,118,10
13434,2022,311,6,20220507,127,10
13434,2022,321,29,20220909,252,10
13434,2022,321,5,20220428,118,10
13434,2022,321,6,20220502,122,10
13434,2022,331,29,20220612,163,10
13434,2022,332,29,20220621,172,10
13434,2022,332,31,20221016,289,10
13434,2022,332,5,20220420,110,10
13434,2022,332,6,20220502,122,10
13434,2022,340,7,20220509,129,10
13434,2022,360,5,20220429,119,10
13434,2023,101,5,20230811,223,10
13434,2023,105,61,20230410,100,10
13434,2023,109,5,20230330,89,10
13434,2023,113,5,20230214,45,10
13434,2023,120,5,20230410,100,10
13434,2023,122,3,20230410,100,10
13434,2023,122,4,20230413,103,10
13434,2023,127,5,20230201,32,10
13434,2023,204,15,20230408,98,10
13434,2023,311,3,20230410,100,10
13434,2023,350,4,20230410,100,10
13435,1976,108,5,19760520,140,10
13435,1976,114,5,19760822,234,10
13435,1976,129,5,19760611,162,10
13435,1976,201,25,19760609,160,10
13435,1976,204,24,19760712,193,10
13435,1976,205,24,19760728,209,10
13435,1976,205,5,19760523,143,10
13435,1976,332,29,19760708,189,10
13435,1976,340,29,19760713,194,10
13436,1958,102,5,19580404,94,10
13436,1958,103,62,19580816,228,10
13436,1958,104,4,19580516,136,10
13436,1958,105,5,19580505,125,10
13436,1958,105,61,19580505,125,10
13436,1958,107,8,19580516,136,10
13436,1958,108,5,19580522,142,10
13436,1958,112,31,19581014,287,10
13436,1958,112,32,19581024,297,10
13436,1958,112,4,19580515,135,10
13436,1958,112,5,19580505,125,10
13436,1958,113,5,19580224,55,10
13436,1958,114,5,19580827,239,10
13436,1958,115,5,19580909,252,10
13436,1958,116,5,19580327,86,10
13436,1958,117,5,19580528,148,10
13436,1958,117,62,19580929,272,10
13436,1958,118,8,19580519,139,10
13436,1958,120,5,19580501,121,10
13436,1958,122,31,19581002,275,10
13436,1958,122,32,19581016,289,10
13436,1958,122,4,19580510,130,10
13436,1958,122,5,19580521,141,10
13436,1958,122,62,19580925,268,10
13436,1958,123,31,19581029,302,10
13436,1958,123,4,19580507,127,10
13436,1958,123,5,19580507,127,10
13436,1958,123,62,19581001,274,10
13436,1958,125,5,19580509,129,10
13436,1958,127,5,19580302,61,10
13436,1958,129,5,19580612,163,10
13436,1958,129,62,19580912,255,10
13436,1958,130,4,19580430,120,10
13436,1958,130,5,19580704,185,10
13436,1958,132,31,19581013,286,10
13436,1958,132,32,19581028,301,10
13436,1958,132,4,19580524,144,10
13436,1958,132,62,19580929,272,10
13436,1958,135,6,19580526,146,10
13436,1958,136,6,19580526,146,10
13436,1958,137,4,19580505,125,10
13436,1958,137,5,19580724,205,10
13436,1958,201,25,19580614,165,10
13436,1958,201,27,19580824,236,10
13436,1958,202,10,19581010,283,10
13436,1958,202,15,19580510,130,10
13436,1958,202,18,19580609,160,10
13436,1958,202,23,19580819,231,10
13436,1958,203,10,19581003,276,10
13436,1958,203,15,19580502,122,10
13436,1958,203,18,19580526,146,10
13436,1958,203,23,19580802,214,10
13436,1958,203,6,19580605,156,10
13436,1958,204,15,19580502,122,10
13436,1958,204,18,19580602,153,10
13436,1958,204,23,19580718,199,10
13436,1958,205,10,19580820,232,10
13436,1958,205,12,19580916,259,10
13436,1958,205,24,19580715,196,10
13436,1958,205,5,19580515,135,10
13436,1958,206,10,19580405,95,10
13436,1958,206,12,19580508,128,10
13436,1958,207,10,19580405,95,10
13436,1958,207,12,19580503,123,10
13436,1958,207,23,19580730,211,10
13436,1958,208,10,19580405,95,10
13436,1958,208,12,19580503,123,10
13436,1958,208,23,19580822,234,10
13436,1958,243,11,19580519,139,10
13436,1958,243,24,19580804,216,10
13436,1958,243,5,19580606,157,10
13436,1958,252,10,19580426,116,10
13436,1958,252,12,19580512,132,10
13436,1958,252,24,19581005,278,10
13436,1958,253,10,19580426,116,10
13436,1958,253,12,19580510,130,10
13436,1958,253,24,19581004,277,10
13436,1958,310,5,19580517,137,10
13436,1958,310,6,19580520,140,10
13436,1958,310,7,19580528,148,10
13436,1958,311,29,19580815,227,10
13436,1958,320,5,19580509,129,10
13436,1958,320,6,19580514,134,10
13436,1958,320,7,19580521,141,10
13436,1958,321,29,19580922,265,10
13436,1958,330,5,19580506,126,10
13436,1958,330,6,19580511,131,10
13436,1958,330,7,19580519,139,10
13436,1958,332,29,19580629,180,10
13436,1958,340,29,19580720,201,10
13436,1958,340,5,19580512,132,10
13436,1958,340,6,19580517,137,10
13436,1958,340,7,19580524,144,10
13436,1958,350,29,19580729,210,10
13436,1958,350,4,19580416,106,10
13436,1958,350,5,19580502,122,10
13436,1958,371,29,19580817,229,10
13436,1958,372,29,19580917,260,10
13436,1959,102,5,19590321,80,10
13436,1959,103,62,19590723,204,10
13436,1959,104,4,19590505,125,10
13436,1959,105,61,19590416,106,10
13436,1959,107,8,19590421,111,10
13436,1959,108,5,19590427,117,10
13436,1959,112,31,19591005,278,10
13436,1959,112,32,19591019,292,10
13436,1959,112,4,19590421,111,10
13436,1959,112,5,19590428,118,10
13436,1959,113,5,19590225,56,10
13436,1959,114,5,19590816,228,10
13436,1959,115,5,19590819,231,10
13436,1959,116,5,19590307,66,10
13436,1959,117,5,19590527,147,10
13436,1959,117,62,19590902,245,10
13436,1959,118,8,19590426,116,10
13436,1959,120,5,19590410,100,10
13436,1959,122,31,19591004,277,10
13436,1959,122,32,19591015,288,10
13436,1959,122,4,19590409,99,10
13436,1959,122,5,19590430,120,10
13436,1959,122,62,19590928,271,10
13436,1959,123,31,19591025,298,10
13436,1959,123,32,19591110,314,10
13436,1959,123,4,19590501,121,10
13436,1959,123,5,19590429,119,10
13436,1959,123,62,19591023,296,10
13436,1959,124,5,19590228,59,10
13436,1959,125,5,19590414,104,10
13436,1959,127,5,19590301,60,10
13436,1959,129,5,19590525,145,10
13436,1959,129,62,19590824,236,10
13436,1959,130,5,19590621,172,10
13436,1959,132,31,19591013,286,10
13436,1959,132,32,19591024,297,10
13436,1959,132,4,19590427,117,10
13436,1959,135,6,19590520,140,10
13436,1959,136,6,19590520,140,10
13436,1959,137,5,19590710,191,10
13436,1959,201,25,19590605,156,10
13436,1959,201,27,19590818,230,10
13436,1959,202,10,19591020,293,10
13436,1959,202,12,19591112,316,10
13436,1959,202,18,19590602,153,10
13436,1959,202,21,19590719,200,10
13436,1959,202,23,19590724,205,10
13436,1959,203,10,19591018,291,10
13436,1959,203,12,19591030,303,10
13436,1959,203,15,19590510,130,10
13436,1959,203,18,19590516,136,10
13436,1959,203,21,19590715,196,10
13436,1959,203,23,19590718,199,10
13436,1959,203,6,19590530,150,10
13436,1959,204,10,19591010,283,10
13436,1959,204,12,19591021,294,10
13436,1959,204,15,19590501,121,10
13436,1959,204,18,19590508,128,10
13436,1959,204,23,19590703,184,10
13436,1959,205,10,19590817,229,10
13436,1959,205,12,19590825,237,10
13436,1959,205,24,19590627,178,10
13436,1959,205,5,19590419,109,10
13436,1959,207,10,19590319,78,10
13436,1959,207,15,19590615,166,10
13436,1959,207,21,19590712,193,10
13436,1959,207,23,19590716,197,10
13436,1959,208,10,19590316,75,10
13436,1959,208,12,19590405,95,10
13436,1959,208,15,19590514,134,10
13436,1959,208,21,19590718,199,10
13436,1959,208,23,19590722,203,10
13436,1959,243,11,19590518,138,10
13436,1959,243,24,19590725,206,10
13436,1959,243,5,19590603,154,10
13436,1959,252,10,19590411,101,10
13436,1959,252,12,19590423,113,10
13436,1959,252,24,19591006,279,10
13436,1959,253,10,19590411,101,10
13436,1959,253,12,19590423,113,10
13436,1959,253,24,19591011,284,10
13436,1959,310,5,19590422,112,10
13436,1959,310,6,19590428,118,10
13436,1959,310,7,19590508,128,10
13436,1959,320,5,19590414,104,10
13436,1959,320,6,19590418,108,10
13436,1959,320,7,19590425,115,10
13436,1959,321,29,19590915,258,10
13436,1959,330,5,19590413,103,10
13436,1959,330,6,19590416,106,10
13436,1959,330,7,19590422,112,10
13436,1959,331,29,19590610,161,10
13436,1959,340,29,19590630,181,10
13436,1959,340,5,19590416,106,10
13436,1959,340,6,19590420,110,10
13436,1959,340,7,19590429,119,10
13436,1959,350,29,19590629,180,10
13436,1959,350,4,19590325,84,10
13436,1959,350,5,19590408,98,10
13436,1959,372,29,19590829,241,10
13436,1960,102,5,19600327,86,10
13436,1960,103,62,19600728,209,10
13436,1960,104,4,19600510,130,10
13436,1960,105,5,19600423,113,10
13436,1960,107,8,19600512,132,10
13436,1960,108,5,19600511,131,10
13436,1960,112,31,19601007,280,10
13436,1960,112,32,19601021,294,10
13436,1960,112,4,19600417,107,10
13436,1960,112,5,19600516,136,10
13436,1960,113,5,19600308,67,10
13436,1960,114,5,19600818,230,10
13436,1960,115,5,19600901,244,10
13436,1960,116,5,19600321,80,10
13436,1960,117,5,19600611,162,10
13436,1960,117,62,19600926,269,10
13436,1960,118,8,19600513,133,10
13436,1960,120,5,19600418,108,10
13436,1960,122,31,19600929,272,10
13436,1960,122,32,19601015,288,10
13436,1960,122,4,19600416,106,10
13436,1960,122,5,19600511,131,10
13436,1960,122,62,19600925,268,10
13436,1960,123,31,19601022,295,10
13436,1960,123,32,19601029,302,10
13436,1960,123,4,19600509,129,10
13436,1960,123,62,19600924,267,10
13436,1960,124,5,19600330,89,10
13436,1960,125,5,19600511,131,10
13436,1960,127,5,19600228,59,10
13436,1960,129,5,19600605,156,10
13436,1960,129,62,19600829,241,10
13436,1960,130,4,19600429,119,10
13436,1960,130,5,19600621,172,10
13436,1960,131,5,19600507,127,10
13436,1960,132,31,19601017,290,10
13436,1960,132,32,19601027,300,10
13436,1960,132,4,19600513,133,10
13436,1960,132,62,19601025,298,10
13436,1960,135,6,19600524,144,10
13436,1960,136,6,19600529,149,10
13436,1960,137,5,19600713,194,10
13436,1960,138,5,19600509,129,10
13436,1960,201,25,19600608,159,10
13436,1960,201,27,19600903,246,10
13436,1960,202,10,19601030,303,10
13436,1960,202,18,19600615,166,10
13436,1960,202,21,19600815,227,10
13436,1960,202,23,19600819,231,10
13436,1960,203,10,19601010,283,10
13436,1960,203,18,19600530,150,10
13436,1960,203,21,19600731,212,10
13436,1960,203,23,19600805,217,10
13436,1960,203,6,19600616,167,10
13436,1960,204,10,19600927,270,10
13436,1960,204,12,19601024,297,10
13436,1960,204,18,19600612,163,10
13436,1960,204,21,19600714,195,10
13436,1960,204,23,19600716,197,10
13436,1960,205,10,19600825,237,10
13436,1960,205,12,19600910,253,10
13436,1960,205,24,19600712,193,10
13436,1960,205,5,19600508,128,10
13436,1960,207,10,19600320,79,10
13436,1960,207,12,19600407,97,10
13436,1960,207,18,19600630,181,10
13436,1960,207,21,19600812,224,10
13436,1960,207,23,19600815,227,10
13436,1960,208,10,19600316,75,10
13436,1960,208,12,19600402,92,10
13436,1960,208,21,19600807,219,10
13436,1960,208,23,19600810,222,10
13436,1960,208,66,19600624,175,10
13436,1960,243,11,19600514,134,10
13436,1960,243,24,19600822,234,10
13436,1960,243,5,19600613,164,10
13436,1960,252,10,19600412,102,10
13436,1960,252,12,19600505,125,10
13436,1960,252,24,19601003,276,10
13436,1960,253,10,19600411,101,10
13436,1960,253,12,19600505,125,10
13436,1960,253,24,19601006,279,10
13436,1960,310,5,19600506,126,10
13436,1960,310,6,19600509,129,10
13436,1960,310,7,19600517,137,10
13436,1960,320,5,19600421,111,10
13436,1960,320,6,19600429,119,10
13436,1960,320,7,19600507,127,10
13436,1960,321,29,19600922,265,10
13436,1960,330,5,19600419,109,10
13436,1960,330,6,19600427,117,10
13436,1960,330,7,19600508,128,10
13436,1960,331,29,19600617,168,10
13436,1960,340,29,19600720,201,10
13436,1960,340,5,19600503,123,10
13436,1960,340,6,19600507,127,10
13436,1960,340,7,19600515,135,10
13436,1961,103,62,19610730,211,10
13436,1961,107,8,19610422,112,10
13436,1961,108,5,19610429,119,10
13436,1961,112,31,19611022,295,10
13436,1961,112,4,19610407,97,10
13436,1961,113,5,19610308,67,10
13436,1961,114,5,19610821,233,10
13436,1961,115,5,19610905,248,10
13436,1961,116,5,19610228,59,10
13436,1961,117,5,19610608,159,10
13436,1961,117,62,19610927,270,10
13436,1961,118,8,19610430,120,10
13436,1961,120,5,19610410,100,10
13436,1961,122,31,19611016,289,10
13436,1961,122,4,19610406,96,10
13436,1961,122,5,19610504,124,10
13436,1961,122,62,19611018,291,10
13436,1961,123,31,19611102,306,10
13436,1961,123,4,19610425,115,10
13436,1961,124,5,19610315,74,10
13436,1961,125,5,19610408,98,10
13436,1961,127,5,19610225,56,10
13436,1961,129,5,19610530,150,10
13436,1961,129,62,19610902,245,10
13436,1961,130,5,19610624,175,10
13436,1961,132,31,19611023,296,10
13436,1961,132,4,19610413,103,10
13436,1961,132,62,19610925,268,10
13436,1961,137,5,19610716,197,10
13436,1961,138,5,19610520,140,10
13436,1961,201,25,19610617,168,10
13436,1961,202,10,19611028,301,10
13436,1961,202,12,19611114,318,10
13436,1961,202,24,19610823,235,10
13436,1961,203,10,19611024,297,10
13436,1961,203,12,19611109,313,10
13436,1961,203,15,19610513,133,10
13436,1961,203,18,19610519,139,10
13436,1961,203,24,19610810,222,10
13436,1961,203,6,19610613,164,10
13436,1961,204,12,19611111,315,10
13436,1961,204,21,19610716,197,10
13436,1961,204,24,19610721,202,10
13436,1961,205,10,19610818,230,10
13436,1961,205,12,19610829,241,10
13436,1961,205,24,19610718,199,10
13436,1961,205,5,19610422,112,10
13436,1961,207,12,19610407,97,10
13436,1961,208,10,19610316,75,10
13436,1961,208,12,19610402,92,10
13436,1961,208,24,19610816,228,10
13436,1961,208,66,19610622,173,10
13436,1961,252,10,19610411,101,10
13436,1961,252,12,19610502,122,10
13436,1961,252,24,19611008,281,10
13436,1961,253,10,19610412,102,10
13436,1961,253,12,19610505,125,10
13436,1961,253,24,19611019,292,10
13436,1961,310,5,19610420,110,10
13436,1961,310,7,19610510,130,10
13436,1961,311,29,19610820,232,10
13436,1961,320,5,19610413,103,10
13436,1961,320,7,19610424,114,10
13436,1961,322,29,19610920,263,10
13436,1961,330,5,19610407,97,10
13436,1961,330,7,19610419,109,10
13436,1961,331,29,19610615,166,10
13436,1961,340,29,19610719,200,10
13436,1961,340,5,19610415,105,10
13436,1961,340,7,19610501,121,10
13436,1961,350,29,19610718,199,10
13436,1961,350,5,19610329,88,10
13436,1961,371,29,19610819,231,10
13436,1961,372,29,19610927,270,10
13436,1962,107,8,19620510,130,10
13436,1962,108,5,19620525,145,10
13436,1962,112,31,19621003,276,10
13436,1962,112,4,19620428,118,10
13436,1962,114,5,19620829,241,10
13436,1962,115,5,19620913,256,10
13436,1962,116,5,19620331,90,10
13436,1962,120,5,19620503,123,10
13436,1962,122,31,19621001,274,10
13436,1962,122,4,19620426,116,10
13436,1962,122,62,19620928,271,10
13436,1962,123,31,19621029,302,10
13436,1962,123,4,19620515,135,10
13436,1962,127,5,19620325,84,10
13436,1962,129,5,19620622,173,10
13436,1962,132,31,19621027,300,10
13436,1962,132,4,19620507,127,10
13436,1962,201,25,19620618,169,10
13436,1962,202,10,19621030,303,10
13436,1962,202,12,19621109,313,10
13436,1962,202,24,19620830,242,10
13436,1962,203,10,19621018,291,10
13436,1962,203,12,19621031,304,10
13436,1962,203,18,19620610,161,10
13436,1962,203,24,19620818,230,10
13436,1962,203,6,19620623,174,10
13436,1962,204,24,19620811,223,10
13436,1962,205,12,19620908,251,10
13436,1962,205,5,19620524,144,10
13436,1962,208,10,19620417,107,10
13436,1962,208,12,19620427,117,10
13436,1962,208,24,19620831,243,10
13436,1962,252,12,19620519,139,10
13436,1962,252,24,19621011,284,10
13436,1962,310,5,19620521,141,10
13436,1962,311,29,19620815,227,10
13436,1962,320,5,19620509,129,10
13436,1962,321,29,19620916,259,10
13436,1962,330,5,19620502,122,10
13436,1962,332,29,19620715,196,10
13436,1962,340,29,19620810,222,10
13436,1962,340,5,19620511,131,10
13436,1962,350,5,19620426,116,10
13436,1962,371,29,19620828,240,10
13436,1963,107,8,19630512,132,10
13436,1963,108,5,19630522,142,10
13436,1963,112,31,19630930,273,10
13436,1963,112,4,19630423,113,10
13436,1963,114,5,19630824,236,10
13436,1963,115,5,19630907,250,10
13436,1963,116,5,19630331,90,10
13436,1963,120,5,19630505,125,10
13436,1963,122,31,19631006,279,10
13436,1963,122,4,19630428,118,10
13436,1963,122,5,19630520,140,10
13436,1963,122,62,19630929,272,10
13436,1963,123,31,19631024,297,10
13436,1963,123,4,19630519,139,10
13436,1963,124,5,19630415,105,10
13436,1963,127,5,19630329,88,10
13436,1963,129,62,19630917,260,10
13436,1963,130,5,19630625,176,10
13436,1963,132,31,19631021,294,10
13436,1963,132,4,19630506,126,10
13436,1963,202,10,19631029,302,10
13436,1963,202,12,19631108,312,10
13436,1963,202,24,19630809,221,10
13436,1963,203,10,19630920,263,10
13436,1963,203,12,19631104,308,10
13436,1963,203,18,19630530,150,10
13436,1963,203,24,19630730,211,10
13436,1963,203,6,19630608,159,10
13436,1963,204,24,19630723,204,10
13436,1963,205,12,19630906,249,10
13436,1963,205,5,19630515,135,10
13436,1963,207,12,19630424,114,10
13436,1963,208,10,19630408,98,10
13436,1963,208,12,19630422,112,10
13436,1963,208,24,19630812,224,10
13436,1963,252,12,19630503,123,10
13436,1963,252,24,19631009,282,10
13436,1963,310,5,19630510,130,10
13436,1963,311,29,19630820,232,10
13436,1963,320,5,19630511,131,10
13436,1963,321,29,19630826,238,10
13436,1963,330,5,19630502,122,10
13436,1963,332,29,19630624,175,10
13436,1963,340,29,19630716,197,10
13436,1963,340,5,19630509,129,10
13436,1963,350,29,19630713,194,10
13436,1963,350,4,19630416,106,10
13436,1963,350,5,19630424,114,10
13436,1963,371,29,19630822,234,10
13436,1964,102,5,19640416,107,10
13436,1964,103,62,19640827,239,10
13436,1964,104,4,19640512,132,10
13436,1964,105,5,19640501,121,10
13436,1964,105,61,19640427,117,10
13436,1964,107,8,19640512,133,10
13436,1964,108,5,19640516,137,10
13436,1964,112,31,19641002,276,10
13436,1964,112,4,19640423,114,10
13436,1964,113,5,19640415,105,10
13436,1964,114,5,19640818,231,10
13436,1964,115,5,19640822,235,10
13436,1964,116,5,19640408,99,10
13436,1964,117,5,19640606,157,10
13436,1964,117,62,19640929,272,10
13436,1964,118,8,19640516,136,10
13436,1964,120,5,19640428,119,10
13436,1964,122,31,19641003,277,10
13436,1964,122,4,19640423,114,10
13436,1964,122,5,19640512,133,10
13436,1964,122,62,19641001,275,10
13436,1964,123,31,19641019,293,10
13436,1964,123,4,19640507,128,10
13436,1964,123,5,19640511,131,10
13436,1964,124,5,19640416,107,10
13436,1964,125,5,19640502,122,10
13436,1964,127,5,19640326,86,10
13436,1964,128,4,19640501,122,10
13436,1964,128,5,19640429,119,10
13436,1964,129,5,19640604,156,10
13436,1964,129,62,19640824,237,10
13436,1964,130,4,19640502,123,10
13436,1964,130,5,19640615,167,10
13436,1964,131,5,19640504,125,10
13436,1964,132,31,19641022,296,10
13436,1964,132,4,19640506,127,10
13436,1964,132,5,19640507,128,10
13436,1964,132,62,19641009,283,10
13436,1964,137,4,19640505,125,10
13436,1964,137,5,19640711,192,10
13436,1964,138,5,19640521,142,10
13436,1964,201,25,19640607,159,10
13436,1964,201,27,19640824,236,10
13436,1964,202,10,19641010,284,10
13436,1964,202,12,19641107,312,10
13436,1964,202,15,19640523,143,10
13436,1964,202,18,19640601,152,10
13436,1964,202,21,19640731,212,10
13436,1964,202,24,19640802,215,10
13436,1964,203,10,19641015,289,10
13436,1964,203,12,19641030,304,10
13436,1964,203,15,19640516,136,10
13436,1964,203,18,19640525,146,10
13436,1964,203,21,19640724,205,10
13436,1964,203,24,19640726,208,10
13436,1964,203,6,19640605,157,10
13436,1964,204,10,19640906,249,10
13436,1964,204,18,19640523,143,10
13436,1964,204,21,19640716,197,10
13436,1964,204,24,19640719,201,10
13436,1964,205,10,19640815,227,10
13436,1964,205,12,19640825,238,10
13436,1964,205,24,19640709,191,10
13436,1964,205,5,19640515,136,10
13436,1964,206,10,19640329,88,10
13436,1964,206,12,19640412,102,10
13436,1964,206,15,19640528,148,10
13436,1964,206,21,19640719,200,10
13436,1964,206,23,19640721,202,10
13436,1964,207,12,19640413,104,10
13436,1964,208,10,19640325,85,10
13436,1964,208,12,19640410,101,10
13436,1964,208,15,19640526,146,10
13436,1964,208,21,19640802,214,10
13436,1964,208,24,19640805,218,10
13436,1964,243,11,19640521,141,10
13436,1964,243,24,19640828,240,10
13436,1964,243,5,19640626,177,10
13436,1964,252,10,19640425,115,10
13436,1964,252,12,19640508,129,10
13436,1964,252,24,19641004,278,10
13436,1964,253,10,19640430,120,10
13436,1964,253,12,19640520,140,10
13436,1964,253,24,19641016,289,10
13436,1964,310,5,19640511,132,10
13436,1964,310,6,19640515,135,10
13436,1964,310,7,19640522,142,10
13436,1964,311,29,19640717,199,10
13436,1964,313,29,19640917,261,10
13436,1964,320,5,19640506,127,10
13436,1964,320,6,19640509,129,10
13436,1964,320,7,19640517,137,10
13436,1964,321,29,19640823,236,10
13436,1964,322,29,19640916,260,10
13436,1964,330,5,19640428,119,10
13436,1964,330,6,19640502,122,10
13436,1964,330,7,19640511,131,10
13436,1964,331,29,19640614,166,10
13436,1964,340,29,19640725,207,10
13436,1964,340,5,19640505,126,10
13436,1964,340,6,19640508,128,10
13436,1964,340,7,19640520,140,10
13436,1964,350,29,19640706,188,10
13436,1964,350,4,19640418,109,10
13436,1964,350,5,19640424,115,10
13436,1964,372,29,19640913,257,10
13436,1965,102,5,19650419,109,10
13436,1965,103,5,19650529,149,10
13436,1965,103,62,19650818,230,10
13436,1965,104,4,19650522,142,10
13436,1965,105,5,19650504,124,10
13436,1965,105,61,19650502,122,10
13436,1965,107,8,19650513,133,10
13436,1965,108,5,19650526,146,10
13436,1965,112,31,19651015,288,10
13436,1965,112,4,19650504,124,10
13436,1965,113,5,19650331,90,10
13436,1965,114,5,19650823,235,10
13436,1965,115,5,19650913,256,10
13436,1965,116,5,19650322,81,10
13436,1965,117,5,19650621,172,10
13436,1965,117,62,19651003,276,10
13436,1965,118,8,19650521,141,10
13436,1965,120,5,19650430,120,10
13436,1965,122,31,19650930,273,10
13436,1965,122,4,19650505,125,10
13436,1965,122,5,19650525,145,10
13436,1965,122,62,19651004,277,10
13436,1965,123,31,19651024,297,10
13436,1965,123,4,19650509,129,10
13436,1965,123,5,19650516,136,10
13436,1965,124,5,19650404,94,10
13436,1965,125,5,19650506,126,10
13436,1965,127,5,19650317,76,10
13436,1965,129,5,19650623,174,10
13436,1965,129,62,19650916,259,10
13436,1965,130,4,19650505,125,10
13436,1965,132,31,19651019,292,10
13436,1965,132,4,19650519,139,10
13436,1965,137,4,19650510,130,10
13436,1965,137,5,19650730,211,10
13436,1965,138,5,19650604,155,10
13436,1965,201,25,19650615,166,10
13436,1965,201,27,19650823,235,10
13436,1965,202,10,19651005,278,10
13436,1965,202,12,19651029,302,10
13436,1965,202,15,19650621,172,10
13436,1965,202,18,19650626,177,10
13436,1965,202,21,19650818,230,10
13436,1965,202,24,19650821,233,10
13436,1965,203,10,19650925,268,10
13436,1965,203,12,19651009,282,10
13436,1965,203,15,19650523,143,10
13436,1965,203,18,19650528,148,10
13436,1965,203,21,19650812,224,10
13436,1965,203,24,19650814,226,10
13436,1965,203,6,19650615,166,10
13436,1965,204,10,19651008,281,10
13436,1965,204,12,19651031,304,10
13436,1965,204,15,19650609,160,10
13436,1965,204,18,19650619,170,10
13436,1965,204,21,19650725,206,10
13436,1965,204,24,19650729,210,10
13436,1965,205,10,19650825,237,10
13436,1965,205,12,19650910,253,10
13436,1965,205,24,19650725,206,10
13436,1965,205,5,19650518,138,10
13436,1965,207,10,19650406,96,10
13436,1965,207,12,19650420,110,10
13436,1965,207,21,19650826,238,10
13436,1965,207,24,19650901,244,10
13436,1965,208,10,19650403,93,10
13436,1965,208,12,19650418,108,10
13436,1965,208,21,19650823,235,10
13436,1965,208,24,19650828,240,10
13436,1965,243,11,19650519,139,10
13436,1965,243,24,19650822,234,10
13436,1965,243,5,19650722,203,10
13436,1965,252,10,19650421,111,10
13436,1965,252,12,19650520,140,10
13436,1965,252,24,19651016,289,10
13436,1965,310,5,19650515,135,10
13436,1965,310,6,19650518,138,10
13436,1965,310,7,19650530,150,10
13436,1965,311,29,19650826,238,10
13436,1965,320,5,19650514,134,10
13436,1965,320,6,19650516,136,10
13436,1965,320,7,19650526,146,10
13436,1965,322,29,19650927,270,10
13436,1965,330,5,19650504,124,10
13436,1965,330,6,19650507,127,10
13436,1965,330,7,19650515,135,10
13436,1965,332,29,19650721,202,10
13436,1965,340,29,19650801,213,10
13436,1965,340,5,19650513,133,10
13436,1965,340,6,19650515,135,10
13436,1965,340,7,19650527,147,10
13436,1965,350,29,19650726,207,10
13436,1965,350,4,19650408,98,10
13436,1965,350,5,19650430,120,10
13436,1965,371,29,19650824,236,10
13436,1965,372,29,19650924,267,10
13436,1966,103,5,19660510,130,10
13436,1966,103,62,19660815,227,10
13436,1966,104,4,19660513,133,10
13436,1966,104,5,19660512,132,10
13436,1966,105,61,19660422,112,10
13436,1966,107,8,19660512,132,10
13436,1966,108,5,19660512,132,10
13436,1966,112,31,19660926,269,10
13436,1966,112,4,19660422,112,10
13436,1966,113,5,19660324,83,10
13436,1966,114,5,19660814,226,10
13436,1966,115,5,19660811,223,10
13436,1966,116,5,19660307,66,10
13436,1966,117,5,19660611,162,10
13436,1966,118,8,19660514,134,10
13436,1966,120,5,19660420,110,10
13436,1966,122,31,19660929,272,10
13436,1966,122,4,19660424,114,10
13436,1966,122,5,19660513,133,10
13436,1966,122,62,19660928,271,10
13436,1966,123,31,19661006,279,10
13436,1966,124,5,19660318,77,10
13436,1966,125,5,19660425,115,10
13436,1966,127,5,19660225,56,10
13436,1966,129,5,19660531,151,10
13436,1966,129,62,19660824,236,10
13436,1966,130,4,19660424,114,10
13436,1966,130,5,19660615,166,10
13436,1966,131,5,19660426,116,10
13436,1966,132,31,19661008,281,10
13436,1966,132,62,19660916,259,10
13436,1966,137,4,19660430,120,10
13436,1966,137,5,19660712,193,10
13436,1966,138,5,19660518,138,10
13436,1966,201,25,19660609,160,10
13436,1966,201,27,19660813,225,10
13436,1966,202,18,19660616,167,10
13436,1966,202,24,19660812,224,10
13436,1966,203,10,19661001,274,10
13436,1966,203,12,19661020,293,10
13436,1966,203,15,19660508,128,10
13436,1966,203,18,19660521,141,10
13436,1966,203,24,19660803,215,10
13436,1966,203,6,19660528,148,10
13436,1966,204,10,19661004,277,10
13436,1966,204,12,19661025,298,10
13436,1966,204,15,19660604,155,10
13436,1966,204,18,19660604,155,10
13436,1966,204,21,19660706,187,10
13436,1966,204,24,19660725,206,10
13436,1966,205,24,19660720,201,10
13436,1966,205,5,19660515,135,10
13436,1966,206,10,19660310,69,10
13436,1966,206,12,19660327,86,10
13436,1966,207,10,19660309,68,10
13436,1966,207,12,19660326,85,10
13436,1966,208,10,19660308,67,10
13436,1966,208,12,19660325,84,10
13436,1966,208,24,19660816,228,10
13436,1966,252,10,19660504,124,10
13436,1966,252,12,19660513,133,10
13436,1966,252,24,19661005,278,10
13436,1966,253,24,19661024,297,10
13436,1966,310,5,19660504,124,10
13436,1966,310,6,19660506,126,10
13436,1966,310,7,19660516,136,10
13436,1966,311,29,19660822,234,10
13436,1966,313,29,19661007,280,10
13436,1966,320,5,19660427,117,10
13436,1966,320,6,19660429,119,10
13436,1966,320,7,19660507,127,10
13436,1966,321,29,19660825,237,10
13436,1966,322,29,19660928,271,10
13436,1966,330,6,19660425,115,10
13436,1966,330,7,19660505,125,10
13436,1966,332,29,19660621,172,10
13436,1966,340,29,19660726,207,10
13436,1966,340,5,19660502,122,10
13436,1966,340,6,19660503,123,10
13436,1966,340,7,19660511,131,10
13436,1966,350,29,19660714,195,10
13436,1966,350,4,19660323,82,10
13436,1966,350,5,19660418,108,10
13436,1966,371,29,19660811,223,10
13436,1966,372,29,19660920,263,10
13436,1967,102,5,19670409,99,10
13436,1967,103,5,19670515,135,10
13436,1967,103,62,19670816,228,10
13436,1967,104,4,19670519,139,10
13436,1967,104,5,19670516,136,10
13436,1967,105,5,19670414,104,10
13436,1967,105,61,19670417,107,10
13436,1967,107,5,19670521,141,10
13436,1967,107,8,19670515,135,10
13436,1967,108,5,19670515,135,10
13436,1967,112,4,19670427,117,10
13436,1967,113,5,19670226,57,10
13436,1967,114,5,19670813,225,10
13436,1967,116,5,19670302,61,10
13436,1967,117,5,19670606,157,10
13436,1967,118,5,19670522,142,10
13436,1967,118,8,19670519,139,10
13436,1967,120,5,19670419,109,10
13436,1967,122,4,19670425,115,10
13436,1967,122,5,19670515,135,10
13436,1967,123,4,19670507,127,10
13436,1967,123,5,19670510,130,10
13436,1967,124,5,19670319,78,10
13436,1967,125,5,19670518,138,10
13436,1967,127,5,19670225,56,10
13436,1967,128,4,19670411,101,10
13436,1967,128,5,19670310,69,10
13436,1967,129,5,19670607,158,10
13436,1967,129,62,19670830,242,10
13436,1967,130,4,19670504,124,10
13436,1967,130,5,19670627,178,10
13436,1967,131,5,19670416,106,10
13436,1967,132,4,19670506,126,10
13436,1967,137,4,19670504,124,10
13436,1967,137,5,19670716,197,10
13436,1967,138,5,19670524,144,10
13436,1967,201,25,19670606,157,10
13436,1967,202,23,19670812,224,10
13436,1967,202,24,19670812,224,10
13436,1967,203,15,19670520,140,10
13436,1967,203,18,19670523,143,10
13436,1967,203,21,19670730,211,10
13436,1967,203,23,19670801,213,10
13436,1967,203,24,19670801,213,10
13436,1967,203,6,19670531,151,10
13436,1967,204,15,19670509,129,10
13436,1967,204,18,19670518,138,10
13436,1967,204,21,19670720,201,10
13436,1967,204,23,19670727,208,10
13436,1967,204,24,19670727,208,10
13436,1967,205,10,19670825,237,10
13436,1967,205,12,19670907,250,10
13436,1967,205,24,19670723,204,10
13436,1967,205,5,19670514,134,10
13436,1967,207,10,19670312,71,10
13436,1967,207,12,19670330,89,10
13436,1967,207,18,19670521,141,10
13436,1967,208,10,19670307,66,10
13436,1967,208,12,19670326,85,10
13436,1967,208,15,19670512,132,10
13436,1967,208,21,19670812,224,10
13436,1967,208,23,19670816,228,10
13436,1967,208,24,19670816,228,10
13436,1967,208,66,19670629,180,10
13436,1967,243,11,19670518,138,10
13436,1967,243,24,19670821,233,10
13436,1967,252,10,19670430,120,10
13436,1967,252,12,19670513,133,10
13436,1967,310,5,19670510,130,10
13436,1967,310,6,19670512,132,10
13436,1967,310,7,19670519,139,10
13436,1967,311,29,19670822,234,10
13436,1967,320,5,19670504,124,10
13436,1967,320,6,19670508,128,10
13436,1967,320,7,19670514,134,10
13436,1967,321,29,19670826,238,10
13436,1967,330,5,19670423,113,10
13436,1967,330,6,19670501,121,10
13436,1967,330,7,19670509,129,10
13436,1967,331,29,19670624,175,10
13436,1967,332,29,19670706,187,10
13436,1967,340,29,19670728,209,10
13436,1967,340,5,19670505,125,10
13436,1967,340,6,19670508,128,10
13436,1967,340,7,19670514,134,10
13436,1967,350,29,19670704,185,10
13436,1967,350,4,19670323,82,10
13436,1967,350,5,19670415,105,10
13436,1967,371,29,19670811,223,10
13436,1968,102,5,19680409,99,10
13436,1968,103,5,19680515,135,10
13436,1968,103,62,19680816,228,10
13436,1968,104,4,19680523,143,10
13436,1968,105,5,19680425,115,10
13436,1968,105,61,19680418,108,10
13436,1968,107,5,19680516,136,10
13436,1968,107,8,19680510,130,10
13436,1968,108,5,19680502,122,10
13436,1968,112,4,19680418,108,10
13436,1968,113,5,19680317,76,10
13436,1968,114,5,19680810,222,10
13436,1968,116,5,19680321,80,10
13436,1968,117,5,19680611,162,10
13436,1968,118,5,19680525,145,10
13436,1968,118,8,19680514,134,10
13436,1968,120,5,19680421,111,10
13436,1968,122,4,19680420,110,10
13436,1968,122,5,19680501,121,10
13436,1968,124,5,19680328,87,10
13436,1968,125,5,19680421,111,10
13436,1968,127,5,19680319,78,10
13436,1968,128,4,19680412,102,10
13436,1968,128,5,19680326,85,10
13436,1968,129,5,19680611,162,10
13436,1968,130,4,19680419,109,10
13436,1968,130,5,19680618,169,10
13436,1968,131,5,19680416,106,10
13436,1968,132,4,19680429,119,10
13436,1968,132,5,19680426,116,10
13436,1968,137,4,19680423,113,10
13436,1968,137,5,19680715,196,10
13436,1968,138,5,19680517,137,10
13436,1968,201,25,19680610,161,10
13436,1968,201,27,19680828,240,10
13436,1968,202,15,19680523,143,10
13436,1968,202,21,19680808,220,10
13436,1968,202,24,19680813,225,10
13436,1968,203,15,19680517,137,10
13436,1968,203,18,19680524,144,10
13436,1968,203,21,19680729,210,10
13436,1968,203,24,19680801,213,10
13436,1968,204,15,19680509,129,10
13436,1968,204,18,19680521,141,10
13436,1968,204,21,19680715,196,10
13436,1968,204,24,19680728,209,10
13436,1968,205,10,19680822,234,10
13436,1968,205,24,19680721,202,10
13436,1968,205,5,19680502,122,10
13436,1968,206,10,19680326,85,10
13436,1968,207,10,19680325,84,10
13436,1968,208,10,19680324,83,10
13436,1968,208,12,19680406,96,10
13436,1968,208,15,19680511,131,10
13436,1968,208,21,19680812,224,10
13436,1968,208,24,19680817,229,10
13436,1968,243,11,19680521,141,10
13436,1968,243,24,19680824,236,10
13436,1968,243,5,19680614,165,10
13436,1968,252,10,19680429,119,10
13436,1968,252,12,19680512,132,10
13436,1968,310,5,19680426,116,10
13436,1968,310,6,19680430,120,10
13436,1968,310,7,19680513,133,10
13436,1968,311,29,19680822,234,10
13436,1968,320,5,19680421,111,10
13436,1968,320,6,19680424,114,10
13436,1968,320,7,19680507,127,10
13436,1968,321,29,19680825,237,10
13436,1968,330,5,19680420,110,10
13436,1968,330,6,19680424,114,10
13436,1968,330,7,19680430,120,10
13436,1968,331,29,19680624,175,10
13436,1968,332,29,19680706,187,10
13436,1968,340,29,19680730,211,10
13436,1968,340,5,19680424,114,10
13436,1968,340,6,19680430,120,10
13436,1968,340,7,19680506,126,10
13436,1968,350,29,19680702,183,10
13436,1968,350,4,19680410,100,10
13436,1968,350,5,19680415,105,10
13436,1968,371,29,19680810,222,10
13436,1969,102,5,19690416,106,10
13436,1969,103,5,19690609,160,10
13436,1969,112,4,19690505,125,10
13436,1969,113,5,19690409,99,10
13436,1969,114,5,19690809,221,10
13436,1969,116,5,19690407,97,10
13436,1969,117,5,19690614,165,10
13436,1969,120,5,19690503,123,10
13436,1969,122,4,19690503,123,10
13436,1969,123,4,19690511,131,10
13436,1969,124,5,19690411,101,10
13436,1969,125,5,19690508,128,10
13436,1969,127,5,19690331,90,10
13436,1969,129,5,19690613,164,10
13436,1969,130,4,19690508,128,10
13436,1969,130,5,19690623,174,10
13436,1969,131,5,19690505,125,10
13436,1969,132,4,19690509,129,10
13436,1969,137,5,19690721,202,10
13436,1969,201,25,19690611,162,10
13436,1969,202,18,19690611,162,10
13436,1969,202,21,19690812,224,10
13436,1969,203,15,19690520,140,10
13436,1969,203,21,19690730,211,10
13436,1969,203,24,19690802,214,10
13436,1969,203,6,19690612,163,10
13436,1969,204,21,19690722,203,10
13436,1969,204,24,19690728,209,10
13436,1969,205,10,19690822,234,10
13436,1969,205,24,19690724,205,10
13436,1969,206,10,19690411,101,10
13436,1969,206,12,19690429,119,10
13436,1969,207,10,19690410,100,10
13436,1969,207,12,19690429,119,10
13436,1969,208,10,19690408,98,10
13436,1969,208,12,19690428,118,10
13436,1969,208,15,19690515,135,10
13436,1969,252,10,19690509,129,10
13436,1969,310,5,19690512,132,10
13436,1969,310,7,19690521,141,10
13436,1969,320,5,19690511,131,10
13436,1969,320,7,19690520,140,10
13436,1969,330,5,19690504,124,10
13436,1969,330,7,19690512,132,10
13436,1969,331,29,19690621,172,10
13436,1969,340,29,19690727,208,10
13436,1969,340,5,19690510,130,10
13436,1969,340,7,19690520,140,10
13436,1969,350,29,19690703,184,10
13436,1969,350,4,19690407,97,10
13436,1969,350,5,19690426,116,10
13436,1970,102,5,19700501,121,10
13436,1970,103,5,19700605,156,10
13436,1970,112,4,19700508,128,10
13436,1970,113,5,19700415,105,10
13436,1970,114,5,19700813,225,10
13436,1970,116,5,19700409,99,10
13436,1970,117,5,19700620,171,10
13436,1970,120,5,19700507,127,10
13436,1970,122,4,19700507,127,10
13436,1970,123,4,19700509,129,10
13436,1970,124,5,19700419,109,10
13436,1970,125,5,19700513,133,10
13436,1970,127,5,19700331,90,10
13436,1970,129,5,19700618,169,10
13436,1970,130,4,19700509,129,10
13436,1970,130,5,19700628,179,10
13436,1970,131,5,19700506,126,10
13436,1970,137,5,19700725,206,10
13436,1970,201,25,19700616,167,10
13436,1970,202,18,19700611,162,10
13436,1970,202,21,19700812,224,10
13436,1970,203,15,19700525,145,10
13436,1970,203,21,19700801,213,10
13436,1970,203,24,19700806,218,10
13436,1970,203,6,19700618,169,10
13436,1970,204,21,19700721,202,10
13436,1970,204,24,19700727,208,10
13436,1970,205,24,19700724,205,10
13436,1970,205,5,19700602,153,10
13436,1970,207,10,19700421,111,10
13436,1970,207,12,19700510,130,10
13436,1970,208,10,19700414,104,10
13436,1970,208,12,19700430,120,10
13436,1970,208,15,19700527,147,10
13436,1970,252,10,19700508,128,10
13436,1970,310,5,19700519,139,10
13436,1970,320,5,19700513,133,10
13436,1970,320,7,19700522,142,10
13436,1970,330,5,19700509,129,10
13436,1970,330,7,19700520,140,10
13436,1970,331,29,19700624,175,10
13436,1970,332,29,19700630,181,10
13436,1970,340,29,19700729,210,10
13436,1970,340,5,19700511,131,10
13436,1970,340,7,19700522,142,10
13436,1970,350,29,19700720,201,10
13436,1970,350,4,19700429,119,10
13436,1970,350,5,19700508,128,10
13436,1971,102,5,19710414,104,10
13436,1971,103,5,19710530,150,10
13436,1971,103,62,19710807,219,10
13436,1971,104,4,19710516,136,10
13436,1971,105,5,19710420,110,10
13436,1971,105,61,19710418,108,10
13436,1971,112,31,19711004,277,10
13436,1971,112,4,19710421,111,10
13436,1971,113,5,19710327,86,10
13436,1971,114,5,19710813,225,10
13436,1971,115,5,19710830,242,10
13436,1971,116,5,19710323,82,10
13436,1971,117,5,19710605,156,10
13436,1971,117,62,19710912,255,10
13436,1971,120,5,19710420,110,10
13436,1971,122,31,19710926,269,10
13436,1971,122,4,19710422,112,10
13436,1971,122,62,19710927,270,10
13436,1971,123,31,19711006,279,10
13436,1971,123,4,19710506,126,10
13436,1971,124,5,19710403,93,10
13436,1971,125,5,19710505,125,10
13436,1971,127,5,19710313,72,10
13436,1971,129,5,19710611,162,10
13436,1971,129,62,19710903,246,10
13436,1971,130,4,19710421,111,10
13436,1971,130,5,19710623,174,10
13436,1971,131,5,19710427,117,10
13436,1971,132,31,19711001,274,10
13436,1971,132,62,19710929,272,10
13436,1971,137,4,19710430,120,10
13436,1971,137,5,19710717,198,10
13436,1971,201,25,19710606,157,10
13436,1971,202,10,19711005,278,10
13436,1971,202,12,19711029,302,10
13436,1971,202,15,19710528,148,10
13436,1971,202,18,19710602,153,10
13436,1971,202,21,19710801,213,10
13436,1971,202,24,19710810,222,10
13436,1971,203,10,19711001,274,10
13436,1971,203,12,19711020,293,10
13436,1971,203,15,19710521,141,10
13436,1971,203,18,19710605,156,10
13436,1971,203,21,19710728,209,10
13436,1971,203,24,19710802,214,10
13436,1971,203,6,19710618,169,10
13436,1971,204,15,19710516,136,10
13436,1971,204,21,19710714,195,10
13436,1971,204,24,19710716,197,10
13436,1971,205,10,19710825,237,10
13436,1971,205,12,19710909,252,10
13436,1971,205,24,19710713,194,10
13436,1971,205,5,19710510,130,10
13436,1971,207,10,19710322,81,10
13436,1971,207,12,19710411,101,10
13436,1971,208,10,19710321,80,10
13436,1971,208,12,19710410,100,10
13436,1971,208,15,19710525,145,10
13436,1971,208,21,19710808,220,10
13436,1971,208,24,19710816,228,10
13436,1971,252,10,19710508,128,10
13436,1971,252,24,19711005,278,10
13436,1971,253,24,19711024,297,10
13436,1971,310,5,19710509,129,10
13436,1971,310,6,19710511,131,10
13436,1971,310,7,19710518,138,10
13436,1971,311,29,19710806,218,10
13436,1971,320,5,19710502,122,10
13436,1971,320,6,19710502,122,10
13436,1971,320,7,19710513,133,10
13436,1971,321,29,19710826,238,10
13436,1971,330,5,19710422,112,10
13436,1971,330,6,19710424,114,10
13436,1971,330,7,19710508,128,10
13436,1971,331,29,19710624,175,10
13436,1971,340,29,19710729,210,10
13436,1971,340,5,19710426,116,10
13436,1971,340,6,19710429,119,10
13436,1971,340,7,19710512,132,10
13436,1971,350,29,19710709,190,10
13436,1971,350,4,19710413,103,10
13436,1971,350,5,19710420,110,10
13436,1971,371,29,19710811,223,10
13436,1972,102,5,19720410,100,10
13436,1972,103,5,19720521,141,10
13436,1972,104,4,19720511,131,10
13436,1972,105,61,19720415,105,10
13436,1972,107,8,19720512,132,10
13436,1972,108,5,19720512,132,10
13436,1972,112,31,19720930,273,10
13436,1972,112,4,19720416,106,10
13436,1972,113,5,19720315,74,10
13436,1972,114,5,19720818,230,10
13436,1972,115,5,19720831,243,10
13436,1972,116,5,19720317,76,10
13436,1972,117,5,19720604,155,10
13436,1972,117,62,19720916,259,10
13436,1972,120,5,19720421,111,10
13436,1972,122,31,19720927,270,10
13436,1972,122,4,19720413,103,10
13436,1972,122,5,19720513,133,10
13436,1972,122,62,19720928,271,10
13436,1972,123,31,19721007,280,10
13436,1972,123,4,19720501,121,10
13436,1972,124,5,19720320,79,10
13436,1972,125,5,19720424,114,10
13436,1972,127,5,19720229,59,10
13436,1972,128,5,19720322,81,10
13436,1972,129,5,19720611,162,10
13436,1972,129,62,19720902,245,10
13436,1972,130,4,19720501,121,10
13436,1972,130,5,19720628,179,10
13436,1972,131,5,19720415,105,10
13436,1972,132,31,19721002,275,10
13436,1972,132,4,19720515,135,10
13436,1972,132,62,19721004,277,10
13436,1972,137,4,19720504,124,10
13436,1972,137,5,19720721,202,10
13436,1972,138,5,19720524,144,10
13436,1972,201,25,19720609,160,10
13436,1972,201,27,19720828,240,10
13436,1972,202,10,19721008,281,10
13436,1972,202,12,19721029,302,10
13436,1972,202,15,19720530,150,10
13436,1972,202,18,19720601,152,10
13436,1972,202,21,19720811,223,10
13436,1972,203,10,19721005,278,10
13436,1972,203,12,19721025,298,10
13436,1972,203,15,19720510,130,10
13436,1972,203,21,19720727,208,10
13436,1972,203,24,19720804,216,10
13436,1972,203,6,19720601,152,10
13436,1972,204,21,19720713,194,10
13436,1972,204,24,19720716,197,10
13436,1972,205,10,19720822,234,10
13436,1972,205,12,19720906,249,10
13436,1972,205,24,19720722,203,10
13436,1972,205,5,19720513,133,10
13436,1972,206,10,19720302,61,10
13436,1972,206,12,19720323,82,10
13436,1972,207,10,19720301,60,10
13436,1972,207,12,19720322,81,10
13436,1972,208,10,19720302,61,10
13436,1972,208,12,19720321,80,10
13436,1972,208,15,19720522,142,10
13436,1972,208,21,19720808,220,10
13436,1972,243,11,19720516,136,10
13436,1972,243,24,19720927,270,10
13436,1972,243,5,19720626,177,10
13436,1972,252,10,19720507,127,10
13436,1972,252,24,19721009,282,10
13436,1972,253,24,19721009,282,10
13436,1972,310,5,19720502,122,10
13436,1972,310,6,19720506,126,10
13436,1972,310,7,19720515,135,10
13436,1972,313,29,19720925,268,10
13436,1972,320,5,19720430,120,10
13436,1972,320,6,19720503,123,10
13436,1972,320,7,19720511,131,10
13436,1972,322,29,19720924,267,10
13436,1972,330,5,19720423,113,10
13436,1972,330,6,19720428,118,10
13436,1972,330,7,19720505,125,10
13436,1972,331,29,19720623,174,10
13436,1972,340,29,19720723,204,10
13436,1972,340,5,19720426,116,10
13436,1972,340,6,19720430,120,10
13436,1972,340,7,19720508,128,10
13436,1972,350,29,19720720,201,10
13436,1972,350,4,19720402,92,10
13436,1972,350,5,19720413,103,10
13436,1972,372,29,19720919,262,10
13436,1973,102,5,19730323,82,10
13436,1973,103,5,19730524,144,10
13436,1973,103,62,19730810,222,10
13436,1973,104,4,19730523,143,10
13436,1973,105,61,19730428,118,10
13436,1973,107,8,19730529,149,10
13436,1973,108,5,19730520,140,10
13436,1973,112,31,19731001,274,10
13436,1973,112,4,19730429,119,10
13436,1973,113,5,19730317,76,10
13436,1973,114,5,19730811,223,10
13436,1973,115,5,19730905,248,10
13436,1973,116,5,19730320,79,10
13436,1973,117,5,19730616,167,10
13436,1973,117,62,19731015,288,10
13436,1973,118,8,19730522,142,10
13436,1973,120,5,19730426,116,10
13436,1973,122,31,19731001,274,10
13436,1973,122,4,19730503,123,10
13436,1973,122,5,19730520,140,10
13436,1973,122,62,19730929,272,10
13436,1973,123,31,19731008,281,10
13436,1973,123,4,19730504,124,10
13436,1973,124,5,19730324,83,10
13436,1973,125,5,19730507,127,10
13436,1973,127,5,19730308,67,10
13436,1973,129,5,19730617,168,10
13436,1973,129,62,19730903,246,10
13436,1973,130,4,19730503,123,10
13436,1973,130,5,19730628,179,10
13436,1973,131,5,19730510,130,10
13436,1973,132,31,19731003,276,10
13436,1973,132,4,19730518,138,10
13436,1973,132,62,19731008,281,10
13436,1973,137,4,19730504,124,10
13436,1973,137,5,19730719,200,10
13436,1973,138,5,19730527,147,10
13436,1973,201,25,19730616,167,10
13436,1973,202,10,19731007,280,10
13436,1973,202,12,19731031,304,10
13436,1973,202,18,19730609,160,10
13436,1973,202,21,19730802,214,10
13436,1973,202,24,19730812,224,10
13436,1973,203,10,19731006,279,10
13436,1973,203,12,19731026,299,10
13436,1973,203,18,19730605,156,10
13436,1973,203,21,19730727,208,10
13436,1973,203,24,19730803,215,10
13436,1973,203,6,19730612,163,10
13436,1973,204,15,19730605,156,10
13436,1973,204,24,19730723,204,10
13436,1973,205,10,19730825,237,10
13436,1973,205,12,19730907,250,10
13436,1973,205,24,19730712,193,10
13436,1973,205,5,19730517,137,10
13436,1973,206,10,19730318,77,10
13436,1973,206,12,19730330,89,10
13436,1973,207,10,19730323,82,10
13436,1973,207,12,19730330,89,10
13436,1973,208,10,19730327,86,10
13436,1973,208,12,19730410,100,10
13436,1973,208,21,19730810,222,10
13436,1973,208,24,19730815,227,10
13436,1973,252,10,19730508,128,10
13436,1973,252,24,19731010,283,10
13436,1973,253,24,19731021,294,10
13436,1973,310,5,19730513,133,10
13436,1973,310,6,19730516,136,10
13436,1973,310,7,19730528,148,10
13436,1973,311,29,19730828,240,10
13436,1973,320,5,19730508,128,10
13436,1973,320,6,19730510,130,10
13436,1973,320,7,19730521,141,10
13436,1973,321,29,19730904,247,10
13436,1973,322,29,19730925,268,10
13436,1973,330,5,19730504,124,10
13436,1973,330,6,19730506,126,10
13436,1973,330,7,19730604,155,10
13436,1973,331,29,19730621,172,10
13436,1973,332,29,19730702,183,10
13436,1973,340,29,19730813,225,10
13436,1973,340,5,19730509,129,10
13436,1973,340,6,19730511,131,10
13436,1973,340,7,19730518,138,10
13436,1973,350,29,19730722,203,10
13436,1973,350,4,19730406,96,10
13436,1973,350,5,19730430,120,10
13436,1973,371,29,19730907,250,10
13436,1973,372,29,19730919,262,10
13436,1974,102,5,19740402,92,10
13436,1974,103,5,19740518,138,10
13436,1974,103,62,19740821,233,10
13436,1974,104,4,19740519,139,10
13436,1974,105,5,19740406,96,10
13436,1974,105,61,19740404,94,10
13436,1974,107,5,19740509,129,10
13436,1974,107,8,19740506,126,10
13436,1974,108,5,19740517,137,10
13436,1974,112,31,19741019,292,10
13436,1974,112,4,19740405,95,10
13436,1974,113,5,19740301,60,10
13436,1974,114,5,19740820,232,10
13436,1974,115,5,19740902,245,10
13436,1974,116,5,19740319,78,10
13436,1974,117,5,19740614,165,10
13436,1974,117,62,19740930,273,10
13436,1974,118,5,19740513,133,10
13436,1974,118,8,19740508,128,10
13436,1974,120,5,19740412,102,10
13436,1974,122,31,19741017,290,10
13436,1974,122,4,19740413,103,10
13436,1974,122,5,19740524,144,10
13436,1974,122,62,19740930,273,10
13436,1974,123,31,19741020,293,10
13436,1974,123,4,19740422,112,10
13436,1974,123,62,19741021,294,10
13436,1974,124,5,19740315,74,10
13436,1974,125,5,19740408,98,10
13436,1974,127,5,19740216,47,10
13436,1974,129,5,19740613,164,10
13436,1974,129,62,19740905,248,10
13436,1974,130,4,19740407,97,10
13436,1974,130,5,19740701,182,10
13436,1974,131,5,19740410,100,10
13436,1974,132,31,19741024,297,10
13436,1974,132,62,19741015,288,10
13436,1974,137,4,19740412,102,10
13436,1974,137,5,19740804,216,10
13436,1974,201,25,19740615,166,10
13436,1974,202,10,19741010,283,10
13436,1974,202,12,19741031,304,10
13436,1974,202,15,19740522,142,10
13436,1974,202,24,19740822,234,10
13436,1974,203,10,19741006,279,10
13436,1974,203,12,19741027,300,10
13436,1974,203,21,19740806,218,10
13436,1974,203,24,19740809,221,10
13436,1974,203,6,19740616,167,10
13436,1974,204,15,19740508,128,10
13436,1974,204,21,19740725,206,10
13436,1974,204,24,19740728,209,10
13436,1974,205,10,19740825,237,10
13436,1974,205,12,19740907,250,10
13436,1974,205,24,19740718,199,10
13436,1974,205,5,19740519,139,10
13436,1974,207,10,19740225,56,10
13436,1974,207,12,19740313,72,10
13436,1974,208,10,19740303,62,10
13436,1974,208,12,19740324,83,10
13436,1974,208,21,19740817,229,10
13436,1974,208,24,19740824,236,10
13436,1974,243,11,19740517,137,10
13436,1974,243,24,19740820,232,10
13436,1974,243,5,19740627,178,10
13436,1974,252,10,19740413,103,10
13436,1974,252,24,19741016,289,10
13436,1974,253,24,19741103,307,10
13436,1974,310,5,19740429,119,10
13436,1974,310,6,19740503,123,10
13436,1974,310,7,19740511,131,10
13436,1974,311,29,19740827,239,10
13436,1974,313,29,19741007,280,10
13436,1974,320,5,19740414,104,10
13436,1974,320,6,19740418,108,10
13436,1974,320,7,19740427,117,10
13436,1974,321,29,19740826,238,10
13436,1974,322,29,19740916,259,10
13436,1974,330,5,19740411,101,10
13436,1974,330,6,19740416,106,10
13436,1974,330,7,19740425,115,10
13436,1974,331,29,19740621,172,10
13436,1974,332,29,19740701,182,10
13436,1974,340,29,19740812,224,10
13436,1974,340,5,19740420,110,10
13436,1974,340,6,19740423,113,10
13436,1974,340,7,19740501,121,10
13436,1974,350,29,19740722,203,10
13436,1974,350,4,19740328,87,10
13436,1974,350,5,19740407,97,10
13436,1974,371,29,19740811,223,10
13436,1974,372,29,19740920,263,10
13436,1975,102,5,19750414,104,10
13436,1975,103,5,19750529,149,10
13436,1975,103,62,19750819,231,10
13436,1975,104,4,19750512,132,10
13436,1975,105,61,19750427,117,10
13436,1975,107,8,19750506,126,10
13436,1975,108,5,19750517,137,10
13436,1975,112,31,19751021,294,10
13436,1975,112,4,19750428,118,10
13436,1975,113,5,19750224,55,10
13436,1975,114,5,19750802,214,10
13436,1975,115,5,19750904,247,10
13436,1975,116,5,19750313,72,10
13436,1975,117,5,19750613,164,10
13436,1975,117,62,19751008,281,10
13436,1975,120,5,19750425,115,10
13436,1975,122,31,19751019,292,10
13436,1975,122,4,19750428,118,10
13436,1975,122,5,19750516,136,10
13436,1975,122,62,19751001,274,10
13436,1975,123,31,19751025,298,10
13436,1975,123,4,19750503,123,10
13436,1975,124,5,19750309,68,10
13436,1975,125,5,19750503,123,10
13436,1975,127,5,19750210,41,10
13436,1975,129,5,19750611,162,10
13436,1975,129,62,19750902,245,10
13436,1975,130,4,19750430,120,10
13436,1975,130,5,19750620,171,10
13436,1975,131,5,19750427,117,10
13436,1975,132,31,19751028,301,10
13436,1975,132,4,19750512,132,10
13436,1975,132,5,19750513,133,10
13436,1975,132,62,19751014,287,10
13436,1975,137,4,19750505,125,10
13436,1975,137,5,19750719,200,10
13436,1975,138,5,19750519,139,10
13436,1975,201,25,19750607,158,10
13436,1975,201,27,19750823,235,10
13436,1975,202,10,19751010,283,10
13436,1975,202,12,19751031,304,10
13436,1975,202,15,19750617,168,10
13436,1975,202,18,19750616,167,10
13436,1975,202,21,19750805,217,10
13436,1975,202,24,19750817,229,10
13436,1975,203,10,19751007,280,10
13436,1975,203,12,19751028,301,10
13436,1975,203,15,19750520,140,10
13436,1975,203,18,19750605,156,10
13436,1975,203,21,19750808,220,10
13436,1975,203,24,19750803,215,10
13436,1975,203,6,19750610,161,10
13436,1975,204,15,19750606,157,10
13436,1975,204,18,19750610,161,10
13436,1975,204,21,19750721,202,10
13436,1975,204,24,19750726,207,10
13436,1975,205,10,19750827,239,10
13436,1975,205,12,19750909,252,10
13436,1975,205,24,19750722,203,10
13436,1975,205,5,19750510,130,10
13436,1975,208,10,19750321,80,10
13436,1975,208,12,19750402,92,10
13436,1975,208,15,19750528,148,10
13436,1975,208,21,19750820,232,10
13436,1975,208,24,19750824,236,10
13436,1975,243,11,19750515,135,10
13436,1975,243,24,19750815,227,10
13436,1975,243,5,19750624,175,10
13436,1975,252,24,19751013,286,10
13436,1975,253,24,19751116,320,10
13436,1975,310,5,19750505,125,10
13436,1975,310,6,19750513,133,10
13436,1975,310,7,19750523,143,10
13436,1975,311,29,19750825,237,10
13436,1975,313,29,19751009,282,10
13436,1975,320,5,19750501,121,10
13436,1975,320,6,19750504,124,10
13436,1975,320,7,19750512,132,10
13436,1975,322,29,19750914,257,10
13436,1975,330,5,19750428,118,10
13436,1975,330,6,19750501,121,10
13436,1975,330,7,19750509,129,10
13436,1975,331,29,19750701,182,10
13436,1975,332,29,19750713,194,10
13436,1975,340,29,19750727,208,10
13436,1975,340,5,19750502,122,10
13436,1975,340,6,19750504,124,10
13436,1975,340,7,19750514,134,10
13436,1975,350,29,19750720,201,10
13436,1975,350,4,19750331,90,10
13436,1975,350,5,19750419,109,10
13436,1975,372,29,19750920,263,10
13436,1976,102,5,19760319,78,10
13436,1976,103,5,19760523,143,10
13436,1976,103,62,19760820,232,10
13436,1976,104,4,19760523,143,10
13436,1976,105,61,19760426,116,10
13436,1976,107,5,19760502,122,10
13436,1976,107,8,19760505,125,10
13436,1976,108,5,19760516,136,10
13436,1976,112,31,19761020,293,10
13436,1976,112,4,19760426,116,10
13436,1976,113,5,19760318,77,10
13436,1976,114,5,19760730,211,10
13436,1976,115,5,19760830,242,10
13436,1976,116,5,19760408,98,10
13436,1976,117,5,19760612,163,10
13436,1976,117,62,19760916,259,10
13436,1976,120,5,19760430,120,10
13436,1976,122,31,19761018,291,10
13436,1976,122,4,19760429,119,10
13436,1976,122,5,19760517,137,10
13436,1976,122,62,19760930,273,10
13436,1976,123,31,19761021,294,10
13436,1976,123,4,19760506,126,10
13436,1976,123,62,19761025,298,10
13436,1976,124,5,19760329,88,10
13436,1976,125,5,19760503,123,10
13436,1976,127,5,19760311,70,10
13436,1976,129,5,19760608,159,10
13436,1976,129,62,19760904,247,10
13436,1976,130,4,19760501,121,10
13436,1976,130,5,19760618,169,10
13436,1976,131,5,19760505,125,10
13436,1976,132,31,19761027,300,10
13436,1976,132,4,19760511,131,10
13436,1976,137,4,19760507,127,10
13436,1976,137,5,19760713,194,10
13436,1976,138,5,19760524,144,10
13436,1976,201,25,19760605,156,10
13436,1976,201,27,19760909,252,10
13436,1976,202,10,19761009,282,10
13436,1976,202,12,19761030,303,10
13436,1976,202,15,19760520,140,10
13436,1976,202,18,19760615,166,10
13436,1976,202,21,19760724,205,10
13436,1976,202,24,19760815,227,10
13436,1976,203,10,19761005,278,10
13436,1976,203,12,19761026,299,10
13436,1976,203,15,19760517,137,10
13436,1976,203,18,19760606,157,10
13436,1976,203,21,19760721,202,10
13436,1976,203,24,19760723,204,10
13436,1976,203,6,19760611,162,10
13436,1976,204,15,19760503,123,10
13436,1976,204,18,19760609,160,10
13436,1976,204,21,19760716,197,10
13436,1976,204,24,19760718,199,10
13436,1976,205,10,19760816,228,10
13436,1976,205,12,19760906,249,10
13436,1976,205,24,19760718,199,10
13436,1976,205,5,19760509,129,10
13436,1976,208,10,19760324,83,10
13436,1976,208,12,19760407,97,10
13436,1976,208,15,19760528,148,10
13436,1976,208,21,19760814,226,10
13436,1976,208,24,19760823,235,10
13436,1976,252,24,19761015,288,10
13436,1976,253,24,19761029,302,10
13436,1976,310,5,19760509,129,10
13436,1976,310,6,19760511,131,10
13436,1976,310,7,19760518,138,10
13436,1976,311,29,19760826,238,10
13436,1976,313,29,19761004,277,10
13436,1976,320,5,19760505,125,10
13436,1976,320,6,19760508,128,10
13436,1976,320,7,19760511,131,10
13436,1976,321,29,19760825,237,10
13436,1976,322,29,19760915,258,10
13436,1976,330,5,19760503,123,10
13436,1976,330,6,19760506,126,10
13436,1976,330,7,19760512,132,10
13436,1976,331,29,19760614,165,10
13436,1976,332,29,19760626,177,10
13436,1976,340,29,19760726,207,10
13436,1976,340,5,19760508,128,10
13436,1976,340,6,19760510,130,10
13436,1976,340,7,19760517,137,10
13436,1976,350,29,19760704,185,10
13436,1976,350,4,19760417,107,10
13436,1976,350,5,19760418,108,10
13436,1976,371,29,19760825,237,10
13436,1976,372,29,19760919,262,10
13436,1977,102,5,19770414,104,10
13436,1977,103,5,19770519,139,10
13436,1977,103,62,19770817,229,10
13436,1977,104,4,19770518,138,10
13436,1977,105,61,19770427,117,10
13436,1977,107,5,19770505,125,10
13436,1977,108,5,19770514,134,10
13436,1977,112,31,19771004,277,10
13436,1977,112,4,19770426,116,10
13436,1977,113,5,19770221,52,10
13436,1977,114,5,19770819,231,10
13436,1977,115,5,19770826,238,10
13436,1977,116,5,19770324,83,10
13436,1977,117,5,19770613,164,10
13436,1977,117,62,19771002,275,10
13436,1977,120,5,19770418,108,10
13436,1977,122,31,19770926,269,10
13436,1977,122,4,19770430,120,10
13436,1977,122,5,19770518,138,10
13436,1977,122,62,19770927,270,10
13436,1977,123,31,19771006,279,10
13436,1977,123,4,19770505,125,10
13436,1977,123,62,19771026,299,10
13436,1977,124,5,19770313,72,10
13436,1977,125,5,19770429,119,10
13436,1977,127,5,19770223,54,10
13436,1977,129,5,19770615,166,10
13436,1977,129,62,19770903,246,10
13436,1977,130,4,19770501,121,10
13436,1977,130,5,19770630,181,10
13436,1977,132,31,19771001,274,10
13436,1977,132,4,19770519,139,10
13436,1977,137,4,19770504,124,10
13436,1977,137,5,19770728,209,10
13436,1977,138,5,19770525,145,10
13436,1977,201,25,19770606,157,10
13436,1977,201,27,19770818,230,10
13436,1977,203,10,19771001,274,10
13436,1977,203,12,19771020,293,10
13436,1977,203,18,19770603,154,10
13436,1977,203,21,19770802,214,10
13436,1977,203,24,19770804,216,10
13436,1977,203,6,19770608,159,10
13436,1977,204,15,19770504,124,10
13436,1977,204,18,19770605,156,10
13436,1977,204,21,19770717,198,10
13436,1977,204,24,19770718,199,10
13436,1977,205,10,19770831,243,10
13436,1977,205,12,19770909,252,10
13436,1977,205,24,19770716,197,10
13436,1977,205,5,19770514,134,10
13436,1977,208,10,19770302,61,10
13436,1977,208,12,19770328,87,10
13436,1977,208,21,19770813,225,10
13436,1977,208,24,19770815,227,10
13436,1977,252,24,19771019,292,10
13436,1977,253,24,19771024,297,10
13436,1977,310,5,19770512,132,10
13436,1977,310,6,19770515,135,10
13436,1977,310,7,19770520,140,10
13436,1977,311,29,19770822,234,10
13436,1977,320,5,19770501,121,10
13436,1977,320,6,19770504,124,10
13436,1977,320,7,19770510,130,10
13436,1977,321,29,19770826,238,10
13436,1977,330,5,19770424,114,10
13436,1977,330,6,19770428,118,10
13436,1977,330,7,19770507,127,10
13436,1977,331,29,19770619,170,10
13436,1977,340,29,19770729,210,10
13436,1977,340,5,19770502,122,10
13436,1977,340,6,19770505,125,10
13436,1977,340,7,19770512,132,10
13436,1977,350,29,19770721,202,10
13436,1977,350,4,19770326,85,10
13436,1977,350,5,19770412,102,10
13436,1977,371,29,19770815,227,10
13436,1978,102,5,19780331,90,10
13436,1978,103,5,19780519,139,10
13436,1978,103,62,19780909,252,10
13436,1978,104,4,19780520,140,10
13436,1978,105,61,19780427,117,10
13436,1978,107,5,19780503,123,10
13436,1978,108,5,19780514,134,10
13436,1978,112,31,19781017,290,10
13436,1978,112,4,19780427,117,10
13436,1978,113,5,19780324,83,10
13436,1978,114,5,19780819,231,10
13436,1978,115,5,19780906,249,10
13436,1978,116,5,19780401,91,10
13436,1978,117,5,19780613,164,10
13436,1978,117,62,19781009,282,10
13436,1978,118,8,19780519,139,10
13436,1978,120,5,19780425,115,10
13436,1978,122,31,19781016,289,10
13436,1978,122,4,19780509,129,10
13436,1978,122,5,19780521,141,10
13436,1978,122,62,19781026,299,10
13436,1978,123,31,19781014,287,10
13436,1978,123,4,19780501,121,10
13436,1978,123,62,19781018,291,10
13436,1978,124,5,19780321,80,10
13436,1978,125,5,19780430,120,10
13436,1978,127,5,19780319,78,10
13436,1978,129,5,19780615,166,10
13436,1978,129,62,19780902,245,10
13436,1978,130,4,19780501,121,10
13436,1978,130,5,19780630,181,10
13436,1978,131,5,19780504,124,10
13436,1978,132,4,19780506,126,10
13436,1978,137,4,19780501,121,10
13436,1978,137,5,19780714,195,10
13436,1978,138,5,19780525,145,10
13436,1978,201,25,19780608,159,10
13436,1978,203,18,19780525,145,10
13436,1978,203,24,19780806,218,10
13436,1978,203,6,19780608,159,10
13436,1978,204,24,19780715,196,10
13436,1978,205,10,19780905,248,10
13436,1978,205,24,19780725,206,10
13436,1978,205,5,19780524,144,10
13436,1978,208,21,19780818,230,10
13436,1978,208,24,19780817,229,10
13436,1978,252,24,19781007,280,10
13436,1978,253,24,19781021,294,10
13436,1978,310,5,19780508,128,10
13436,1978,310,6,19780508,128,10
13436,1978,310,7,19780518,138,10
13436,1978,311,29,19780828,240,10
13436,1978,320,5,19780501,121,10
13436,1978,320,6,19780503,123,10
13436,1978,320,7,19780509,129,10
13436,1978,321,29,19780818,230,10
13436,1978,330,5,19780428,118,10
13436,1978,330,6,19780501,121,10
13436,1978,330,7,19780508,128,10
13436,1978,331,29,19780615,166,10
13436,1978,340,29,19780714,195,10
13436,1978,340,5,19780505,125,10
13436,1978,340,6,19780509,129,10
13436,1978,340,7,19780513,133,10
13436,1978,350,29,19780716,197,10
13436,1978,350,4,19780326,85,10
13436,1978,350,5,19780329,88,10
13436,1978,371,29,19780809,221,10
13436,1979,102,5,19790419,109,10
13436,1979,103,5,19790516,136,10
13436,1979,103,62,19790828,240,10
13436,1979,104,4,19790525,145,10
13436,1979,105,61,19790509,129,10
13436,1979,107,8,19790522,142,10
13436,1979,108,5,19790522,142,10
13436,1979,112,31,19791004,277,10
13436,1979,112,4,19790508,128,10
13436,1979,113,5,19790318,77,10
13436,1979,114,5,19790818,230,10
13436,1979,115,5,19790906,249,10
13436,1979,116,5,19790412,102,10
13436,1979,117,5,19790613,164,10
13436,1979,117,62,19791008,281,10
13436,1979,118,8,19790522,142,10
13436,1979,120,5,19790509,129,10
13436,1979,122,4,19790507,127,10
13436,1979,122,5,19790520,140,10
13436,1979,122,62,19791005,278,10
13436,1979,123,31,19791012,285,10
13436,1979,123,4,19790510,130,10
13436,1979,124,5,19790415,105,10
13436,1979,125,5,19790513,133,10
13436,1979,127,5,19790320,79,10
13436,1979,129,5,19790610,161,10
13436,1979,129,62,19790910,253,10
13436,1979,130,4,19790509,129,10
13436,1979,130,5,19790629,180,10
13436,1979,131,5,19790510,130,10
13436,1979,132,31,19791014,287,10
13436,1979,132,4,19790519,139,10
13436,1979,137,4,19790512,132,10
13436,1979,137,5,19790722,203,10
13436,1979,138,5,19790517,137,10
13436,1979,201,25,19790622,173,10
13436,1979,203,10,19791009,282,10
13436,1979,203,12,19791030,303,10
13436,1979,203,18,19790611,162,10
13436,1979,203,21,19790810,222,10
13436,1979,203,24,19790811,223,10
13436,1979,203,6,19790616,167,10
13436,1979,204,15,19790605,156,10
13436,1979,204,18,19790601,152,10
13436,1979,204,21,19790724,205,10
13436,1979,204,24,19790726,207,10
13436,1979,205,24,19790715,196,10
13436,1979,205,5,19790525,145,10
13436,1979,208,10,19790410,100,10
13436,1979,208,12,19790424,114,10
13436,1979,208,21,19790820,232,10
13436,1979,208,24,19790823,235,10
13436,1979,252,24,19791020,293,10
13436,1979,253,24,19791025,298,10
13436,1979,310,5,19790518,138,10
13436,1979,310,6,19790520,140,10
13436,1979,310,7,19790526,146,10
13436,1979,311,29,19790828,240,10
13436,1979,313,29,19791010,283,10
13436,1979,320,5,19790516,136,10
13436,1979,320,6,19790518,138,10
13436,1979,320,7,19790523,143,10
13436,1979,321,29,19790830,242,10
13436,1979,322,29,19790917,260,10
13436,1979,330,5,19790512,132,10
13436,1979,330,6,19790514,134,10
13436,1979,330,7,19790520,140,10
13436,1979,332,29,19790711,192,10
13436,1979,340,29,19790806,218,10
13436,1979,340,5,19790515,135,10
13436,1979,340,6,19790517,137,10
13436,1979,340,7,19790521,141,10
13436,1979,350,29,19790725,206,10
13436,1979,350,4,19790428,118,10
13436,1979,350,5,19790430,120,10
13436,1979,371,29,19790814,226,10
13436,1979,372,29,19790925,268,10
13436,1980,102,5,19800328,87,10
13436,1980,103,5,19800516,136,10
13436,1980,103,62,19800922,265,10
13436,1980,104,4,19800529,149,10
13436,1980,105,61,19800507,127,10
13436,1980,107,5,19800508,128,10
13436,1980,107,8,19800523,143,10
13436,1980,108,5,19800522,142,10
13436,1980,112,31,19801027,300,10
13436,1980,112,4,19800430,120,10
13436,1980,113,5,19800327,86,10
13436,1980,114,5,19800826,238,10
13436,1980,115,5,19800908,251,10
13436,1980,116,5,19800317,76,10
13436,1980,117,5,19800614,165,10
13436,1980,117,62,19801011,284,10
13436,1980,118,5,19800506,126,10
13436,1980,120,5,19800427,117,10
13436,1980,122,31,19801016,289,10
13436,1980,122,4,19800501,121,10
13436,1980,122,5,19800522,142,10
13436,1980,122,62,19801004,277,10
13436,1980,123,31,19801024,297,10
13436,1980,123,4,19800501,121,10
13436,1980,124,5,19800403,93,10
13436,1980,125,5,19800512,132,10
13436,1980,127,5,19800307,66,10
13436,1980,129,5,19800612,163,10
13436,1980,129,62,19800926,269,10
13436,1980,130,4,19800505,125,10
13436,1980,130,5,19800629,180,10
13436,1980,131,5,19800428,118,10
13436,1980,132,31,19801025,298,10
13436,1980,132,4,19800509,129,10
13436,1980,137,4,19800507,127,10
13436,1980,137,5,19800726,207,10
13436,1980,138,5,19800521,141,10
13436,1980,201,25,19800615,166,10
13436,1980,201,27,19800824,236,10
13436,1980,202,18,19800614,165,10
13436,1980,202,21,19800821,233,10
13436,1980,203,10,19801002,275,10
13436,1980,203,12,19801028,301,10
13436,1980,203,18,19800531,151,10
13436,1980,203,21,19800811,223,10
13436,1980,203,24,19800815,227,10
13436,1980,203,6,19800614,165,10
13436,1980,204,10,19800929,272,10
13436,1980,204,12,19801010,283,10
13436,1980,204,15,19800501,121,10
13436,1980,204,18,19800603,154,10
13436,1980,204,21,19800730,211,10
13436,1980,204,24,19800806,218,10
13436,1980,205,10,19800911,254,10
13436,1980,205,12,19800908,251,10
13436,1980,205,24,19800803,215,10
13436,1980,205,5,19800526,146,10
13436,1980,207,10,19800417,107,10
13436,1980,207,12,19800509,129,10
13436,1980,208,10,19800327,86,10
13436,1980,208,12,19800417,107,10
13436,1980,208,21,19800819,231,10
13436,1980,208,24,19800822,234,10
13436,1980,252,24,19801011,284,10
13436,1980,253,24,19801027,300,10
13436,1980,310,5,19800512,132,10
13436,1980,310,6,19800513,133,10
13436,1980,311,29,19800829,241,10
13436,1980,313,29,19801026,299,10
13436,1980,320,5,19800508,128,10
13436,1980,320,6,19800515,135,10
13436,1980,321,29,19800828,240,10
13436,1980,322,29,19801025,298,10
13436,1980,330,5,19800503,123,10
13436,1980,330,6,19800508,128,10
13436,1980,331,29,19800627,178,10
13436,1980,332,29,19800717,198,10
13436,1980,340,29,19800811,223,10
13436,1980,340,5,19800511,131,10
13436,1980,340,6,19800514,134,10
13436,1980,350,29,19800725,206,10
13436,1980,350,4,19800412,102,10
13436,1980,350,5,19800420,110,10
13436,1980,372,29,19800906,249,10
13436,1981,102,5,19810403,93,10
13436,1981,103,5,19810519,139,10
13436,1981,103,62,19810805,217,10
13436,1981,104,4,19810520,140,10
13436,1981,105,61,19810409,99,10
13436,1981,107,8,19810511,131,10
13436,1981,108,5,19810515,135,10
13436,1981,112,31,19811019,292,10
13436,1981,112,4,19810409,99,10
13436,1981,113,5,19810322,81,10
13436,1981,114,5,19810827,239,10
13436,1981,115,5,19810906,249,10
13436,1981,116,5,19810321,80,10
13436,1981,117,5,19810610,161,10
13436,1981,117,62,19811008,281,10
13436,1981,120,5,19810413,103,10
13436,1981,122,31,19811007,280,10
13436,1981,122,4,19810407,97,10
13436,1981,122,5,19810522,142,10
13436,1981,122,62,19811003,276,10
13436,1981,123,31,19811015,288,10
13436,1981,123,4,19810507,127,10
13436,1981,124,5,19810327,86,10
13436,1981,125,5,19810415,105,10
13436,1981,127,5,19810311,70,10
13436,1981,129,5,19810601,152,10
13436,1981,129,62,19810929,272,10
13436,1981,130,4,19810410,100,10
13436,1981,130,5,19810701,182,10
13436,1981,131,5,19810410,100,10
13436,1981,137,4,19810416,106,10
13436,1981,137,5,19810727,208,10
13436,1981,201,25,19810602,153,10
13436,1981,201,27,19810817,229,10
13436,1981,202,21,19810811,223,10
13436,1981,203,10,19811003,276,10
13436,1981,203,12,19811029,302,10
13436,1981,203,18,19810610,161,10
13436,1981,203,21,19810813,225,10
13436,1981,203,24,19810806,218,10
13436,1981,203,6,19810620,171,10
13436,1981,204,15,19810605,156,10
13436,1981,204,21,19810712,193,10
13436,1981,204,24,19810715,196,10
13436,1981,205,10,19810911,254,10
13436,1981,205,12,19810907,250,10
13436,1981,205,24,19810713,194,10
13436,1981,205,5,19810514,134,10
13436,1981,207,10,19810402,92,10
13436,1981,207,12,19810420,110,10
13436,1981,208,10,19810330,89,10
13436,1981,208,12,19810418,108,10
13436,1981,208,21,19810819,231,10
13436,1981,208,24,19810826,238,10
13436,1981,252,24,19811012,285,10
13436,1981,253,24,19811027,300,10
13436,1981,310,5,19810506,126,10
13436,1981,310,6,19810508,128,10
13436,1981,310,7,19810516,136,10
13436,1981,311,29,19810812,224,10
13436,1981,313,29,19811012,285,10
13436,1981,320,5,19810414,104,10
13436,1981,320,6,19810501,121,10
13436,1981,320,7,19810426,116,10
13436,1981,322,29,19810909,252,10
13436,1981,330,5,19810412,102,10
13436,1981,330,6,19810414,104,10
13436,1981,330,7,19810423,113,10
13436,1981,331,29,19810625,176,10
13436,1981,340,29,19810729,210,10
13436,1981,340,5,19810415,105,10
13436,1981,340,6,19810417,107,10
13436,1981,340,7,19810429,119,10
13436,1981,350,29,19810717,198,10
13436,1981,350,4,19810328,87,10
13436,1981,350,5,19810405,95,10
13436,1981,372,29,19810907,250,10
13436,1982,102,5,19820418,108,10
13436,1982,103,62,19820821,233,10
13436,1982,107,8,19820514,134,10
13436,1982,108,5,19820518,138,10
13436,1982,112,31,19821024,297,10
13436,1982,112,4,19820501,121,10
13436,1982,113,5,19820329,88,10
13436,1982,114,5,19820824,236,10
13436,1982,116,5,19820327,86,10
13436,1982,117,5,19820609,160,10
13436,1982,118,8,19820516,136,10
13436,1982,120,5,19820424,114,10
13436,1982,122,31,19821017,290,10
13436,1982,122,4,19820423,113,10
13436,1982,122,5,19820520,140,10
13436,1982,122,62,19821005,278,10
13436,1982,124,5,19820403,93,10
13436,1982,127,5,19820309,68,10
13436,1982,129,5,19820611,162,10
13436,1982,129,62,19820919,262,10
13436,1982,130,5,19820620,171,10
13436,1982,138,5,19820527,147,10
13436,1982,202,18,19820614,165,10
13436,1982,203,10,19821003,276,10
13436,1982,203,12,19821029,302,10
13436,1982,203,24,19820726,207,10
13436,1982,203,6,19820618,169,10
13436,1982,204,24,19820718,199,10
13436,1982,205,5,19820524,144,10
13436,1982,207,10,19820402,92,10
13436,1982,207,12,19820414,104,10
13436,1982,310,5,19820512,132,10
13436,1982,311,29,19820826,238,10
13436,1982,313,29,19821009,282,10
13436,1982,320,5,19820509,129,10
13436,1982,322,29,19820923,266,10
13436,1982,330,5,19820429,119,10
13436,1982,331,29,19820622,173,10
13436,1982,340,29,19820729,210,10
13436,1982,340,5,19820507,127,10
13436,1982,350,29,19820714,195,10
13436,1982,350,4,19820407,97,10
13436,1982,350,5,19820420,110,10
13436,1982,372,29,19820907,250,10
13436,1983,102,5,19830418,108,10
13436,1983,103,62,19830916,259,10
13436,1983,107,8,19830516,136,10
13436,1983,108,5,19830513,133,10
13436,1983,112,31,19831017,290,10
13436,1983,112,4,19830424,114,10
13436,1983,113,5,19830303,62,10
13436,1983,114,5,19830824,236,10
13436,1983,116,5,19830309,68,10
13436,1983,117,5,19830608,159,10
13436,1983,118,8,19830522,142,10
13436,1983,120,5,19830424,114,10
13436,1983,122,31,19831017,290,10
13436,1983,122,4,19830423,113,10
13436,1983,122,5,19830514,134,10
13436,1983,122,62,19831005,278,10
13436,1983,124,5,19830410,100,10
13436,1983,127,5,19830304,63,10
13436,1983,129,5,19830610,161,10
13436,1983,129,62,19830920,263,10
13436,1983,130,5,19830627,178,10
13436,1983,132,4,19830425,115,10
13436,1983,138,5,19830506,126,10
13436,1983,203,10,19830923,266,10
13436,1983,203,12,19831017,290,10
13436,1983,203,24,19830728,209,10
13436,1983,204,24,19830718,199,10
13436,1983,205,5,19830512,132,10
13436,1983,207,10,19830316,75,10
13436,1983,207,12,19830406,96,10
13436,1983,207,24,19830726,207,10
13436,1983,208,66,19830613,164,10
13436,1983,310,5,19830506,126,10
13436,1983,311,29,19830818,230,10
13436,1983,313,29,19831012,285,10
13436,1983,320,5,19830429,119,10
13436,1983,322,29,19831012,285,10
13436,1983,330,5,19830425,115,10
13436,1983,331,29,19830621,172,10
13436,1983,340,29,19830722,203,10
13436,1983,340,5,19830503,123,10
13436,1983,350,29,19830710,191,10
13436,1983,350,4,19830415,105,10
13436,1983,350,5,19830428,118,10
13436,1983,372,29,19830906,249,10
13436,1984,102,5,19840422,112,10
13436,1984,103,62,19840905,248,10
13436,1984,107,8,19840526,146,10
13436,1984,108,5,19840525,145,10
13436,1984,112,31,19841009,282,10
13436,1984,112,4,19840428,118,10
13436,1984,113,5,19840324,83,10
13436,1984,114,5,19840829,241,10
13436,1984,116,5,19840405,95,10
13436,1984,117,5,19840621,172,10
13436,1984,118,8,19840528,148,10
13436,1984,120,5,19840425,115,10
13436,1984,122,4,19840429,119,10
13436,1984,122,5,19840520,140,10
13436,1984,122,62,19841007,280,10
13436,1984,127,5,19840323,82,10
13436,1984,129,5,19840624,175,10
13436,1984,129,62,19840929,272,10
13436,1984,130,5,19840703,184,10
13436,1984,132,4,19840521,141,10
13436,1984,132,62,19841005,278,10
13436,1984,138,5,19840517,137,10
13436,1984,203,10,19841002,275,10
13436,1984,203,12,19841025,298,10
13436,1984,203,24,19840805,217,10
13436,1984,204,24,19840727,208,10
13436,1984,205,5,19840529,149,10
13436,1984,207,10,19840328,87,10
13436,1984,207,12,19840430,120,10
13436,1984,310,5,19840516,136,10
13436,1984,311,29,19840902,245,10
13436,1984,313,29,19841014,287,10
13436,1984,320,5,19840509,129,10
13436,1984,322,29,19841011,284,10
13436,1984,330,5,19840504,124,10
13436,1984,331,29,19840715,196,10
13436,1984,340,29,19840817,229,10
13436,1984,340,5,19840512,132,10
13436,1984,350,29,19840722,203,10
13436,1984,350,4,19840421,111,10
13436,1984,350,5,19840502,122,10
13436,1984,372,29,19841010,283,10
13436,1985,102,5,19850405,95,10
13436,1985,103,62,19850903,246,10
13436,1985,107,8,19850516,136,10
13436,1985,108,5,19850518,138,10
13436,1985,112,31,19851017,290,10
13436,1985,112,4,19850425,115,10
13436,1985,113,5,19850309,68,10
13436,1985,114,5,19850828,240,10
13436,1985,116,5,19850411,101,10
13436,1985,117,5,19850608,159,10
13436,1985,118,8,19850518,138,10
13436,1985,120,5,19850504,124,10
13436,1985,122,31,19851013,286,10
13436,1985,122,4,19850424,114,10
13436,1985,122,5,19850515,135,10
13436,1985,122,62,19851002,275,10
13436,1985,124,5,19850409,99,10
13436,1985,127,5,19850311,70,10
13436,1985,129,5,19850607,158,10
13436,1985,129,62,19850925,268,10
13436,1985,130,5,19850630,181,10
13436,1985,132,31,19851018,291,10
13436,1985,138,5,19850525,145,10
13436,1985,203,10,19851003,276,10
13436,1985,203,12,19851029,302,10
13436,1985,203,24,19850808,220,10
13436,1985,204,24,19850720,201,10
13436,1985,205,5,19850514,134,10
13436,1985,207,10,19850316,75,10
13436,1985,207,12,19850410,100,10
13436,1985,310,5,19850513,133,10
13436,1985,311,29,19850902,245,10
13436,1985,313,29,19851009,282,10
13436,1985,320,5,19850509,129,10
13436,1985,322,29,19851007,280,10
13436,1985,330,5,19850505,125,10
13436,1985,331,29,19850702,183,10
13436,1985,340,29,19850819,231,10
13436,1985,340,5,19850510,130,10
13436,1985,350,29,19850716,197,10
13436,1985,350,4,19850421,111,10
13436,1985,350,5,19850428,118,10
13436,1985,372,29,19851003,276,10
13436,1986,102,5,19860427,117,10
13436,1986,107,8,19860517,137,10
13436,1986,108,5,19860516,136,10
13436,1986,112,4,19860508,128,10
13436,1986,114,5,19860829,241,10
13436,1986,118,8,19860519,139,10
13436,1986,120,5,19860505,125,10
13436,1986,122,31,19860922,265,10
13436,1986,122,4,19860504,124,10
13436,1986,122,5,19860517,137,10
13436,1986,122,62,19860920,263,10
13436,1986,124,5,19860429,119,10
13436,1986,127,5,19860318,77,10
13436,1986,129,62,19860913,256,10
13436,1986,130,5,19860628,179,10
13436,1986,132,31,19861008,281,10
13436,1986,132,4,19860510,130,10
13436,1986,132,62,19861005,278,10
13436,1986,138,5,19860521,141,10
13436,1986,203,10,19860930,273,10
13436,1986,203,12,19861021,294,10
13436,1986,203,24,19860729,210,10
13436,1986,204,24,19860718,199,10
13436,1986,205,5,19860520,140,10
13436,1986,207,10,19860329,88,10
13436,1986,207,12,19860412,102,10
13436,1986,310,5,19860510,130,10
13436,1986,320,5,19860508,128,10
13436,1986,330,5,19860506,126,10
13436,1986,331,29,19860623,174,10
13436,1986,350,29,19860713,194,10
13436,1986,350,4,19860420,110,10
13436,1986,350,5,19860425,115,10
13436,1987,102,5,19870423,113,10
13436,1987,103,62,19870905,248,10
13436,1987,107,8,19870519,139,10
13436,1987,108,5,19870519,139,10
13436,1987,112,31,19871013,286,10
13436,1987,112,4,19870426,116,10
13436,1987,113,5,19870418,108,10
13436,1987,114,5,19870831,243,10
13436,1987,116,5,19870413,103,10
13436,1987,117,5,19870624,175,10
13436,1987,118,8,19870522,142,10
13436,1987,120,5,19870429,119,10
13436,1987,122,31,19871007,280,10
13436,1987,122,4,19870428,118,10
13436,1987,122,5,19870515,135,10
13436,1987,127,5,19870325,84,10
13436,1987,129,5,19870621,172,10
13436,1987,129,62,19870921,264,10
13436,1987,130,5,19870706,187,10
13436,1987,132,4,19870507,127,10
13436,1987,138,5,19870506,126,10
13436,1987,203,10,19871003,276,10
13436,1987,203,12,19871029,302,10
13436,1987,203,24,19870808,220,10
13436,1987,204,24,19870730,211,10
13436,1987,205,5,19870518,138,10
13436,1987,207,10,19870403,93,10
13436,1987,207,12,19870424,114,10
13436,1987,310,5,19870509,129,10
13436,1987,311,29,19870902,245,10
13436,1987,313,29,19871014,287,10
13436,1987,320,5,19870505,125,10
13436,1987,322,29,19871011,284,10
13436,1987,330,5,19870501,121,10
13436,1987,331,29,19870710,191,10
13436,1987,340,29,19870728,209,10
13436,1987,340,5,19870505,125,10
13436,1987,350,29,19870729,210,10
13436,1987,350,4,19870419,109,10
13436,1987,350,5,19870428,118,10
13436,1987,371,29,19870915,258,10
13436,1987,372,29,19870911,254,10
13436,1988,102,5,19880411,101,10
13436,1988,103,62,19880905,248,10
13436,1988,107,8,19880510,130,10
13436,1988,108,5,19880516,136,10
13436,1988,112,31,19881006,279,10
13436,1988,112,4,19880421,111,10
13436,1988,113,5,19880314,73,10
13436,1988,114,5,19880825,237,10
13436,1988,116,5,19880402,92,10
13436,1988,117,5,19880602,153,10
13436,1988,118,8,19880516,136,10
13436,1988,120,5,19880419,109,10
13436,1988,122,4,19880420,110,10
13436,1988,122,5,19880517,137,10
13436,1988,124,5,19880407,97,10
13436,1988,127,5,19880316,75,10
13436,1988,129,5,19880601,152,10
13436,1988,129,62,19880905,248,10
13436,1988,130,5,19880626,177,10
13436,1988,132,4,19880509,129,10
13436,1988,138,5,19880505,125,10
13436,1988,203,10,19880923,266,10
13436,1988,203,12,19881014,287,10
13436,1988,203,24,19880731,212,10
13436,1988,204,24,19880716,197,10
13436,1988,205,5,19880515,135,10
13436,1988,207,10,19880403,93,10
13436,1988,207,12,19880430,120,10
13436,1988,310,5,19880506,126,10
13436,1988,311,29,19880826,238,10
13436,1988,313,29,19881004,277,10
13436,1988,320,5,19880502,122,10
13436,1988,322,29,19881011,284,10
13436,1988,330,5,19880501,121,10
13436,1988,331,29,19880630,181,10
13436,1988,340,29,19880716,197,10
13436,1988,340,5,19880430,120,10
13436,1988,350,4,19880416,106,10
13436,1988,350,5,19880421,111,10
13436,1988,371,29,19880916,259,10
13436,1988,372,29,19880911,254,10
13436,1989,102,5,19890322,81,10
13436,1989,107,8,19890505,125,10
13436,1989,108,5,19890504,124,10
13436,1989,112,31,19891010,283,10
13436,1989,112,4,19890414,104,10
13436,1989,113,5,19890214,45,10
13436,1989,114,5,19890816,228,10
13436,1989,116,5,19890312,71,10
13436,1989,118,8,19890507,127,10
13436,1989,120,5,19890330,89,10
13436,1989,122,31,19890928,271,10
13436,1989,122,4,19890408,98,10
13436,1989,122,5,19890501,121,10
13436,1989,122,62,19890924,267,10
13436,1989,124,5,19890315,74,10
13436,1989,127,5,19890218,49,10
13436,1989,129,62,19890913,256,10
13436,1989,130,5,19890622,173,10
13436,1989,138,5,19890430,120,10
13436,1989,203,10,19890924,267,10
13436,1989,203,12,19891021,294,10
13436,1989,203,24,19890727,208,10
13436,1989,203,6,19890601,152,10
13436,1989,204,24,19890715,196,10
13436,1989,205,5,19890510,130,10
13436,1989,207,10,19890323,82,10
13436,1989,207,12,19890427,117,10
13436,1989,310,5,19890426,116,10
13436,1989,311,29,19890826,238,10
13436,1989,320,5,19890413,103,10
13436,1989,330,5,19890412,102,10
13436,1989,331,29,19890620,171,10
13436,1989,340,5,19890416,106,10
13436,1989,350,4,19890318,77,10
13436,1989,350,5,19890407,97,10
13436,1990,102,5,19900310,69,10
13436,1990,107,8,19900507,127,10
13436,1990,108,5,19900513,133,10
13436,1990,112,4,19900329,88,10
13436,1990,113,5,19900212,43,10
13436,1990,114,5,19900820,232,10
13436,1990,116,5,19900313,72,10
13436,1990,117,5,19900526,146,10
13436,1990,118,8,19900510,130,10
13436,1990,120,5,19900322,81,10
13436,1990,122,5,19900508,128,10
13436,1990,124,5,19900221,52,10
13436,1990,127,5,19900210,41,10
13436,1990,129,5,19900515,135,10
13436,1990,130,5,19900625,176,10
13436,1990,138,5,19900511,131,10
13436,1990,203,24,19900730,211,10
13436,1990,203,6,19900608,159,10
13436,1990,204,24,19900715,196,10
13436,1990,205,5,19900501,121,10
13436,1990,310,5,19900414,104,10
13436,1990,320,5,19900330,89,10
13436,1990,330,5,19900401,91,10
13436,1990,331,29,19900618,169,10
13436,1990,340,29,19900706,187,10
13436,1990,340,5,19900410,100,10
13436,1990,350,29,19900625,176,10
13436,1990,350,4,19900307,66,10
13436,1990,350,5,19900321,80,10
13436,1990,371,29,19900826,238,10
13437,1954,102,5,19540410,100,10
13437,1954,104,4,19540408,98,10
13437,1954,104,5,19540426,116,10
13437,1954,105,5,19540421,111,10
13437,1954,105,61,19540416,106,10
13437,1954,107,5,19540510,130,10
13437,1954,107,8,19540509,129,10
13437,1954,108,5,19540520,140,10
13437,1954,112,31,19541004,277,10
13437,1954,112,32,19541021,294,10
13437,1954,112,4,19540405,95,10
13437,1954,112,5,19540416,106,10
13437,1954,113,5,19540302,61,10
13437,1954,114,5,19540820,232,10
13437,1954,115,5,19540904,247,10
13437,1954,116,5,19540405,95,10
13437,1954,117,5,19540521,141,10
13437,1954,117,62,19540820,232,10
13437,1954,118,5,19540530,150,10
13437,1954,118,8,19540510,130,10
13437,1954,120,5,19540418,108,10
13437,1954,121,4,19540528,148,10
13437,1954,121,5,19540604,155,10
13437,1954,122,31,19540910,253,10
13437,1954,122,32,19541018,291,10
13437,1954,122,4,19540430,120,10
13437,1954,122,5,19540512,132,10
13437,1954,122,62,19541010,283,10
13437,1954,123,31,19540908,251,10
13437,1954,123,32,19541107,311,10
13437,1954,123,4,19540425,115,10
13437,1954,123,5,19540424,114,10
13437,1954,123,62,19541030,303,10
13437,1954,124,5,19540304,63,10
13437,1954,125,5,19540417,107,10
13437,1954,127,5,19540305,64,10
13437,1954,128,4,19540425,115,10
13437,1954,128,5,19540513,133,10
13437,1954,129,5,19540707,188,10
13437,1954,129,62,19540828,240,10
13437,1954,130,4,19540423,113,10
13437,1954,130,5,19540621,172,10
13437,1954,131,5,19540420,110,10
13437,1954,132,4,19540506,126,10
13437,1954,132,5,19540508,128,10
13437,1954,132,62,19541028,301,10
13437,1954,135,6,19540526,146,10
13437,1954,137,4,19540427,117,10
13437,1954,137,5,19540720,201,10
13437,1954,201,25,19540617,168,10
13437,1954,201,27,19540820,232,10
13437,1954,202,10,19541005,278,10
13437,1954,202,12,19541015,288,10
13437,1954,202,15,19540603,154,10
13437,1954,202,18,19540608,159,10
13437,1954,202,21,19540826,238,10
13437,1954,202,23,19540920,263,10
13437,1954,203,10,19540927,270,10
13437,1954,203,12,19541008,281,10
13437,1954,203,15,19540508,128,10
13437,1954,203,18,19540520,140,10
13437,1954,203,21,19540725,206,10
13437,1954,203,23,19540901,244,10
13437,1954,203,6,19540603,154,10
13437,1954,204,10,19540910,253,10
13437,1954,204,12,19540921,264,10
13437,1954,204,15,19540530,150,10
13437,1954,204,18,19540607,158,10
13437,1954,204,21,19540713,194,10
13437,1954,204,23,19540720,201,10
13437,1954,205,10,19540901,244,10
13437,1954,205,12,19540912,255,10
13437,1954,205,24,19540727,208,10
13437,1954,205,5,19540511,131,10
13437,1954,206,10,19540330,89,10
13437,1954,206,12,19540414,104,10
13437,1954,206,15,19540606,157,10
13437,1954,206,18,19540630,181,10
13437,1954,206,21,19540820,232,10
13437,1954,206,23,19540902,245,10
13437,1954,207,10,19540325,84,10
13437,1954,207,12,19540408,98,10
13437,1954,207,15,19540524,144,10
13437,1954,207,18,19540625,176,10
13437,1954,207,21,19540830,242,10
13437,1954,207,23,19540830,242,10
13437,1954,208,10,19540324,83,10
13437,1954,208,12,19540412,102,10
13437,1954,208,15,19540531,151,10
13437,1954,208,21,19540820,232,10
13437,1954,208,23,19540915,258,10
13437,1954,208,66,19540703,184,10
13437,1954,243,11,19540524,144,10
13437,1954,243,24,19540920,263,10
13437,1954,243,5,19540620,171,10
13437,1954,252,10,19540430,120,10
13437,1954,252,12,19540511,131,10
13437,1954,252,24,19540930,273,10
13437,1954,253,10,19540506,126,10
13437,1954,253,12,19540516,136,10
13437,1954,253,24,19541010,283,10
13437,1954,330,5,19540422,112,10
13437,1954,330,6,19540503,123,10
13437,1954,330,7,19540515,135,10
13437,1954,331,29,19540617,168,10
13437,1954,350,29,19540715,196,10
13437,1954,350,4,19540330,89,10
13437,1954,350,5,19540416,106,10
13437,1954,371,29,19540902,245,10
13437,1954,372,29,19540928,271,10
13437,1958,102,5,19580410,100,10
13437,1958,104,4,19580426,116,10
13437,1958,104,5,19580502,122,10
13437,1958,105,5,19580412,102,10
13437,1958,105,61,19580406,96,10
13437,1958,107,5,19580517,137,10
13437,1958,107,8,19580510,130,10
13437,1958,108,5,19580516,136,10
13437,1958,112,31,19581005,278,10
13437,1958,112,32,19581025,298,10
13437,1958,112,4,19580502,122,10
13437,1958,112,5,19580505,125,10
13437,1958,113,5,19580228,59,10
13437,1958,114,5,19580712,193,10
13437,1958,115,5,19580908,251,10
13437,1958,116,5,19580424,114,10
13437,1958,117,5,19580522,142,10
13437,1958,117,62,19580823,235,10
13437,1958,118,5,19580530,150,10
13437,1958,118,8,19580507,127,10
13437,1958,120,5,19580507,127,10
13437,1958,121,4,19580520,140,10
13437,1958,121,5,19580525,145,10
13437,1958,122,31,19581012,285,10
13437,1958,122,32,19581024,297,10
13437,1958,122,4,19580501,121,10
13437,1958,122,5,19580510,130,10
13437,1958,122,62,19580919,262,10
13437,1958,123,31,19581030,303,10
13437,1958,123,4,19580512,132,10
13437,1958,123,5,19580503,123,10
13437,1958,123,62,19580905,248,10
13437,1958,125,5,19580414,104,10
13437,1958,127,5,19580214,45,10
13437,1958,129,5,19580622,173,10
13437,1958,129,62,19580828,240,10
13437,1958,130,4,19580410,100,10
13437,1958,130,5,19580702,183,10
13437,1958,131,5,19580422,112,10
13437,1958,132,4,19580510,130,10
13437,1958,132,5,19580522,142,10
13437,1958,132,62,19581031,304,10
13437,1958,135,6,19580602,153,10
13437,1958,136,6,19580703,184,10
13437,1958,137,4,19580424,114,10
13437,1958,137,5,19580720,201,10
13437,1958,138,5,19580512,132,10
13437,1958,201,25,19580623,174,10
13437,1958,201,27,19580730,211,10
13437,1958,202,10,19581023,296,10
13437,1958,202,15,19580520,140,10
13437,1958,202,18,19580628,179,10
13437,1958,202,21,19580820,232,10
13437,1958,202,23,19580828,240,10
13437,1958,203,10,19581007,280,10
13437,1958,203,12,19581020,293,10
13437,1958,203,15,19580516,136,10
13437,1958,203,18,19580521,141,10
13437,1958,203,21,19580730,211,10
13437,1958,203,23,19580810,222,10
13437,1958,203,6,19580628,179,10
13437,1958,204,10,19580912,255,10
13437,1958,204,12,19580924,267,10
13437,1958,204,15,19580525,145,10
13437,1958,204,18,19580531,151,10
13437,1958,204,21,19580724,205,10
13437,1958,204,23,19580806,218,10
13437,1958,205,10,19580908,251,10
13437,1958,205,12,19580928,271,10
13437,1958,205,24,19580730,211,10
13437,1958,205,5,19580515,135,10
13437,1958,206,10,19580418,108,10
13437,1958,206,12,19580510,130,10
13437,1958,206,15,19580620,171,10
13437,1958,206,18,19580703,184,10
13437,1958,206,21,19580816,228,10
13437,1958,206,23,19580823,235,10
13437,1958,207,10,19580422,112,10
13437,1958,207,12,19580503,123,10
13437,1958,207,15,19580630,181,10
13437,1958,207,18,19580712,193,10
13437,1958,207,21,19580810,222,10
13437,1958,207,23,19580818,230,10
13437,1958,208,10,19580424,114,10
13437,1958,208,12,19580506,126,10
13437,1958,208,15,19580620,171,10
13437,1958,208,21,19580824,236,10
13437,1958,208,23,19580830,242,10
13437,1958,208,66,19580630,181,10
13437,1958,243,11,19580618,169,10
13437,1958,243,5,19580626,177,10
13437,1958,252,10,19580420,110,10
13437,1958,252,12,19580516,136,10
13437,1958,252,24,19581020,293,10
13437,1958,253,10,19580512,132,10
13437,1958,253,12,19580521,141,10
13437,1958,253,24,19581024,297,10
13437,1958,310,5,19580518,138,10
13437,1958,310,6,19580526,146,10
13437,1958,310,7,19580530,150,10
13437,1958,313,29,19581020,293,10
13437,1958,320,5,19580514,134,10
13437,1958,320,6,19580522,142,10
13437,1958,320,7,19580528,148,10
13437,1958,322,29,19581020,293,10
13437,1958,330,5,19580501,121,10
13437,1958,330,6,19580509,129,10
13437,1958,330,7,19580527,147,10
13437,1958,332,29,19580702,183,10
13437,1958,340,29,19580720,201,10
13437,1958,340,5,19580517,137,10
13437,1958,340,6,19580528,148,10
13437,1958,340,7,19580608,159,10
13437,1958,350,29,19580701,182,10
13437,1958,350,4,19580426,116,10
13437,1958,350,5,19580501,121,10
13437,1958,371,29,19580907,250,10
13437,1958,372,29,19581004,277,10
13437,1966,102,5,19660414,104,10
13437,1966,107,5,19660510,130,10
13437,1966,107,8,19660509,129,10
13437,1966,108,5,19660511,131,10
13437,1966,112,31,19660929,272,10
13437,1966,112,4,19660427,117,10
13437,1966,113,5,19660310,69,10
13437,1966,115,5,19660917,260,10
13437,1966,116,5,19660410,100,10
13437,1966,117,5,19660521,141,10
13437,1966,117,62,19660820,232,10
13437,1966,118,8,19660516,136,10
13437,1966,120,5,19660331,90,10
13437,1966,121,4,19660601,152,10
13437,1966,121,5,19660609,160,10
13437,1966,122,31,19660929,272,10
13437,1966,122,4,19660430,120,10
13437,1966,122,62,19660922,265,10
13437,1966,123,31,19660929,272,10
13437,1966,123,4,19660430,120,10
13437,1966,124,5,19660304,63,10
13437,1966,125,5,19660420,110,10
13437,1966,127,5,19660302,61,10
13437,1966,129,5,19660602,153,10
13437,1966,129,62,19660823,235,10
13437,1966,130,4,19660428,118,10
13437,1966,130,5,19660612,163,10
13437,1966,135,6,19660526,146,10
13437,1966,136,6,19660514,134,10
13437,1966,137,5,19660624,175,10
13437,1966,138,5,19660514,134,10
13437,1966,201,25,19660520,140,10
13437,1966,202,18,19660610,161,10
13437,1966,202,21,19660808,220,10
13437,1966,202,24,19660808,220,10
13437,1966,203,10,19660925,268,10
13437,1966,203,18,19660520,140,10
13437,1966,203,21,19660805,217,10
13437,1966,203,24,19660805,217,10
13437,1966,203,6,19660616,167,10
13437,1966,204,10,19660922,265,10
13437,1966,204,18,19660602,153,10
13437,1966,204,21,19660627,178,10
13437,1966,204,24,19660729,210,10
13437,1966,205,10,19660822,234,10
13437,1966,205,12,19660911,254,10
13437,1966,205,24,19660711,192,10
13437,1966,205,5,19660508,128,10
13437,1966,206,10,19660320,79,10
13437,1966,206,12,19660404,94,10
13437,1966,206,21,19660806,218,10
13437,1966,207,10,19660328,87,10
13437,1966,207,12,19660413,103,10
13437,1966,207,21,19660801,213,10
13437,1966,207,24,19660801,213,10
13437,1966,208,10,19660326,85,10
13437,1966,208,12,19660410,100,10
13437,1966,208,66,19660630,181,10
13437,1966,215,24,19660914,257,10
13437,1966,252,10,19660503,123,10
13437,1966,252,12,19660514,134,10
13437,1966,252,24,19660928,271,10
13437,1966,253,10,19660507,127,10
13437,1966,253,12,19660520,140,10
13437,1966,310,5,19660508,128,10
13437,1966,310,7,19660521,141,10
13437,1966,313,29,19660925,268,10
13437,1966,320,5,19660504,124,10
13437,1966,320,7,19660519,139,10
13437,1966,322,29,19660922,265,10
13437,1966,330,5,19660428,118,10
13437,1966,330,7,19660515,135,10
13437,1966,331,29,19660612,163,10
13437,1966,340,29,19660718,199,10
13437,1966,340,5,19660430,120,10
13437,1966,340,7,19660523,143,10
13437,1966,350,29,19660626,177,10
13437,1966,350,4,19660411,101,10
13437,1966,350,5,19660420,110,10
13437,1966,372,29,19660927,270,10
13437,1967,102,5,19670408,98,10
13437,1967,103,5,19670428,118,10
13437,1967,103,62,19670828,240,10
13437,1967,107,5,19670529,149,10
13437,1967,107,8,19670508,128,10
13437,1967,108,5,19670521,141,10
13437,1967,112,4,19670425,115,10
13437,1967,114,5,19670719,200,10
13437,1967,117,5,19670629,180,10
13437,1967,117,62,19670907,250,10
13437,1967,118,5,19670529,149,10
13437,1967,118,8,19670428,118,10
13437,1967,120,5,19670426,116,10
13437,1967,122,4,19670422,112,10
13437,1967,122,5,19670521,141,10
13437,1967,123,4,19670425,115,10
13437,1967,123,62,19670918,261,10
13437,1967,124,5,19670329,88,10
13437,1967,125,5,19670521,141,10
13437,1967,127,5,19670224,55,10
13437,1967,128,4,19670401,91,10
13437,1967,129,5,19670526,146,10
13437,1967,130,4,19670428,118,10
13437,1967,130,5,19670629,180,10
13437,1967,132,4,19670510,130,10
13437,1967,132,5,19670520,140,10
13437,1967,135,6,19670629,180,10
13437,1967,136,6,19670609,160,10
13437,1967,138,5,19670521,141,10
13437,1967,201,25,19670609,160,10
13437,1967,202,18,19670610,161,10
13437,1967,202,21,19670810,222,10
13437,1967,202,23,19670818,230,10
13437,1967,202,24,19670818,230,10
13437,1967,203,15,19670522,142,10
13437,1967,203,18,19670522,142,10
13437,1967,203,21,19670810,222,10
13437,1967,203,23,19670818,230,10
13437,1967,203,24,19670818,230,10
13437,1967,203,6,19670609,160,10
13437,1967,204,10,19670911,254,10
13437,1967,204,12,19670917,260,10
13437,1967,204,18,19670515,135,10
13437,1967,204,21,19670810,222,10
13437,1967,204,23,19670729,210,10
13437,1967,204,24,19670729,210,10
13437,1967,205,10,19670727,208,10
13437,1967,205,24,19670721,202,10
13437,1967,205,5,19670525,145,10
13437,1967,206,10,19670307,66,10
13437,1967,206,12,19670402,92,10
13437,1967,206,18,19670610,161,10
13437,1967,206,21,19670810,222,10
13437,1967,206,23,19670829,241,10
13437,1967,207,10,19670307,66,10
13437,1967,207,12,19670320,79,10
13437,1967,207,18,19670610,161,10
13437,1967,207,21,19670810,222,10
13437,1967,207,23,19670813,225,10
13437,1967,207,24,19670813,225,10
13437,1967,208,10,19670403,93,10
13437,1967,208,12,19670420,110,10
13437,1967,208,23,19670813,225,10
13437,1967,208,66,19670609,160,10
13437,1967,215,24,19670925,268,10
13437,1967,215,6,19670730,211,10
13437,1967,252,10,19670410,100,10
13437,1967,252,12,19670520,140,10
13437,1967,253,24,19671023,296,10
13437,1967,310,5,19670508,128,10
13437,1967,311,29,19670808,220,10
13437,1967,320,5,19670508,128,10
13437,1967,321,29,19670828,240,10
13437,1967,330,5,19670422,112,10
13437,1967,330,7,19670530,150,10
13437,1967,331,29,19670629,180,10
13437,1967,332,29,19670730,211,10
13437,1967,340,29,19670808,220,10
13437,1967,340,5,19670508,128,10
13437,1967,340,7,19670528,148,10
13437,1967,350,29,19670722,203,10
13437,1967,350,4,19670404,94,10
13437,1967,350,5,19670413,103,10
13437,1967,371,29,19670828,240,10
13439,1975,103,62,19750913,256,10
13439,1975,107,8,19750520,140,10
13439,1975,108,5,19750522,142,10
13439,1975,115,5,19750902,245,10
13439,1975,116,5,19750409,99,10
13439,1975,117,62,19750901,244,10
13439,1975,118,8,19750527,147,10
13439,1975,121,4,19750526,146,10
13439,1975,122,31,19751009,282,10
13439,1975,122,4,19750506,126,10
13439,1975,122,5,19750519,139,10
13439,1975,123,4,19750504,124,10
13439,1975,123,62,19751018,291,10
13439,1975,124,5,19750313,72,10
13439,1975,125,5,19750423,113,10
13439,1975,127,5,19750216,47,10
13439,1975,129,62,19750903,246,10
13439,1975,131,5,19750502,122,10
13439,1975,132,31,19751103,307,10
13439,1975,137,5,19750719,200,10
13439,1975,204,21,19750714,195,10
13439,1975,215,6,19750816,228,10
13439,1975,252,24,19751008,281,10
13439,1975,310,5,19750508,128,10
13439,1975,320,5,19750502,122,10
13439,1975,330,5,19750428,118,10
13439,1975,330,7,19750512,132,10
13439,1975,331,29,19750705,186,10
13439,1975,340,29,19750726,207,10
13439,1975,340,5,19750504,124,10
13439,1975,340,7,19750515,135,10
13439,1975,350,29,19750731,212,10
13439,1975,350,4,19750415,105,10
13439,1975,350,5,19750421,111,10
13440,1959,102,5,19590322,81,10
13440,1959,104,4,19590505,125,10
13440,1959,105,61,19590427,117,10
13440,1959,108,5,19590509,129,10
13440,1959,112,31,19590904,247,10
13440,1959,112,32,19591028,301,10
13440,1959,112,4,19590415,105,10
13440,1959,116,5,19590312,71,10
13440,1959,117,5,19590606,157,10
13440,1959,117,62,19590820,232,10
13440,1959,119,5,19590408,98,10
13440,1959,120,5,19590319,78,10
13440,1959,122,31,19590912,255,10
13440,1959,122,32,19591014,287,10
13440,1959,122,4,19590410,100,10
13440,1959,122,5,19590420,110,10
13440,1959,123,31,19590923,266,10
13440,1959,123,32,19591012,285,10
13440,1959,123,4,19590420,110,10
13440,1959,124,5,19590319,78,10
13440,1959,125,5,19590320,79,10
13440,1959,127,5,19590321,80,10
13440,1959,129,5,19590524,144,10
13440,1959,129,62,19590914,257,10
13440,1959,130,4,19590503,123,10
13440,1959,132,31,19591003,276,10
13440,1959,132,32,19591011,284,10
13440,1959,132,4,19590426,116,10
13440,1959,135,6,19590604,155,10
13440,1959,136,6,19590604,155,10
13440,1959,138,5,19590514,134,10
13440,1959,201,25,19590607,158,10
13440,1959,201,27,19590814,226,10
13440,1959,202,10,19591020,293,10
13440,1959,202,15,19590607,158,10
13440,1959,202,18,19590614,165,10
13440,1959,202,21,19590719,200,10
13440,1959,202,23,19590730,211,10
13440,1959,203,10,19591022,295,10
13440,1959,203,15,19590512,132,10
13440,1959,203,18,19590520,140,10
13440,1959,203,21,19590720,201,10
13440,1959,203,23,19590726,207,10
13440,1959,203,6,19590605,156,10
13440,1959,204,10,19591023,296,10
13440,1959,204,12,19591114,318,10
13440,1959,204,15,19590522,142,10
13440,1959,204,18,19590524,144,10
13440,1959,204,21,19590621,172,10
13440,1959,204,23,19590720,201,10
13440,1959,205,10,19590825,237,10
13440,1959,205,12,19590915,258,10
13440,1959,205,24,19590714,195,10
13440,1959,205,5,19590430,120,10
13440,1959,206,10,19590226,57,10
13440,1959,206,12,19590320,79,10
13440,1959,206,15,19590606,157,10
13440,1959,206,18,19590619,170,10
13440,1959,206,21,19590721,202,10
13440,1959,206,23,19590728,209,10
13440,1959,207,10,19590323,82,10
13440,1959,207,12,19590409,99,10
13440,1959,207,15,19590607,158,10
13440,1959,207,18,19590614,165,10
13440,1959,207,21,19590710,191,10
13440,1959,207,23,19590721,202,10
13440,1959,208,10,19590320,79,10
13440,1959,208,12,19590410,100,10
13440,1959,208,15,19590614,165,10
13440,1959,208,21,19590712,193,10
13440,1959,208,23,19590722,203,10
13440,1959,208,66,19590624,175,10
13440,1959,243,11,19590522,142,10
13440,1959,243,24,19590909,252,10
13440,1959,243,5,19590612,163,10
13440,1959,252,10,19590420,110,10
13440,1959,252,12,19590508,128,10
13440,1959,252,24,19590921,264,10
13440,1959,310,5,19590511,131,10
13440,1959,310,6,19590516,136,10
13440,1959,310,7,19590518,138,10
13440,1959,311,29,19590726,207,10
13440,1959,313,29,19591015,288,10
13440,1959,330,5,19590510,130,10
13440,1959,330,6,19590515,135,10
13440,1959,330,7,19590517,137,10
13440,1959,331,29,19590620,171,10
13440,1959,340,29,19590725,206,10
13440,1959,340,5,19590428,118,10
13440,1959,340,6,19590503,123,10
13440,1959,340,7,19590510,130,10
13440,1959,350,29,19590731,212,10
13440,1959,350,4,19590317,76,10
13440,1959,350,5,19590327,86,10
13440,1959,371,29,19590817,229,10
13440,1959,372,29,19590905,248,10
13440,1960,102,5,19600401,91,10
13440,1960,103,5,19600516,136,10
13440,1960,103,62,19600814,226,10
13440,1960,104,4,19600426,116,10
13440,1960,104,5,19600605,156,10
13440,1960,105,61,19600417,107,10
13440,1960,107,5,19600611,162,10
13440,1960,107,8,19600510,130,10
13440,1960,108,5,19600515,135,10
13440,1960,112,31,19601023,296,10
13440,1960,112,4,19600421,111,10
13440,1960,112,5,19600522,142,10
13440,1960,113,5,19600304,63,10
13440,1960,115,5,19600830,242,10
13440,1960,116,5,19600306,65,10
13440,1960,117,5,19600625,176,10
13440,1960,117,62,19600912,255,10
13440,1960,118,5,19600612,163,10
13440,1960,118,8,19600510,130,10
13440,1960,119,5,19600410,100,10
13440,1960,120,5,19600415,105,10
13440,1960,122,31,19601015,288,10
13440,1960,122,32,19601020,293,10
13440,1960,122,4,19600417,107,10
13440,1960,122,5,19600512,132,10
13440,1960,122,62,19601012,285,10
13440,1960,124,5,19600331,90,10
13440,1960,125,5,19600507,127,10
13440,1960,127,5,19600307,66,10
13440,1960,129,5,19600607,158,10
13440,1960,129,62,19600923,266,10
13440,1960,130,4,19600425,115,10
13440,1960,130,5,19600614,165,10
13440,1960,131,5,19600516,136,10
13440,1960,132,31,19601013,286,10
13440,1960,132,32,19601014,287,10
13440,1960,132,4,19600525,145,10
13440,1960,132,5,19600506,126,10
13440,1960,132,62,19601009,282,10
13440,1960,133,5,19600613,164,10
13440,1960,133,8,19600518,138,10
13440,1960,135,6,19600601,152,10
13440,1960,136,6,19600602,153,10
13440,1960,138,5,19600522,142,10
13440,1960,202,10,19600929,272,10
13440,1960,202,12,19601013,286,10
13440,1960,202,15,19600619,170,10
13440,1960,202,18,19600629,180,10
13440,1960,202,21,19600805,217,10
13440,1960,202,23,19600827,239,10
13440,1960,203,10,19601010,283,10
13440,1960,203,12,19601023,296,10
13440,1960,203,15,19600527,147,10
13440,1960,203,18,19600529,149,10
13440,1960,203,21,19600813,225,10
13440,1960,203,23,19600819,231,10
13440,1960,203,6,19600608,159,10
13440,1960,204,10,19600904,247,10
13440,1960,204,12,19601014,287,10
13440,1960,204,15,19600603,154,10
13440,1960,204,18,19600609,160,10
13440,1960,204,21,19600701,182,10
13440,1960,204,23,19600828,240,10
13440,1960,205,10,19600822,234,10
13440,1960,205,12,19600829,241,10
13440,1960,205,24,19600714,195,10
13440,1960,205,5,19600514,134,10
13440,1960,207,10,19600405,95,10
13440,1960,207,12,19600415,105,10
13440,1960,207,15,19600618,169,10
13440,1960,207,18,19600624,175,10
13440,1960,207,21,19600721,202,10
13440,1960,207,23,19600809,221,10
13440,1960,208,10,19600325,84,10
13440,1960,208,12,19600414,104,10
13440,1960,208,15,19600625,176,10
13440,1960,208,21,19600804,216,10
13440,1960,208,23,19600818,230,10
13440,1960,208,66,19600629,180,10
13440,1960,215,10,19600523,143,10
13440,1960,215,12,19600604,155,10
13440,1960,215,21,19601010,283,10
13440,1960,215,24,19601014,287,10
13440,1960,215,6,19600907,250,10
13440,1960,215,65,19600829,241,10
13440,1960,215,67,19600620,171,10
13440,1960,252,10,19600421,111,10
13440,1960,252,12,19600517,137,10
13440,1960,252,24,19601008,281,10
13440,1960,310,5,19600513,133,10
13440,1960,310,6,19600516,136,10
13440,1960,310,7,19600520,140,10
13440,1960,311,29,19600824,236,10
13440,1960,320,5,19600512,132,10
13440,1960,320,6,19600515,135,10
13440,1960,320,7,19600520,140,10
13440,1960,322,29,19600924,267,10
13440,1960,340,29,19600729,210,10
13440,1960,340,5,19600505,125,10
13440,1960,340,6,19600514,134,10
13440,1960,340,7,19600518,138,10
13440,1960,350,29,19600619,170,10
13440,1960,350,4,19600416,106,10
13440,1960,350,5,19600506,126,10
13440,1960,371,29,19600822,234,10
13440,1960,372,29,19600917,260,10
13440,1966,103,5,19660519,139,10
13440,1966,103,62,19660723,204,10
13440,1966,107,5,19660515,135,10
13440,1966,107,8,19660504,124,10
13440,1966,108,5,19660517,137,10
13440,1966,112,31,19661016,289,10
13440,1966,113,5,19660227,58,10
13440,1966,116,5,19660305,64,10
13440,1966,117,5,19660612,163,10
13440,1966,117,62,19660920,263,10
13440,1966,118,5,19660528,148,10
13440,1966,118,8,19660504,124,10
13440,1966,120,5,19660502,122,10
13440,1966,122,31,19660925,268,10
13440,1966,122,4,19660503,123,10
13440,1966,122,5,19660517,137,10
13440,1966,122,62,19660926,269,10
13440,1966,123,31,19661005,278,10
13440,1966,123,4,19660502,122,10
13440,1966,123,5,19660531,151,10
13440,1966,125,5,19660422,112,10
13440,1966,127,5,19660304,63,10
13440,1966,129,5,19660531,151,10
13440,1966,129,62,19660831,243,10
13440,1966,130,4,19660504,124,10
13440,1966,130,5,19660625,176,10
13440,1966,131,5,19660510,130,10
13440,1966,132,31,19660930,273,10
13440,1966,132,4,19660519,139,10
13440,1966,135,6,19660531,151,10
13440,1966,138,5,19660520,140,10
13440,1966,201,25,19660601,152,10
13440,1966,202,10,19660924,267,10
13440,1966,202,12,19661007,280,10
13440,1966,202,18,19660624,175,10
13440,1966,202,24,19660825,237,10
13440,1966,203,10,19660919,262,10
13440,1966,203,12,19660930,273,10
13440,1966,203,15,19660512,132,10
13440,1966,203,18,19660525,145,10
13440,1966,203,21,19660728,209,10
13440,1966,203,24,19660815,227,10
13440,1966,203,6,19660612,163,10
13440,1966,204,18,19660530,150,10
13440,1966,204,21,19660701,182,10
13440,1966,204,24,19660810,222,10
13440,1966,205,10,19660803,215,10
13440,1966,205,12,19660820,232,10
13440,1966,205,24,19660715,196,10
13440,1966,205,5,19660503,123,10
13440,1966,207,10,19660323,82,10
13440,1966,207,12,19660411,101,10
13440,1966,207,18,19660623,174,10
13440,1966,207,21,19660723,204,10
13440,1966,207,24,19660820,232,10
13440,1966,208,10,19660322,81,10
13440,1966,208,12,19660423,113,10
13440,1966,208,66,19660626,177,10
13440,1966,252,10,19660506,126,10
13440,1966,252,12,19660520,140,10
13440,1966,252,24,19661014,287,10
13440,1966,310,5,19660515,135,10
13440,1966,310,7,19660527,147,10
13440,1966,320,5,19660511,131,10
13440,1966,320,7,19660525,145,10
13440,1966,322,29,19660917,260,10
13440,1966,330,5,19660506,126,10
13440,1966,330,7,19660517,137,10
13440,1966,331,29,19660619,170,10
13440,1966,332,29,19660629,180,10
13440,1966,340,29,19660730,211,10
13440,1966,340,5,19660503,123,10
13440,1966,340,7,19660516,136,10
13440,1966,350,29,19660721,202,10
13440,1966,350,4,19660416,106,10
13440,1966,350,5,19660423,113,10
13440,1966,371,29,19660811,223,10
13440,1966,372,29,19660916,259,10
13440,1967,102,5,19670408,98,10
13440,1967,103,5,19670526,146,10
13440,1967,103,62,19670812,224,10
13440,1967,107,5,19670523,143,10
13440,1967,107,8,19670510,130,10
13440,1967,108,5,19670523,143,10
13440,1967,112,31,19670930,273,10
13440,1967,112,4,19670505,125,10
13440,1967,113,5,19670214,45,10
13440,1967,115,5,19670905,248,10
13440,1967,116,5,19670306,65,10
13440,1967,117,5,19670622,173,10
13440,1967,117,62,19670829,241,10
13440,1967,118,5,19670524,144,10
13440,1967,118,8,19670509,129,10
13440,1967,120,5,19670503,123,10
13440,1967,122,31,19671011,284,10
13440,1967,122,4,19670506,126,10
13440,1967,122,5,19670518,138,10
13440,1967,122,62,19670925,268,10
13440,1967,123,31,19670913,256,10
13440,1967,123,4,19670430,120,10
13440,1967,123,5,19670522,142,10
13440,1967,123,62,19670926,269,10
13440,1967,124,5,19670415,105,10
13440,1967,125,5,19670507,127,10
13440,1967,127,5,19670303,62,10
13440,1967,129,5,19670604,155,10
13440,1967,129,62,19670827,239,10
13440,1967,130,4,19670510,130,10
13440,1967,130,5,19670706,187,10
13440,1967,131,5,19670524,144,10
13440,1967,132,31,19670920,263,10
13440,1967,132,4,19670519,139,10
13440,1967,132,62,19671017,290,10
13440,1967,135,6,19670624,175,10
13440,1967,136,6,19670622,173,10
13440,1967,137,5,19670710,191,10
13440,1967,138,5,19670525,145,10
13440,1967,201,25,19670529,149,10
13440,1967,202,10,19671009,282,10
13440,1967,202,12,19671027,300,10
13440,1967,202,18,19670630,181,10
13440,1967,202,21,19670731,212,10
13440,1967,202,23,19670819,231,10
13440,1967,202,24,19670819,231,10
13440,1967,203,10,19670918,261,10
13440,1967,203,12,19670926,269,10
13440,1967,203,15,19670520,140,10
13440,1967,203,18,19670525,145,10
13440,1967,203,21,19670716,197,10
13440,1967,203,23,19670804,216,10
13440,1967,203,24,19670804,216,10
13440,1967,203,6,19670606,157,10
13440,1967,204,10,19670914,257,10
13440,1967,204,12,19670924,267,10
13440,1967,204,18,19670601,152,10
13440,1967,204,21,19670710,191,10
13440,1967,204,23,19670727,208,10
13440,1967,204,24,19670727,208,10
13440,1967,205,10,19670817,229,10
13440,1967,205,24,19670722,203,10
13440,1967,205,5,19670515,135,10
13440,1967,207,10,19670411,101,10
13440,1967,207,18,19670628,179,10
13440,1967,207,21,19670721,202,10
13440,1967,207,23,19670820,232,10
13440,1967,207,24,19670820,232,10
13440,1967,208,10,19670412,102,10
13440,1967,208,12,19670502,122,10
13440,1967,208,23,19670821,233,10
13440,1967,208,66,19670705,186,10
13440,1967,252,10,19670426,116,10
13440,1967,252,12,19670516,136,10
13440,1967,252,24,19670929,272,10
13440,1967,310,5,19670513,133,10
13440,1967,310,7,19670530,150,10
13440,1967,311,29,19670810,222,10
13440,1967,313,29,19671003,276,10
13440,1967,320,5,19670511,131,10
13440,1967,320,7,19670523,143,10
13440,1967,322,29,19670927,270,10
13440,1967,330,5,19670507,127,10
13440,1967,330,7,19670521,141,10
13440,1967,331,29,19670625,176,10
13440,1967,332,29,19670727,208,10
13440,1967,340,29,19670716,197,10
13440,1967,340,5,19670512,132,10
13440,1967,340,7,19670522,142,10
13440,1967,350,29,19670810,222,10
13440,1967,350,4,19670416,106,10
13440,1967,350,5,19670422,112,10
13440,1967,371,29,19670817,229,10
13440,1967,372,29,19671010,283,10
13440,1968,102,5,19680330,89,10
13440,1968,103,5,19680522,142,10
13440,1968,103,62,19680815,227,10
13440,1968,107,5,19680527,147,10
13440,1968,107,8,19680503,123,10
13440,1968,108,5,19680510,130,10
13440,1968,112,31,19681010,283,10
13440,1968,112,4,19680420,110,10
13440,1968,113,5,19680325,84,10
13440,1968,116,5,19680323,82,10
13440,1968,117,5,19680616,167,10
13440,1968,117,62,19680910,253,10
13440,1968,118,5,19680514,134,10
13440,1968,118,8,19680501,121,10
13440,1968,120,5,19680421,111,10
13440,1968,122,31,19681017,290,10
13440,1968,122,4,19680420,110,10
13440,1968,122,5,19680507,127,10
13440,1968,122,62,19680925,268,10
13440,1968,123,31,19680916,259,10
13440,1968,123,4,19680419,109,10
13440,1968,123,5,19680502,122,10
13440,1968,123,62,19680914,257,10
13440,1968,124,5,19680403,93,10
13440,1968,125,5,19680421,111,10
13440,1968,127,5,19680321,80,10
13440,1968,129,5,19680607,158,10
13440,1968,129,62,19680822,234,10
13440,1968,130,4,19680418,108,10
13440,1968,130,5,19680623,174,10
13440,1968,131,5,19680430,120,10
13440,1968,132,31,19681010,283,10
13440,1968,132,4,19680513,133,10
13440,1968,132,5,19680527,147,10
13440,1968,132,62,19680930,273,10
13440,1968,135,6,19680619,170,10
13440,1968,136,6,19680618,169,10
13440,1968,138,5,19680520,140,10
13440,1968,201,25,19680621,172,10
13440,1968,202,10,19681024,297,10
13440,1968,202,12,19681103,307,10
13440,1968,202,18,19680627,178,10
13440,1968,202,21,19680725,206,10
13440,1968,202,24,19680901,244,10
13440,1968,203,10,19681007,280,10
13440,1968,203,12,19681020,293,10
13440,1968,203,15,19680429,119,10
13440,1968,203,18,19680524,144,10
13440,1968,203,21,19680809,221,10
13440,1968,203,24,19680822,234,10
13440,1968,203,6,19680617,168,10
13440,1968,204,10,19680926,269,10
13440,1968,204,12,19681010,283,10
13440,1968,204,18,19680526,146,10
13440,1968,204,21,19680701,182,10
13440,1968,204,24,19680726,207,10
13440,1968,205,10,19680820,232,10
13440,1968,205,12,19680828,240,10
13440,1968,205,24,19680716,197,10
13440,1968,205,5,19680508,128,10
13440,1968,207,10,19680329,88,10
13440,1968,207,12,19680421,111,10
13440,1968,207,18,19680620,171,10
13440,1968,207,21,19680724,205,10
13440,1968,208,10,19680326,85,10
13440,1968,208,12,19680420,110,10
13440,1968,208,24,19680901,244,10
13440,1968,208,66,19680618,169,10
13440,1968,252,10,19680410,100,10
13440,1968,252,12,19680509,129,10
13440,1968,252,24,19681007,280,10
13440,1968,253,24,19681019,292,10
13440,1968,310,5,19680503,123,10
13440,1968,310,7,19680524,144,10
13440,1968,311,29,19680819,231,10
13440,1968,320,5,19680422,112,10
13440,1968,320,7,19680514,134,10
13440,1968,321,29,19680910,253,10
13440,1968,330,5,19680419,109,10
13440,1968,330,7,19680502,122,10
13440,1968,331,29,19680624,175,10
13440,1968,332,29,19680717,198,10
13440,1968,340,29,19680731,212,10
13440,1968,340,5,19680422,112,10
13440,1968,340,7,19680513,133,10
13440,1968,350,29,19680819,231,10
13440,1968,350,4,19680414,104,10
13440,1968,350,5,19680421,111,10
13440,1968,371,29,19680808,220,10
13440,1968,372,29,19680909,252,10
13440,1969,102,5,19690422,112,10
13440,1969,103,5,19690601,152,10
13440,1969,103,62,19690812,224,10
13440,1969,107,5,19690622,173,10
13440,1969,107,8,19690516,136,10
13440,1969,108,5,19690528,148,10
13440,1969,112,31,19690929,272,10
13440,1969,112,4,19690506,126,10
13440,1969,113,5,19690407,97,10
13440,1969,116,5,19690410,100,10
13440,1969,117,5,19690609,160,10
13440,1969,117,62,19690910,253,10
13440,1969,118,5,19690522,142,10
13440,1969,118,8,19690518,138,10
13440,1969,120,5,19690515,135,10
13440,1969,122,31,19690921,264,10
13440,1969,122,4,19690508,128,10
13440,1969,122,5,19690525,145,10
13440,1969,122,62,19690928,271,10
13440,1969,123,31,19690923,266,10
13440,1969,123,4,19690505,125,10
13440,1969,124,5,19690428,118,10
13440,1969,125,5,19690512,132,10
13440,1969,127,5,19690407,97,10
13440,1969,128,4,19690508,128,10
13440,1969,129,5,19690620,171,10
13440,1969,129,62,19690912,255,10
13440,1969,130,4,19690511,131,10
13440,1969,130,5,19690715,196,10
13440,1969,131,5,19690529,149,10
13440,1969,132,31,19690930,273,10
13440,1969,135,6,19690623,174,10
13440,1969,136,6,19690625,176,10
13440,1969,138,5,19690530,150,10
13440,1969,201,25,19690619,170,10
13440,1969,202,10,19691004,277,10
13440,1969,202,12,19691017,290,10
13440,1969,202,18,19690702,183,10
13440,1969,202,21,19690804,216,10
13440,1969,202,24,19690901,244,10
13440,1969,203,10,19690919,262,10
13440,1969,203,12,19690927,270,10
13440,1969,203,15,19690526,146,10
13440,1969,203,18,19690612,163,10
13440,1969,203,21,19690708,189,10
13440,1969,203,24,19690824,236,10
13440,1969,203,6,19690616,167,10
13440,1969,204,10,19690915,258,10
13440,1969,204,12,19690928,271,10
13440,1969,204,18,19690612,163,10
13440,1969,204,21,19690708,189,10
13440,1969,204,24,19690809,221,10
13440,1969,205,10,19690818,230,10
13440,1969,205,12,19690826,238,10
13440,1969,205,24,19690807,219,10
13440,1969,205,5,19690608,159,10
13440,1969,207,10,19690409,99,10
13440,1969,207,12,19690501,121,10
13440,1969,207,18,19690620,171,10
13440,1969,207,21,19690724,205,10
13440,1969,208,10,19690408,98,10
13440,1969,208,12,19690502,122,10
13440,1969,208,24,19690827,239,10
13440,1969,208,66,19690708,189,10
13440,1969,215,24,19691008,281,10
13440,1969,215,6,19690823,235,10
13440,1969,252,10,19690514,134,10
13440,1969,252,12,19690516,136,10
13440,1969,252,24,19691006,279,10
13440,1969,310,5,19690516,136,10
13440,1969,313,29,19691009,282,10
13440,1969,320,5,19690513,133,10
13440,1969,320,7,19690530,150,10
13440,1969,321,29,19690911,254,10
13440,1969,322,29,19691004,277,10
13440,1969,330,5,19690510,130,10
13440,1969,330,7,19690521,141,10
13440,1969,331,29,19690624,175,10
13440,1969,332,29,19690629,180,10
13440,1969,340,29,19690804,216,10
13440,1969,340,5,19690512,132,10
13440,1969,350,29,19690710,191,10
13440,1969,350,4,19690426,116,10
13440,1969,350,5,19690505,125,10
13440,1969,371,29,19690815,227,10
13440,1969,372,29,19690909,252,10
13440,1970,102,5,19700425,115,10
13440,1970,103,5,19700607,158,10
13440,1970,103,62,19700803,215,10
13440,1970,107,5,19700529,149,10
13440,1970,107,8,19700517,137,10
13440,1970,108,5,19700607,158,10
13440,1970,112,31,19700928,271,10
13440,1970,112,4,19700508,128,10
13440,1970,113,5,19700410,100,10
13440,1970,116,5,19700417,107,10
13440,1970,117,5,19700723,204,10
13440,1970,117,62,19701015,288,10
13440,1970,118,5,19700524,144,10
13440,1970,118,8,19700518,138,10
13440,1970,120,5,19700513,133,10
13440,1970,122,31,19701029,302,10
13440,1970,122,4,19700510,130,10
13440,1970,122,5,19700608,159,10
13440,1970,122,62,19701004,277,10
13440,1970,123,4,19700507,127,10
13440,1970,123,5,19700527,147,10
13440,1970,123,62,19700908,251,10
13440,1970,124,5,19700427,117,10
13440,1970,125,5,19700520,140,10
13440,1970,127,5,19700406,96,10
13440,1970,128,4,19700511,131,10
13440,1970,128,5,19700511,131,10
13440,1970,129,5,19700618,169,10
13440,1970,129,62,19700911,254,10
13440,1970,130,4,19700510,130,10
13440,1970,130,5,19700711,192,10
13440,1970,131,5,19700523,143,10
13440,1970,132,31,19701003,276,10
13440,1970,132,4,19700520,140,10
13440,1970,132,5,19700605,156,10
13440,1970,132,62,19701010,283,10
13440,1970,135,6,19700618,169,10
13440,1970,136,6,19700622,173,10
13440,1970,137,5,19700702,183,10
13440,1970,138,5,19700610,161,10
13440,1970,201,25,19700608,159,10
13440,1970,202,10,19701012,285,10
13440,1970,202,12,19701021,294,10
13440,1970,202,21,19700806,218,10
13440,1970,202,24,19700806,218,10
13440,1970,203,10,19701024,297,10
13440,1970,203,12,19701103,307,10
13440,1970,204,10,19700903,246,10
13440,1970,204,12,19701019,292,10
13440,1970,205,10,19700820,232,10
13440,1970,205,12,19700901,244,10
13440,1970,205,24,19700819,231,10
13440,1970,205,5,19700529,149,10
13440,1970,207,10,19700418,108,10
13440,1970,207,12,19700506,126,10
13440,1970,207,18,19700706,187,10
13440,1970,207,21,19700724,205,10
13440,1970,208,10,19700422,112,10
13440,1970,208,12,19700508,128,10
13440,1970,208,24,19700910,253,10
13440,1970,208,66,19700706,187,10
13440,1970,252,10,19700506,126,10
13440,1970,252,12,19700521,141,10
13440,1970,252,24,19701003,276,10
13440,1970,310,5,19700531,151,10
13440,1970,313,29,19701009,282,10
13440,1970,320,5,19700524,144,10
13440,1970,322,29,19701013,286,10
13440,1970,330,5,19700516,136,10
13440,1970,330,7,19700528,148,10
13440,1970,331,29,19700701,182,10
13440,1970,340,29,19700805,217,10
13440,1970,340,5,19700523,143,10
13440,1970,350,29,19700809,221,10
13440,1970,350,4,19700505,125,10
13440,1970,350,5,19700510,130,10
13440,1970,371,29,19700821,233,10
13440,1970,372,29,19701002,275,10
13440,1971,102,5,19710410,100,10
13440,1971,103,5,19710516,136,10
13440,1971,103,62,19710816,228,10
13440,1971,107,5,19710612,163,10
13440,1971,107,8,19710504,124,10
13440,1971,108,5,19710515,135,10
13440,1971,112,31,19710930,273,10
13440,1971,112,4,19710421,111,10
13440,1971,113,5,19710316,75,10
13440,1971,116,5,19710407,97,10
13440,1971,117,5,19710510,130,10
13440,1971,117,62,19710910,253,10
13440,1971,118,5,19710610,161,10
13440,1971,118,8,19710503,123,10
13440,1971,120,5,19710428,118,10
13440,1971,122,31,19710920,263,10
13440,1971,122,4,19710423,113,10
13440,1971,122,5,19710515,135,10
13440,1971,122,62,19710925,268,10
13440,1971,123,5,19710518,138,10
13440,1971,123,62,19710920,263,10
13440,1971,124,5,19710411,101,10
13440,1971,125,5,19710505,125,10
13440,1971,127,5,19710325,84,10
13440,1971,128,4,19710430,120,10
13440,1971,128,5,19710505,125,10
13440,1971,129,5,19710604,155,10
13440,1971,129,62,19710824,236,10
13440,1971,130,4,19710430,120,10
13440,1971,130,5,19710608,159,10
13440,1971,131,5,19710519,139,10
13440,1971,132,31,19710929,272,10
13440,1971,132,4,19710516,136,10
13440,1971,132,5,19710517,137,10
13440,1971,132,62,19710916,259,10
13440,1971,135,6,19710612,163,10
13440,1971,136,6,19710609,160,10
13440,1971,137,5,19710710,191,10
13440,1971,138,5,19710517,137,10
13440,1971,201,25,19710607,158,10
13440,1971,202,10,19711007,280,10
13440,1971,202,12,19711031,304,10
13440,1971,202,18,19710624,175,10
13440,1971,202,21,19710722,203,10
13440,1971,202,24,19710816,228,10
13440,1971,203,10,19710915,258,10
13440,1971,203,12,19710926,269,10
13440,1971,203,18,19710602,153,10
13440,1971,203,21,19710708,189,10
13440,1971,203,24,19710814,226,10
13440,1971,203,6,19710611,162,10
13440,1971,204,10,19710914,257,10
13440,1971,204,12,19710923,266,10
13440,1971,204,18,19710606,157,10
13440,1971,204,21,19710629,180,10
13440,1971,204,24,19710720,201,10
13440,1971,205,10,19710827,239,10
13440,1971,205,12,19710910,253,10
13440,1971,205,24,19710716,197,10
13440,1971,205,5,19710511,131,10
13440,1971,207,10,19710320,79,10
13440,1971,207,12,19710409,99,10
13440,1971,207,18,19710609,160,10
13440,1971,207,21,19710730,211,10
13440,1971,207,24,19710811,223,10
13440,1971,208,10,19710315,74,10
13440,1971,208,12,19710403,93,10
13440,1971,208,24,19710826,238,10
13440,1971,208,66,19710623,174,10
13440,1971,252,10,19710414,104,10
13440,1971,252,12,19710513,133,10
13440,1971,252,24,19711008,281,10
13440,1971,253,12,19710513,133,10
13440,1971,310,5,19710513,133,10
13440,1971,310,7,19710525,145,10
13440,1971,320,5,19710508,128,10
13440,1971,322,29,19710929,272,10
13440,1971,330,5,19710505,125,10
13440,1971,330,7,19710514,134,10
13440,1971,331,29,19710628,179,10
13440,1971,332,29,19710716,197,10
13440,1971,340,29,19710801,213,10
13440,1971,340,5,19710508,128,10
13440,1971,340,7,19710519,139,10
13440,1971,350,29,19710723,204,10
13440,1971,350,4,19710418,108,10
13440,1971,350,5,19710419,109,10
13440,1971,371,29,19710809,221,10
13440,1971,372,29,19710905,248,10
13440,1972,102,5,19720331,90,10
13440,1972,103,5,19720529,149,10
13440,1972,103,62,19720819,231,10
13440,1972,107,5,19720526,146,10
13440,1972,107,8,19720430,120,10
13440,1972,108,5,19720527,147,10
13440,1972,112,31,19720916,259,10
13440,1972,112,4,19720422,112,10
13440,1972,113,5,19720314,73,10
13440,1972,116,5,19720315,74,10
13440,1972,117,5,19720613,164,10
13440,1972,117,62,19720909,252,10
13440,1972,118,5,19720524,144,10
13440,1972,118,8,19720429,119,10
13440,1972,120,5,19720425,115,10
13440,1972,122,31,19721002,275,10
13440,1972,122,4,19720502,122,10
13440,1972,122,5,19720531,151,10
13440,1972,122,62,19720928,271,10
13440,1972,123,31,19720909,252,10
13440,1972,123,62,19720908,251,10
13440,1972,124,5,19720320,79,10
13440,1972,125,5,19720501,121,10
13440,1972,127,5,19720228,59,10
13440,1972,128,4,19720501,121,10
13440,1972,128,5,19720316,75,10
13440,1972,129,5,19720606,157,10
13440,1972,129,62,19720909,252,10
13440,1972,130,4,19720429,119,10
13440,1972,130,5,19720715,196,10
13440,1972,131,5,19720518,138,10
13440,1972,132,31,19721007,280,10
13440,1972,132,4,19720521,141,10
13440,1972,132,5,19720601,152,10
13440,1972,132,62,19720910,253,10
13440,1972,135,6,19720601,152,10
13440,1972,136,6,19720607,158,10
13440,1972,137,5,19720719,200,10
13440,1972,138,5,19720521,141,10
13440,1972,202,18,19720619,170,10
13440,1972,203,18,19720516,136,10
13440,1972,203,21,19720802,214,10
13440,1972,203,24,19720829,241,10
13440,1972,203,6,19720607,158,10
13440,1972,204,10,19720919,262,10
13440,1972,204,12,19721002,275,10
13440,1972,204,18,19720524,144,10
13440,1972,204,21,19720626,177,10
13440,1972,204,24,19720808,220,10
13440,1972,205,10,19720825,237,10
13440,1972,205,12,19720903,246,10
13440,1972,205,24,19720809,221,10
13440,1972,205,5,19720513,133,10
13440,1972,207,10,19720225,56,10
13440,1972,207,12,19720328,87,10
13440,1972,207,18,19720618,169,10
13440,1972,207,21,19720722,203,10
13440,1972,207,24,19720822,234,10
13440,1972,208,10,19720223,54,10
13440,1972,208,12,19720324,83,10
13440,1972,208,24,19720823,235,10
13440,1972,208,66,19720707,188,10
13440,1972,252,10,19720411,101,10
13440,1972,252,12,19720512,132,10
13440,1972,252,24,19720924,267,10
13440,1972,310,5,19720511,131,10
13440,1972,320,5,19720508,128,10
13440,1972,320,7,19720522,142,10
13440,1972,321,29,19720912,255,10
13440,1972,322,29,19720930,273,10
13440,1972,330,5,19720430,120,10
13440,1972,330,7,19720510,130,10
13440,1972,331,29,19720630,181,10
13440,1972,332,29,19720725,206,10
13440,1972,340,29,19720730,211,10
13440,1972,340,5,19720504,124,10
13440,1972,340,7,19720525,145,10
13440,1972,350,29,19720819,231,10
13440,1972,350,4,19720404,94,10
13440,1972,350,5,19720417,107,10
13440,1972,371,29,19720821,233,10
13440,1972,372,29,19720911,254,10
13441,1958,102,5,19580503,123,10
13441,1958,105,61,19580502,122,10
13441,1958,107,8,19580511,131,10
13441,1958,108,5,19580525,145,10
13441,1958,112,31,19581015,288,10
13441,1958,112,32,19581025,298,10
13441,1958,112,4,19580503,123,10
13441,1958,114,5,19580711,192,10
13441,1958,115,5,19580929,272,10
13441,1958,116,5,19580410,100,10
13441,1958,117,62,19580903,246,10
13441,1958,118,8,19580508,128,10
13441,1958,120,5,19580504,124,10
13441,1958,122,31,19581021,294,10
13441,1958,122,32,19581028,301,10
13441,1958,122,4,19580510,130,10
13441,1958,122,5,19580520,140,10
13441,1958,122,62,19581005,278,10
13441,1958,123,31,19581017,290,10
13441,1958,123,32,19581027,300,10
13441,1958,123,4,19580505,125,10
13441,1958,123,62,19581020,293,10
13441,1958,124,5,19580410,100,10
13441,1958,125,5,19580506,126,10
13441,1958,127,5,19580306,65,10
13441,1958,129,5,19580627,178,10
13441,1958,129,62,19580826,238,10
13441,1958,130,5,19580620,171,10
13441,1958,132,31,19581023,296,10
13441,1958,132,32,19581115,319,10
13441,1958,132,62,19581015,288,10
13441,1958,137,5,19580726,207,10
13441,1958,201,25,19580528,148,10
13441,1958,201,27,19580818,230,10
13441,1958,202,10,19581027,300,10
13441,1958,202,12,19581027,300,10
13441,1958,202,15,19580529,149,10
13441,1958,202,18,19580607,158,10
13441,1958,202,21,19580820,232,10
13441,1958,202,23,19580822,234,10
13441,1958,203,10,19580928,271,10
13441,1958,203,12,19580928,271,10
13441,1958,203,15,19580526,146,10
13441,1958,203,18,19580603,154,10
13441,1958,203,21,19580810,222,10
13441,1958,203,23,19580811,223,10
13441,1958,203,6,19580610,161,10
13441,1958,204,10,19580910,253,10
13441,1958,204,12,19580910,253,10
13441,1958,204,15,19580523,143,10
13441,1958,204,18,19580604,155,10
13441,1958,204,21,19580722,203,10
13441,1958,204,23,19580723,204,10
13441,1958,205,10,19580902,245,10
13441,1958,205,12,19580902,245,10
13441,1958,205,24,19580720,201,10
13441,1958,205,5,19580524,144,10
13441,1958,207,10,19580407,97,10
13441,1958,207,12,19580427,117,10
13441,1958,207,15,19580518,138,10
13441,1958,207,18,19580529,149,10
13441,1958,207,21,19580816,228,10
13441,1958,207,23,19580819,231,10
13441,1958,208,10,19580408,98,10
13441,1958,208,12,19580426,116,10
13441,1958,208,15,19580521,141,10
13441,1958,208,21,19580818,230,10
13441,1958,208,23,19580820,232,10
13441,1958,208,66,19580603,154,10
13441,1958,252,10,19580513,133,10
13441,1958,252,12,19580529,149,10
13441,1958,252,24,19581002,275,10
13441,1958,253,10,19580510,130,10
13441,1958,253,12,19580525,145,10
13441,1958,253,24,19580525,145,10
13441,1958,310,5,19580519,139,10
13441,1958,310,6,19580523,143,10
13441,1958,310,7,19580527,147,10
13441,1958,311,29,19580817,229,10
13441,1958,313,29,19580927,270,10
13441,1958,320,5,19580517,137,10
13441,1958,320,6,19580521,141,10
13441,1958,320,7,19580525,145,10
13441,1958,321,29,19580825,237,10
13441,1958,330,5,19580506,126,10
13441,1958,330,6,19580508,128,10
13441,1958,330,7,19580511,131,10
13441,1958,332,29,19580629,180,10
13441,1958,340,29,19580724,205,10
13441,1958,340,5,19580512,132,10
13441,1958,340,6,19580515,135,10
13441,1958,340,7,19580519,139,10
13441,1958,350,29,19580630,181,10
13441,1958,350,4,19580426,116,10
13441,1958,350,5,19580430,120,10
13441,1958,371,29,19580814,226,10
13441,1959,102,5,19590321,80,10
13441,1959,105,61,19590328,87,10
13441,1959,107,8,19590509,129,10
13441,1959,108,5,19590424,114,10
13441,1959,112,31,19591005,278,10
13441,1959,112,32,19591024,297,10
13441,1959,112,4,19590425,115,10
13441,1959,113,5,19590211,42,10
13441,1959,114,5,19590723,204,10
13441,1959,115,5,19590826,238,10
13441,1959,116,5,19590302,61,10
13441,1959,120,5,19590405,95,10
13441,1959,122,31,19591010,283,10
13441,1959,122,32,19591026,299,10
13441,1959,122,4,19590406,96,10
13441,1959,122,5,19590425,115,10
13441,1959,122,62,19590928,271,10
13441,1959,123,31,19590930,273,10
13441,1959,123,32,19591023,296,10
13441,1959,123,4,19590409,99,10
13441,1959,124,5,19590303,62,10
13441,1959,125,5,19590412,102,10
13441,1959,127,5,19590224,55,10
13441,1959,129,5,19590526,146,10
13441,1959,129,62,19590821,233,10
13441,1959,132,31,19591018,291,10
13441,1959,132,4,19590416,106,10
13441,1959,137,5,19590618,169,10
13441,1959,138,5,19590410,100,10
13441,1959,201,25,19590612,163,10
13441,1959,201,27,19590828,240,10
13441,1959,202,23,19590721,202,10
13441,1959,203,10,19591027,300,10
13441,1959,203,15,19590501,121,10
13441,1959,203,18,19590516,136,10
13441,1959,203,23,19590714,195,10
13441,1959,203,6,19590613,164,10
13441,1959,204,15,19590507,127,10
13441,1959,204,18,19590526,146,10
13441,1959,204,23,19590629,180,10
13441,1959,205,24,19590623,174,10
13441,1959,205,5,19590419,109,10
13441,1959,207,10,19590310,69,10
13441,1959,208,10,19590310,69,10
13441,1959,208,12,19590401,91,10
13441,1959,208,23,19590717,198,10
13441,1959,208,66,19590612,163,10
13441,1959,243,24,19590726,207,10
13441,1959,243,5,19590629,180,10
13441,1959,252,12,19590428,118,10
13441,1959,252,24,19591003,276,10
13441,1959,253,24,19591006,279,10
13441,1959,310,5,19590426,116,10
13441,1959,310,6,19590429,119,10
13441,1959,310,7,19590505,125,10
13441,1959,311,29,19590720,201,10
13441,1959,330,5,19590417,107,10
13441,1959,330,6,19590420,110,10
13441,1959,330,7,19590430,120,10
13441,1959,331,29,19590608,159,10
13441,1959,340,29,19590709,190,10
13441,1959,340,5,19590421,111,10
13441,1959,340,6,19590424,114,10
13441,1959,340,7,19590503,123,10
13441,1959,350,29,19590701,182,10
13441,1959,350,4,19590316,75,10
13441,1959,350,5,19590401,91,10
13441,1959,372,29,19590913,256,10
13441,1961,103,5,19610619,170,10
13441,1961,103,62,19610927,270,10
13441,1961,108,5,19610428,118,10
13441,1961,112,4,19610410,100,10
13441,1961,114,5,19610811,223,10
13441,1961,115,5,19610917,260,10
13441,1961,116,5,19610310,69,10
13441,1961,117,5,19610603,154,10
13441,1961,117,62,19610910,253,10
13441,1961,120,5,19610323,82,10
13441,1961,121,5,19610620,171,10
13441,1961,122,31,19611010,283,10
13441,1961,122,4,19610415,105,10
13441,1961,122,5,19610426,116,10
13441,1961,122,62,19610924,267,10
13441,1961,123,31,19611019,292,10
13441,1961,123,4,19610419,109,10
13441,1961,125,5,19610403,93,10
13441,1961,129,5,19610603,154,10
13441,1961,129,62,19610912,255,10
13441,1961,130,5,19610624,175,10
13441,1961,132,31,19611024,297,10
13441,1961,135,6,19610612,163,10
13441,1961,136,6,19610610,161,10
13441,1961,138,5,19610425,115,10
13441,1961,201,25,19610615,166,10
13441,1961,202,10,19611021,294,10
13441,1961,202,12,19611127,331,10
13441,1961,202,23,19610823,235,10
13441,1961,203,10,19610930,273,10
13441,1961,203,12,19611011,284,10
13441,1961,203,23,19610809,221,10
13441,1961,203,6,19610610,161,10
13441,1961,204,10,19610916,259,10
13441,1961,204,12,19610929,272,10
13441,1961,204,21,19610710,191,10
13441,1961,204,23,19610714,195,10
13441,1961,205,10,19610827,239,10
13441,1961,205,12,19610910,253,10
13441,1961,205,24,19610718,199,10
13441,1961,205,5,19610506,126,10
13441,1961,207,23,19610810,222,10
13441,1961,208,23,19610826,238,10
13441,1961,252,24,19611013,286,10
13441,1961,253,24,19611020,293,10
13441,1961,310,5,19610426,116,10
13441,1961,311,29,19610726,207,10
13441,1961,313,29,19611103,307,10
13441,1961,320,5,19610428,118,10
13441,1961,321,29,19610729,210,10
13441,1961,330,5,19610405,95,10
13441,1961,331,29,19610620,171,10
13441,1961,340,29,19610720,201,10
13441,1961,340,5,19610416,106,10
13441,1961,350,29,19610703,184,10
13441,1961,371,29,19610805,217,10
13441,1961,372,29,19610907,250,10
13441,1966,107,8,19660506,126,10
13441,1966,108,5,19660507,127,10
13441,1966,112,4,19660423,113,10
13441,1966,113,5,19660220,51,10
13441,1966,114,5,19660722,203,10
13441,1966,115,5,19660922,265,10
13441,1966,116,5,19660302,61,10
13441,1966,117,5,19660521,141,10
13441,1966,117,62,19660910,253,10
13441,1966,118,8,19660508,128,10
13441,1966,120,5,19660411,101,10
13441,1966,122,4,19660420,110,10
13441,1966,122,5,19660513,133,10
13441,1966,122,62,19660922,265,10
13441,1966,123,31,19660924,267,10
13441,1966,124,5,19660315,74,10
13441,1966,125,5,19660424,114,10
13441,1966,127,5,19660220,51,10
13441,1966,128,4,19660418,108,10
13441,1966,128,5,19660227,58,10
13441,1966,129,5,19660524,144,10
13441,1966,129,62,19660906,249,10
13441,1966,130,4,19660420,110,10
13441,1966,130,5,19660612,163,10
13441,1966,135,6,19660601,152,10
13441,1966,136,6,19660601,152,10
13441,1966,138,5,19660516,136,10
13441,1966,201,25,19660526,146,10
13441,1966,202,12,19661124,328,10
13441,1966,202,24,19660818,230,10
13441,1966,203,10,19660923,266,10
13441,1966,203,12,19661018,291,10
13441,1966,203,15,19660506,126,10
13441,1966,203,18,19660521,141,10
13441,1966,203,24,19660723,204,10
13441,1966,204,10,19660920,263,10
13441,1966,204,12,19661007,280,10
13441,1966,204,21,19660711,192,10
13441,1966,204,24,19660721,202,10
13441,1966,205,5,19660425,115,10
13441,1966,206,10,19660308,67,10
13441,1966,207,10,19660305,64,10
13441,1966,208,10,19660308,67,10
13441,1966,215,10,19660508,128,10
13441,1966,215,12,19660521,141,10
13441,1966,215,24,19660917,260,10
13441,1966,252,10,19660507,127,10
13441,1966,252,12,19660516,136,10
13441,1966,252,24,19661008,281,10
13441,1966,253,10,19660504,124,10
13441,1966,253,12,19660518,138,10
13441,1966,310,7,19660503,123,10
13441,1966,311,29,19660727,208,10
13441,1966,320,7,19660504,124,10
13441,1966,330,5,19660429,119,10
13441,1966,331,29,19660621,172,10
13441,1966,332,29,19660627,178,10
13441,1966,340,29,19660710,191,10
13441,1966,340,5,19660424,114,10
13441,1966,340,7,19660509,129,10
13441,1966,350,4,19660326,85,10
13441,1966,372,29,19660916,259,10
13441,1967,102,5,19670410,100,10
13441,1967,107,8,19670507,127,10
13441,1967,108,5,19670510,130,10
13441,1967,112,31,19670927,270,10
13441,1967,112,4,19670502,122,10
13441,1967,113,5,19670206,37,10
13441,1967,114,5,19670723,204,10
13441,1967,115,5,19670820,232,10
13441,1967,116,5,19670302,61,10
13441,1967,117,62,19670829,241,10
13441,1967,118,8,19670505,125,10
13441,1967,120,5,19670420,110,10
13441,1967,122,31,19671010,283,10
13441,1967,122,4,19670406,96,10
13441,1967,122,5,19670513,133,10
13441,1967,122,62,19670922,265,10
13441,1967,123,31,19671001,274,10
13441,1967,123,4,19670418,108,10
13441,1967,127,5,19670220,51,10
13441,1967,129,5,19670618,169,10
13441,1967,129,62,19670821,233,10
13441,1967,130,4,19670421,111,10
13441,1967,130,5,19670618,169,10
13441,1967,132,31,19671008,281,10
13441,1967,132,5,19670522,142,10
13441,1967,135,6,19670526,146,10
13441,1967,136,6,19670616,167,10
13441,1967,138,5,19670601,152,10
13441,1967,201,25,19670605,156,10
13441,1967,202,10,19671013,286,10
13441,1967,202,12,19671028,301,10
13441,1967,202,18,19670625,176,10
13441,1967,202,23,19670810,222,10
13441,1967,202,24,19670810,222,10
13441,1967,203,10,19670925,268,10
13441,1967,203,12,19671003,276,10
13441,1967,203,15,19670421,111,10
13441,1967,203,18,19670518,138,10
13441,1967,203,23,19670810,222,10
13441,1967,203,24,19670810,222,10
13441,1967,204,12,19670923,266,10
13441,1967,204,18,19670512,132,10
13441,1967,204,23,19670722,203,10
13441,1967,204,24,19670722,203,10
13441,1967,205,10,19670819,231,10
13441,1967,205,24,19670717,198,10
13441,1967,205,5,19670505,125,10
13441,1967,206,10,19670207,38,10
13441,1967,206,12,19670330,89,10
13441,1967,206,18,19670622,173,10
13441,1967,206,23,19670811,223,10
13441,1967,207,10,19670308,67,10
13441,1967,207,12,19670320,79,10
13441,1967,207,18,19670611,162,10
13441,1967,207,23,19670811,223,10
13441,1967,207,24,19670811,223,10
13441,1967,208,10,19670307,66,10
13441,1967,208,12,19670403,93,10
13441,1967,208,66,19670706,187,10
13441,1967,252,10,19670428,118,10
13441,1967,252,12,19670515,135,10
13441,1967,252,24,19670928,271,10
13441,1967,311,29,19670813,225,10
13441,1967,321,29,19670822,234,10
13441,1967,330,5,19670429,119,10
13441,1967,331,29,19670703,184,10
13441,1967,332,29,19670730,211,10
13441,1967,340,29,19670725,206,10
13441,1967,340,5,19670511,131,10
13441,1967,350,29,19670713,194,10
13441,1967,350,5,19670419,109,10
13441,1967,371,29,19670823,235,10
13441,1968,107,8,19680427,117,10
13441,1968,108,5,19680503,123,10
13441,1968,112,4,19680420,110,10
13441,1968,114,5,19680816,228,10
13441,1968,115,5,19680926,269,10
13441,1968,116,5,19680401,91,10
13441,1968,117,62,19680909,252,10
13441,1968,120,5,19680423,113,10
13441,1968,122,31,19680914,257,10
13441,1968,123,31,19681009,282,10
13441,1968,123,4,19680413,103,10
13441,1968,125,5,19680418,108,10
13441,1968,127,5,19680315,74,10
13441,1968,129,62,19680823,235,10
13441,1968,130,4,19680420,110,10
13441,1968,132,4,19680425,115,10
13441,1968,202,10,19681014,287,10
13441,1968,202,12,19681027,300,10
13441,1968,203,10,19680929,272,10
13441,1968,203,12,19681011,284,10
13441,1968,203,15,19680524,144,10
13441,1968,203,21,19680729,210,10
13441,1968,203,24,19680804,216,10
13441,1968,203,6,19680627,178,10
13441,1968,204,10,19680911,254,10
13441,1968,204,12,19680920,263,10
13441,1968,204,18,19680522,142,10
13441,1968,204,24,19680721,202,10
13441,1968,205,10,19680814,226,10
13441,1968,205,12,19680901,244,10
13441,1968,205,24,19680710,191,10
13441,1968,205,5,19680501,121,10
13441,1968,206,10,19680325,84,10
13441,1968,206,12,19680409,99,10
13441,1968,207,10,19680327,86,10
13441,1968,207,12,19680412,102,10
13441,1968,207,21,19680809,221,10
13441,1968,207,24,19680811,223,10
13441,1968,208,10,19680326,85,10
13441,1968,208,12,19680412,102,10
13441,1968,215,10,19680524,144,10
13441,1968,252,10,19680417,107,10
13441,1968,252,12,19680519,139,10
13441,1968,311,29,19680813,225,10
13441,1968,320,5,19680423,113,10
13441,1968,330,5,19680418,108,10
13441,1968,330,7,19680501,121,10
13441,1968,340,29,19680802,214,10
13441,1968,340,5,19680424,114,10
13441,1968,340,7,19680504,124,10
13441,1968,350,4,19680414,104,10
13441,1968,350,5,19680422,112,10
13441,1969,114,5,19690825,237,10
13441,1969,115,5,19690919,262,10
13441,1969,123,4,19690505,125,10
13441,1969,125,5,19690504,124,10
13441,1969,135,6,19690622,173,10
13441,1969,136,6,19690624,175,10
13441,1969,202,10,19691005,278,10
13441,1969,202,12,19691019,292,10
13441,1969,202,21,19690822,234,10
13441,1969,202,24,19690831,243,10
13441,1969,203,10,19690920,263,10
13441,1969,203,12,19691001,274,10
13441,1969,203,21,19690816,228,10
13441,1969,203,24,19690812,224,10
13441,1969,204,10,19690911,254,10
13441,1969,204,21,19690801,213,10
13441,1969,204,24,19690730,211,10
13441,1969,205,10,19690902,245,10
13441,1969,205,12,19690910,253,10
13441,1969,205,24,19690731,212,10
13441,1969,206,10,19690412,102,10
13441,1969,206,12,19690424,114,10
13441,1969,206,21,19690830,242,10
13441,1969,207,10,19690409,99,10
13441,1969,207,12,19690420,110,10
13441,1969,207,21,19690819,231,10
13441,1969,208,10,19690410,100,10
13441,1969,208,12,19690422,112,10
13441,1969,208,24,19690831,243,10
13441,1969,215,10,19690528,148,10
13441,1969,252,10,19690528,148,10
13441,1969,252,24,19691010,283,10
13441,1969,253,24,19691110,314,10
13441,1970,103,62,19700831,243,10
13441,1970,107,8,19700516,136,10
13441,1970,112,4,19700502,122,10
13441,1970,113,5,19700310,69,10
13441,1970,114,5,19700901,244,10
13441,1970,115,5,19700906,249,10
13441,1970,116,5,19700413,103,10
13441,1970,117,5,19700610,161,10
13441,1970,117,62,19700903,246,10
13441,1970,120,5,19700501,121,10
13441,1970,122,31,19700915,258,10
13441,1970,122,4,19700502,122,10
13441,1970,122,62,19700930,273,10
13441,1970,123,31,19701010,283,10
13441,1970,123,4,19700430,120,10
13441,1970,123,5,19700507,127,10
13441,1970,123,62,19700927,270,10
13441,1970,124,5,19700413,103,10
13441,1970,125,5,19700510,130,10
13441,1970,127,5,19700323,82,10
13441,1970,128,5,19700417,107,10
13441,1970,129,5,19700615,166,10
13441,1970,129,62,19700923,266,10
13441,1970,130,4,19700512,132,10
13441,1970,130,5,19700627,178,10
13441,1970,132,31,19701008,281,10
13441,1970,132,62,19700922,265,10
13441,1970,135,6,19700628,179,10
13441,1970,136,6,19700701,182,10
13441,1970,137,5,19700716,197,10
13441,1970,202,10,19701015,288,10
13441,1970,202,12,19701028,301,10
13441,1970,202,18,19700522,142,10
13441,1970,202,21,19700825,237,10
13441,1970,202,24,19700822,234,10
13441,1970,203,10,19700930,273,10
13441,1970,203,12,19701012,285,10
13441,1970,203,15,19700516,136,10
13441,1970,203,18,19700525,145,10
13441,1970,203,21,19700819,231,10
13441,1970,203,24,19700819,231,10
13441,1970,203,6,19700607,158,10
13441,1970,204,10,19700912,255,10
13441,1970,204,12,19700921,264,10
13441,1970,204,18,19700511,131,10
13441,1970,204,21,19700728,209,10
13441,1970,205,10,19700827,239,10
13441,1970,205,12,19700902,245,10
13441,1970,205,5,19700523,143,10
13441,1970,206,10,19700419,109,10
13441,1970,206,12,19700502,122,10
13441,1970,206,18,19700708,189,10
13441,1970,206,21,19700817,229,10
13441,1970,206,24,19700829,241,10
13441,1970,207,10,19700404,94,10
13441,1970,207,12,19700422,112,10
13441,1970,207,18,19700530,150,10
13441,1970,207,21,19700827,239,10
13441,1970,208,10,19700404,94,10
13441,1970,208,12,19700420,110,10
13441,1970,208,24,19700903,246,10
13441,1970,208,66,19700620,171,10
13441,1970,215,6,19700818,230,10
13441,1970,252,10,19700511,131,10
13441,1970,252,12,19700526,146,10
13441,1970,252,24,19701010,283,10
13441,1970,253,10,19700515,135,10
13441,1970,253,12,19700607,158,10
13441,1970,253,24,19701011,284,10
13441,1970,310,5,19700518,138,10
13441,1970,311,29,19700813,225,10
13441,1970,320,5,19700516,136,10
13441,1970,320,7,19700522,142,10
13441,1970,321,29,19700822,234,10
13441,1970,322,29,19700917,260,10
13441,1970,330,5,19700506,126,10
13441,1970,330,7,19700515,135,10
13441,1970,331,29,19700619,170,10
13441,1970,332,29,19700627,178,10
13441,1970,340,5,19700511,131,10
13441,1970,340,7,19700528,148,10
13441,1970,350,4,19700421,111,10
13441,1970,350,5,19700509,129,10
13441,1970,371,29,19700823,235,10
13441,1970,372,29,19700906,249,10
13441,1971,103,5,19710529,149,10
13441,1971,103,62,19710901,244,10
13441,1971,107,5,19710522,142,10
13441,1971,107,8,19710428,118,10
13441,1971,108,5,19710511,131,10
13441,1971,112,31,19710927,270,10
13441,1971,112,4,19710422,112,10
13441,1971,113,5,19710227,58,10
13441,1971,114,5,19710816,228,10
13441,1971,115,5,19710928,271,10
13441,1971,116,5,19710313,72,10
13441,1971,117,5,19710602,153,10
13441,1971,117,62,19710905,248,10
13441,1971,118,5,19710607,158,10
13441,1971,120,5,19710429,119,10
13441,1971,121,4,19710519,139,10
13441,1971,121,5,19710604,155,10
13441,1971,122,31,19710917,260,10
13441,1971,122,4,19710424,114,10
13441,1971,122,5,19710517,137,10
13441,1971,122,62,19710908,251,10
13441,1971,123,31,19711009,282,10
13441,1971,123,4,19710425,115,10
13441,1971,123,62,19710929,272,10
13441,1971,124,5,19710331,90,10
13441,1971,125,5,19710427,117,10
13441,1971,127,5,19710210,41,10
13441,1971,128,4,19710423,113,10
13441,1971,128,5,19710319,78,10
13441,1971,129,5,19710605,156,10
13441,1971,129,62,19710924,267,10
13441,1971,130,4,19710422,112,10
13441,1971,130,5,19710618,169,10
13441,1971,131,5,19710511,131,10
13441,1971,132,31,19711004,277,10
13441,1971,132,4,19710514,134,10
13441,1971,132,5,19710512,132,10
13441,1971,132,62,19710923,266,10
13441,1971,135,6,19710605,156,10
13441,1971,136,6,19710614,165,10
13441,1971,137,5,19710609,160,10
13441,1971,138,5,19710601,152,10
13441,1971,201,25,19710605,156,10
13441,1971,202,10,19711016,289,10
13441,1971,202,12,19711028,301,10
13441,1971,202,18,19710528,148,10
13441,1971,202,21,19710812,224,10
13441,1971,202,24,19710822,234,10
13441,1971,203,10,19710927,270,10
13441,1971,203,12,19711005,278,10
13441,1971,203,15,19710511,131,10
13441,1971,203,18,19710608,159,10
13441,1971,203,21,19710801,213,10
13441,1971,203,24,19710812,224,10
13441,1971,203,6,19710628,179,10
13441,1971,204,10,19710912,255,10
13441,1971,204,12,19710921,264,10
13441,1971,204,18,19710523,143,10
13441,1971,204,21,19710807,219,10
13441,1971,204,24,19710714,195,10
13441,1971,205,10,19710829,241,10
13441,1971,205,12,19710902,245,10
13441,1971,205,24,19710721,202,10
13441,1971,206,10,19710331,90,10
13441,1971,206,12,19710416,106,10
13441,1971,206,18,19710710,191,10
13441,1971,206,21,19710810,222,10
13441,1971,206,24,19710906,249,10
13441,1971,207,10,19710311,70,10
13441,1971,207,12,19710405,95,10
13441,1971,207,18,19710525,145,10
13441,1971,207,21,19710812,224,10
13441,1971,207,24,19710813,225,10
13441,1971,208,10,19710312,71,10
13441,1971,208,12,19710413,103,10
13441,1971,208,15,19710522,142,10
13441,1971,208,24,19710905,248,10
13441,1971,215,10,19710522,142,10
13441,1971,215,6,19710823,235,10
13441,1971,252,10,19710419,109,10
13441,1971,252,24,19710928,271,10
13441,1971,253,10,19710417,107,10
13441,1971,253,12,19710601,152,10
13441,1971,253,24,19711010,283,10
13441,1971,310,5,19710505,125,10
13441,1971,310,7,19710515,135,10
13441,1971,311,29,19710814,226,10
13441,1971,313,29,19710919,262,10
13441,1971,320,5,19710506,126,10
13441,1971,320,7,19710518,138,10
13441,1971,321,29,19710820,232,10
13441,1971,322,29,19710917,260,10
13441,1971,330,5,19710422,112,10
13441,1971,330,7,19710508,128,10
13441,1971,331,29,19710629,180,10
13441,1971,332,29,19710720,201,10
13441,1971,340,29,19710727,208,10
13441,1971,340,5,19710424,114,10
13441,1971,340,7,19710512,132,10
13441,1971,350,29,19710713,194,10
13441,1971,350,4,19710404,94,10
13441,1971,350,5,19710414,104,10
13441,1971,371,29,19710823,235,10
13441,1971,372,29,19710907,250,10
13441,1972,107,8,19720427,117,10
13441,1972,108,5,19720502,122,10
13441,1972,112,4,19720410,100,10
13441,1972,113,5,19720219,50,10
13441,1972,114,5,19720817,229,10
13441,1972,116,5,19720327,86,10
13441,1972,117,5,19720601,152,10
13441,1972,118,8,19720504,124,10
13441,1972,120,5,19720416,106,10
13441,1972,121,5,19720616,167,10
13441,1972,122,4,19720419,109,10
13441,1972,122,5,19720521,141,10
13441,1972,123,4,19720409,99,10
13441,1972,125,5,19720420,110,10
13441,1972,127,5,19720222,53,10
13441,1972,129,5,19720604,155,10
13441,1972,130,4,19720412,102,10
13441,1972,130,5,19720624,175,10
13441,1972,132,4,19720430,120,10
13441,1972,135,6,19720612,163,10
13441,1972,136,6,19720622,173,10
13441,1972,137,5,19720630,181,10
13441,1972,138,5,19720606,157,10
13441,1972,201,25,19720604,155,10
13441,1972,202,18,19720621,172,10
13441,1972,202,21,19720720,201,10
13441,1972,203,15,19720514,134,10
13441,1972,203,21,19720728,209,10
13441,1972,203,24,19720803,215,10
13441,1972,204,18,19720606,157,10
13441,1972,204,21,19720704,185,10
13441,1972,204,24,19720720,201,10
13441,1972,205,24,19720810,222,10
13441,1972,205,5,19720514,134,10
13441,1972,206,10,19720303,62,10
13441,1972,206,12,19720331,90,10
13441,1972,206,18,19720630,181,10
13441,1972,206,21,19720729,210,10
13441,1972,206,24,19720904,247,10
13441,1972,207,10,19720212,43,10
13441,1972,207,12,19720319,78,10
13441,1972,207,18,19720527,147,10
13441,1972,207,21,19720722,203,10
13441,1972,208,10,19720213,44,10
13441,1972,208,12,19720319,78,10
13441,1972,215,10,19720514,134,10
13441,1972,215,6,19720912,255,10
13441,1972,252,10,19720501,121,10
13441,1972,252,12,19720519,139,10
13441,1972,253,10,19720322,81,10
13441,1972,253,12,19720519,139,10
13441,1972,310,5,19720430,120,10
13441,1972,310,7,19720512,132,10
13441,1972,320,5,19720502,122,10
13441,1972,320,7,19720515,135,10
13441,1972,330,5,19720418,108,10
13441,1972,330,7,19720429,119,10
13441,1972,332,29,19720715,196,10
13441,1972,340,29,19720723,204,10
13441,1972,340,5,19720501,121,10
13441,1972,340,7,19720515,135,10
13441,1972,350,29,19720802,214,10
13441,1972,350,4,19720324,83,10
13441,1972,350,5,19720410,100,10
13441,1973,103,5,19730518,138,10
13441,1973,103,62,19730805,217,10
13441,1973,107,5,19730504,124,10
13441,1973,107,8,19730515,135,10
13441,1973,108,5,19730525,145,10
13441,1973,112,31,19731010,283,10
13441,1973,114,5,19730809,221,10
13441,1973,115,5,19730829,241,10
13441,1973,117,5,19730614,165,10
13441,1973,117,62,19730917,260,10
13441,1973,118,5,19730609,160,10
13441,1973,118,8,19730517,137,10
13441,1973,121,4,19730519,139,10
13441,1973,121,5,19730613,164,10
13441,1973,122,31,19731012,285,10
13441,1973,122,5,19730521,141,10
13441,1973,122,62,19731007,280,10
13441,1973,123,31,19731014,287,10
13441,1973,123,62,19730921,264,10
13441,1973,129,5,19730613,164,10
13441,1973,129,62,19730902,245,10
13441,1973,130,5,19730619,170,10
13441,1973,132,31,19731016,289,10
13441,1973,132,4,19730513,133,10
13441,1973,132,5,19730516,136,10
13441,1973,132,62,19731005,278,10
13441,1973,135,6,19730618,169,10
13441,1973,136,6,19730618,169,10
13441,1973,137,5,19730626,177,10
13441,1973,138,5,19730520,140,10
13441,1973,201,25,19730530,150,10
13441,1973,202,10,19731107,311,10
13441,1973,202,18,19730609,160,10
13441,1973,202,21,19730731,212,10
13441,1973,202,24,19730803,215,10
13441,1973,203,18,19730518,138,10
13441,1973,203,21,19730729,210,10
13441,1973,203,24,19730811,223,10
13441,1973,203,6,19730608,159,10
13441,1973,204,18,19730520,140,10
13441,1973,204,21,19730713,194,10
13441,1973,204,24,19730717,198,10
13441,1973,206,18,19730613,164,10
13441,1973,206,21,19730806,218,10
13441,1973,206,24,19730817,229,10
13441,1973,207,18,19730609,160,10
13441,1973,207,21,19730729,210,10
13441,1973,207,24,19730804,216,10
13441,1973,208,24,19730808,220,10
13441,1973,208,66,19730621,172,10
13441,1973,252,12,19730512,132,10
13441,1973,252,24,19731013,286,10
13441,1973,311,29,19730714,195,10
13441,1973,313,29,19731014,287,10
13441,1973,322,29,19730915,258,10
13441,1973,340,29,19730718,199,10
13441,1973,350,29,19730719,200,10
13441,1973,372,29,19730904,247,10
13441,1974,102,5,19740330,89,10
13441,1974,103,5,19740517,137,10
13441,1974,103,62,19740819,231,10
13441,1974,107,5,19740504,124,10
13441,1974,107,8,19740504,124,10
13441,1974,108,5,19740512,132,10
13441,1974,112,31,19740927,270,10
13441,1974,112,4,19740330,89,10
13441,1974,113,5,19740211,42,10
13441,1974,116,5,19740305,64,10
13441,1974,117,5,19740614,165,10
13441,1974,117,62,19740924,267,10
13441,1974,118,5,19740530,150,10
13441,1974,118,8,19740516,136,10
13441,1974,120,5,19740405,95,10
13441,1974,121,4,19740602,153,10
13441,1974,122,31,19741004,277,10
13441,1974,122,4,19740410,100,10
13441,1974,122,5,19740521,141,10
13441,1974,122,62,19740924,267,10
13441,1974,123,4,19740405,95,10
13441,1974,123,5,19740504,124,10
13441,1974,123,62,19740918,261,10
13441,1974,124,5,19740315,74,10
13441,1974,125,5,19740405,95,10
13441,1974,127,5,19740207,38,10
13441,1974,128,4,19740406,96,10
13441,1974,128,5,19740321,80,10
13441,1974,129,5,19740609,160,10
13441,1974,129,62,19740912,255,10
13441,1974,130,4,19740406,96,10
13441,1974,130,5,19740712,193,10
13441,1974,132,31,19741026,299,10
13441,1974,132,4,19740509,129,10
13441,1974,132,5,19740510,130,10
13441,1974,132,62,19741014,287,10
13441,1974,135,6,19740617,168,10
13441,1974,136,6,19740615,166,10
13441,1974,137,5,19740715,196,10
13441,1974,138,5,19740519,139,10
13441,1974,201,25,19740527,147,10
13441,1974,204,10,19740915,258,10
13441,1974,204,12,19740930,273,10
13441,1974,205,10,19740816,228,10
13441,1974,205,12,19740905,248,10
13441,1974,206,10,19740201,32,10
13441,1974,206,12,19740319,78,10
13441,1974,206,21,19740823,235,10
13441,1974,208,24,19740823,235,10
13441,1974,252,10,19740403,93,10
13441,1974,252,12,19740422,112,10
13441,1974,252,24,19741021,294,10
13441,1974,310,5,19740420,110,10
13441,1974,310,7,19740510,130,10
13441,1974,313,29,19741018,291,10
13441,1974,320,5,19740412,102,10
13441,1974,320,7,19740430,120,10
13441,1974,322,29,19741015,288,10
13441,1974,330,5,19740414,104,10
13441,1974,330,7,19740422,112,10
13441,1974,332,29,19740711,192,10
13441,1974,340,29,19740714,195,10
13441,1974,340,5,19740414,104,10
13441,1974,340,7,19740425,115,10
13441,1974,350,29,19740722,203,10
13441,1974,350,4,19740326,85,10
13441,1974,350,5,19740404,94,10
13441,1974,372,29,19741008,281,10
13441,1975,102,5,19750413,103,10
13441,1975,107,8,19750523,143,10
13441,1975,108,5,19750515,135,10
13441,1975,112,31,19750923,266,10
13441,1975,112,4,19750425,115,10
13441,1975,113,5,19750211,42,10
13441,1975,114,5,19750804,216,10
13441,1975,115,5,19750905,248,10
13441,1975,116,5,19750228,59,10
13441,1975,117,5,19750608,159,10
13441,1975,117,62,19750919,262,10
13441,1975,118,8,19750523,143,10
13441,1975,120,5,19750415,105,10
13441,1975,122,31,19750911,254,10
13441,1975,122,4,19750426,116,10
13441,1975,122,5,19750515,135,10
13441,1975,123,31,19750914,257,10
13441,1975,123,4,19750427,117,10
13441,1975,124,5,19750226,57,10
13441,1975,125,5,19750421,111,10
13441,1975,127,5,19750212,43,10
13441,1975,128,4,19750418,108,10
13441,1975,129,5,19750609,160,10
13441,1975,129,62,19750918,261,10
13441,1975,130,4,19750424,114,10
13441,1975,130,5,19750624,175,10
13441,1975,132,31,19750927,270,10
13441,1975,132,4,19750510,130,10
13441,1975,135,6,19750618,169,10
13441,1975,136,6,19750618,169,10
13441,1975,137,5,19750629,180,10
13441,1975,138,5,19750512,132,10
13441,1975,201,25,19750603,154,10
13441,1975,202,10,19750924,267,10
13441,1975,202,12,19751004,277,10
13441,1975,202,18,19750619,170,10
13441,1975,202,21,19750807,219,10
13441,1975,203,18,19750522,142,10
13441,1975,203,21,19750813,225,10
13441,1975,203,24,19750816,228,10
13441,1975,203,6,19750616,167,10
13441,1975,204,10,19750910,253,10
13441,1975,204,12,19750921,264,10
13441,1975,204,18,19750516,136,10
13441,1975,204,21,19750714,195,10
13441,1975,204,24,19750721,202,10
13441,1975,205,24,19750720,201,10
13441,1975,205,5,19750429,119,10
13441,1975,206,10,19750317,76,10
13441,1975,206,12,19750424,114,10
13441,1975,206,18,19750623,174,10
13441,1975,206,21,19750808,220,10
13441,1975,206,24,19750815,227,10
13441,1975,207,10,19750327,86,10
13441,1975,207,12,19750415,105,10
13441,1975,207,18,19750612,163,10
13441,1975,207,21,19750802,214,10
13441,1975,207,24,19750807,219,10
13441,1975,208,10,19750308,67,10
13441,1975,208,12,19750414,104,10
13441,1975,208,24,19750817,229,10
13441,1975,208,66,19750628,179,10
13441,1975,215,10,19750506,126,10
13441,1975,215,24,19750913,256,10
13441,1975,215,6,19750812,224,10
13441,1975,252,10,19750428,118,10
13441,1975,252,12,19750509,129,10
13441,1975,252,24,19751004,277,10
13441,1975,253,10,19750430,120,10
13441,1975,253,12,19750508,128,10
13441,1975,253,24,19750925,268,10
13441,1975,310,5,19750510,130,10
13441,1975,310,7,19750523,143,10
13441,1975,311,29,19750806,218,10
13441,1975,313,29,19751002,275,10
13441,1975,320,5,19750424,114,10
13441,1975,320,7,19750512,132,10
13441,1975,322,29,19750915,258,10
13441,1975,330,5,19750430,120,10
13441,1975,330,7,19750513,133,10
13441,1975,331,29,19750629,180,10
13441,1975,332,29,19750717,198,10
13441,1975,340,29,19750723,204,10
13441,1975,340,5,19750507,127,10
13441,1975,340,7,19750524,144,10
13441,1975,350,29,19750711,192,10
13441,1975,350,4,19750502,122,10
13441,1975,350,5,19750510,130,10
13441,1975,371,29,19750827,239,10
13441,1975,372,29,19750912,255,10
13441,1976,102,5,19760412,102,10
13441,1976,112,31,19760930,273,10
13441,1976,112,4,19760418,108,10
13441,1976,113,5,19760229,59,10
13441,1976,114,5,19760806,218,10
13441,1976,115,5,19760908,251,10
13441,1976,116,5,19760321,80,10
13441,1976,117,5,19760615,166,10
13441,1976,117,62,19760910,253,10
13441,1976,120,5,19760420,110,10
13441,1976,121,4,19760621,172,10
13441,1976,121,5,19760617,168,10
13441,1976,122,4,19760419,109,10
13441,1976,123,31,19760930,273,10
13441,1976,123,4,19760430,120,10
13441,1976,124,5,19760404,94,10
13441,1976,125,5,19760503,123,10
13441,1976,127,5,19760228,59,10
13441,1976,129,5,19760613,164,10
13441,1976,130,4,19760429,119,10
13441,1976,130,5,19760621,172,10
13441,1976,135,6,19760612,163,10
13441,1976,136,6,19760604,155,10
13441,1976,137,5,19760624,175,10
13441,1976,201,25,19760609,160,10
13441,1976,202,10,19760925,268,10
13441,1976,202,12,19761005,278,10
13441,1976,202,18,19760610,161,10
13441,1976,202,21,19760729,210,10
13441,1976,204,21,19760703,184,10
13441,1976,204,24,19760708,189,10
13441,1976,206,10,19760303,62,10
13441,1976,206,12,19760411,101,10
13441,1976,206,18,19760618,169,10
13441,1976,206,21,19760806,218,10
13441,1976,206,24,19760811,223,10
13441,1976,207,10,19760304,63,10
13441,1976,207,12,19760411,101,10
13441,1976,207,18,19760609,160,10
13441,1976,207,21,19760722,203,10
13441,1976,207,24,19760727,208,10
13441,1976,208,66,19760620,171,10
13441,1976,252,10,19760414,104,10
13441,1976,252,24,19761006,279,10
13441,1976,253,10,19760414,104,10
13441,1976,253,24,19760905,248,10
13441,1976,310,5,19760511,131,10
13441,1976,310,7,19760516,136,10
13441,1976,313,29,19761014,287,10
13441,1976,320,5,19760506,126,10
13441,1976,320,7,19760513,133,10
13441,1976,322,29,19760915,258,10
13441,1976,330,5,19760502,122,10
13441,1976,330,7,19760513,133,10
13441,1976,331,29,19760623,174,10
13441,1976,340,29,19760715,196,10
13441,1976,340,5,19760505,125,10
13441,1976,340,7,19760513,133,10
13441,1976,350,29,19760714,195,10
13441,1976,350,4,19760417,107,10
13441,1976,350,5,19760423,113,10
13441,1976,371,29,19760902,245,10
13441,1976,372,29,19760911,254,10
13441,1977,102,5,19770323,82,10
13441,1977,112,31,19770919,262,10
13441,1977,112,4,19770415,105,10
13441,1977,113,5,19770215,46,10
13441,1977,114,5,19770819,231,10
13441,1977,115,5,19770913,256,10
13441,1977,116,5,19770310,69,10
13441,1977,117,5,19770621,172,10
13441,1977,120,5,19770414,104,10
13441,1977,122,31,19770928,271,10
13441,1977,122,4,19770430,120,10
13441,1977,123,31,19770919,262,10
13441,1977,123,4,19770427,117,10
13441,1977,125,5,19770404,94,10
13441,1977,127,5,19770221,52,10
13441,1977,128,4,19770424,114,10
13441,1977,129,5,19770609,160,10
13441,1977,129,62,19770912,255,10
13441,1977,130,4,19770422,112,10
13441,1977,130,5,19770614,165,10
13441,1977,132,31,19770922,265,10
13441,1977,135,6,19770604,155,10
13441,1977,136,6,19770602,153,10
13441,1977,137,5,19770610,161,10
13441,1977,201,25,19770601,152,10
13441,1977,202,18,19770607,158,10
13441,1977,202,21,19770909,252,10
13441,1977,204,10,19770914,257,10
13441,1977,204,12,19770923,266,10
13441,1977,207,10,19770317,76,10
13441,1977,207,12,19770403,93,10
13441,1977,207,18,19770611,162,10
13441,1977,207,21,19770801,213,10
13441,1977,252,10,19770430,120,10
13441,1977,252,24,19771111,315,10
13441,1977,310,5,19770507,127,10
13441,1977,310,7,19770522,142,10
13441,1977,311,29,19770816,228,10
13441,1977,313,29,19771030,303,10
13441,1977,320,5,19770422,112,10
13441,1977,320,7,19770512,132,10
13441,1977,321,29,19770908,251,10
13441,1977,322,29,19771015,288,10
13441,1977,330,5,19770426,116,10
13441,1977,330,7,19770510,130,10
13441,1977,331,29,19770627,178,10
13441,1977,332,29,19770705,186,10
13441,1977,340,29,19770721,202,10
13441,1977,340,5,19770428,118,10
13441,1977,340,7,19770506,126,10
13441,1977,350,29,19770720,201,10
13441,1977,350,4,19770323,82,10
13441,1977,350,5,19770406,96,10
13441,1977,371,29,19770902,245,10
13441,1977,372,29,19770926,269,10
13441,1978,102,5,19780405,95,10
13441,1978,103,5,19780518,138,10
13441,1978,103,62,19780826,238,10
13441,1978,107,5,19780504,124,10
13441,1978,107,8,19780515,135,10
13441,1978,108,5,19780528,148,10
13441,1978,112,31,19780919,262,10
13441,1978,112,4,19780423,113,10
13441,1978,113,5,19780302,61,10
13441,1978,115,5,19780913,256,10
13441,1978,116,5,19780309,68,10
13441,1978,117,5,19780613,164,10
13441,1978,117,62,19780916,259,10
13441,1978,118,5,19780602,153,10
13441,1978,118,8,19780510,130,10
13441,1978,120,5,19780408,98,10
13441,1978,121,4,19780519,139,10
13441,1978,121,5,19780613,164,10
13441,1978,122,31,19780925,268,10
13441,1978,122,4,19780428,118,10
13441,1978,122,5,19780519,139,10
13441,1978,122,62,19780920,263,10
13441,1978,123,31,19780929,272,10
13441,1978,123,62,19781002,275,10
13441,1978,124,5,19780306,65,10
13441,1978,125,5,19780422,112,10
13441,1978,127,5,19780227,58,10
13441,1978,128,4,19780520,140,10
13441,1978,128,5,19780310,69,10
13441,1978,129,5,19780605,156,10
13441,1978,129,62,19780913,256,10
13441,1978,130,4,19780505,125,10
13441,1978,130,5,19780620,171,10
13441,1978,132,31,19781015,288,10
13441,1978,132,4,19780519,139,10
13441,1978,132,5,19780515,135,10
13441,1978,132,62,19780929,272,10
13441,1978,135,6,19780601,152,10
13441,1978,136,6,19780603,154,10
13441,1978,137,5,19780626,177,10
13441,1978,138,5,19780519,139,10
13441,1978,203,10,19781014,287,10
13441,1978,203,12,19781027,300,10
13441,1978,204,18,19780520,140,10
13441,1978,204,21,19780725,206,10
13441,1978,204,24,19780727,208,10
13441,1978,207,10,19780406,96,10
13441,1978,207,12,19780421,111,10
13441,1978,207,18,19780614,165,10
13441,1978,207,21,19780806,218,10
13441,1978,207,24,19780821,233,10
13441,1978,208,10,19780405,95,10
13441,1978,310,5,19780508,128,10
13441,1978,310,7,19780527,147,10
13441,1978,311,29,19780822,234,10
13441,1978,313,29,19781016,289,10
13441,1978,320,5,19780506,126,10
13441,1978,320,7,19780523,143,10
13441,1978,321,29,19780908,251,10
13441,1978,322,29,19781018,291,10
13441,1978,330,5,19780428,118,10
13441,1978,330,7,19780519,139,10
13441,1978,332,29,19780726,207,10
13441,1978,340,29,19780731,212,10
13441,1978,340,5,19780502,122,10
13441,1978,340,7,19780522,142,10
13441,1978,350,29,19780722,203,10
13441,1978,350,4,19780409,99,10
13441,1978,350,5,19780414,104,10
13441,1978,371,29,19780912,255,10
13441,1978,372,29,19780928,271,10
13441,1979,102,5,19790412,102,10
13441,1979,103,5,19790516,136,10
13441,1979,107,5,19790601,152,10
13441,1979,107,8,19790516,136,10
13441,1979,108,5,19790523,143,10
13441,1979,112,4,19790427,117,10
13441,1979,113,5,19790322,81,10
13441,1979,116,5,19790326,85,10
13441,1979,117,5,19790609,160,10
13441,1979,118,5,19790606,157,10
13441,1979,118,8,19790518,138,10
13441,1979,120,5,19790509,129,10
13441,1979,121,4,19790520,140,10
13441,1979,121,5,19790603,154,10
13441,1979,122,4,19790426,116,10
13441,1979,122,5,19790519,139,10
13441,1979,124,5,19790415,105,10
13441,1979,125,5,19790515,135,10
13441,1979,127,5,19790308,67,10
13441,1979,128,4,19790429,119,10
13441,1979,128,5,19790408,98,10
13441,1979,129,5,19790608,159,10
13441,1979,130,4,19790510,130,10
13441,1979,130,5,19790616,167,10
13441,1979,132,4,19790516,136,10
13441,1979,132,5,19790523,143,10
13441,1979,135,6,19790613,164,10
13441,1979,136,6,19790615,166,10
13441,1979,137,5,19790625,176,10
13441,1979,138,5,19790527,147,10
13441,1979,201,25,19790612,163,10
13441,1979,203,18,19790523,143,10
13441,1979,203,6,19790618,169,10
13441,1979,310,5,19790518,138,10
13441,1979,310,7,19790525,145,10
13441,1979,320,5,19790517,137,10
13441,1979,320,7,19790526,146,10
13441,1979,330,5,19790514,134,10
13441,1979,330,7,19790522,142,10
13441,1979,331,29,19790624,175,10
13441,1979,340,5,19790514,134,10
13441,1979,340,7,19790528,148,10
13441,1979,350,4,19790419,109,10
13441,1979,350,5,19790430,120,10
13441,1980,102,5,19800410,100,10
13441,1980,103,62,19800825,237,10
13441,1980,107,5,19800607,158,10
13441,1980,107,8,19800513,133,10
13441,1980,108,5,19800526,146,10
13441,1980,112,31,19800922,265,10
13441,1980,112,4,19800418,108,10
13441,1980,117,5,19800624,175,10
13441,1980,117,62,19800922,265,10
13441,1980,118,5,19800615,166,10
13441,1980,118,8,19800516,136,10
13441,1980,120,5,19800426,116,10
13441,1980,121,4,19800623,174,10
13441,1980,121,5,19800613,164,10
13441,1980,122,31,19800925,268,10
13441,1980,122,4,19800424,114,10
13441,1980,122,5,19800525,145,10
13441,1980,122,62,19801001,274,10
13441,1980,123,31,19801011,284,10
13441,1980,123,4,19800418,108,10
13441,1980,125,5,19800502,122,10
13441,1980,127,5,19800215,46,10
13441,1980,128,4,19800507,127,10
13441,1980,129,5,19800611,162,10
13441,1980,129,62,19800908,251,10
13441,1980,130,4,19800430,120,10
13441,1980,130,5,19800626,177,10
13441,1980,132,31,19801012,285,10
13441,1980,132,4,19800522,142,10
13441,1980,132,5,19800528,148,10
13441,1980,132,62,19801004,277,10
13441,1980,135,6,19800602,153,10
13441,1980,136,6,19800620,171,10
13441,1980,137,5,19800707,188,10
13441,1980,138,5,19800527,147,10
13441,1980,201,25,19800604,155,10
13441,1980,204,10,19800918,261,10
13441,1980,204,12,19800928,271,10
13441,1980,207,10,19800318,77,10
13441,1980,207,12,19800408,98,10
13441,1980,207,18,19800612,163,10
13441,1980,207,21,19800821,233,10
13441,1980,215,10,19800515,135,10
13441,1980,215,12,19800526,146,10
13441,1980,215,24,19800912,255,10
13441,1980,310,5,19800512,132,10
13441,1980,310,7,19800531,151,10
13441,1980,311,29,19800827,239,10
13441,1980,313,29,19801029,302,10
13441,1980,320,5,19800509,129,10
13441,1980,320,7,19800527,147,10
13441,1980,321,29,19800917,260,10
13441,1980,322,29,19801023,296,10
13441,1980,330,5,19800506,126,10
13441,1980,330,7,19800520,140,10
13441,1980,331,29,19800703,184,10
13441,1980,332,29,19800731,212,10
13441,1980,340,29,19800804,216,10
13441,1980,340,5,19800513,133,10
13441,1980,340,7,19800525,145,10
13441,1980,350,29,19800721,202,10
13441,1980,350,4,19800412,102,10
13441,1980,350,5,19800429,119,10
13441,1980,371,29,19800915,258,10
13441,1980,372,29,19800930,273,10
13443,1952,202,12,19521120,325,10
13443,1953,102,5,19530322,81,10
13443,1953,103,5,19530502,122,10
13443,1953,103,62,19530726,207,10
13443,1953,104,4,19530405,95,10
13443,1953,105,5,19530409,99,10
13443,1953,105,61,19530420,110,10
13443,1953,107,8,19530501,121,10
13443,1953,108,5,19530429,119,10
13443,1953,112,31,19530929,272,10
13443,1953,112,32,19531003,276,10
13443,1953,112,4,19530404,94,10
13443,1953,112,5,19530402,92,10
13443,1953,113,5,19530225,56,10
13443,1953,114,5,19530814,226,10
13443,1953,115,5,19530815,227,10
13443,1953,116,5,19530319,78,10
13443,1953,117,5,19530526,146,10
13443,1953,117,62,19530822,234,10
13443,1953,118,8,19530503,123,10
13443,1953,120,5,19530408,98,10
13443,1953,121,4,19530522,142,10
13443,1953,121,5,19530520,140,10
13443,1953,122,31,19531001,274,10
13443,1953,122,32,19531013,286,10
13443,1953,122,4,19530414,104,10
13443,1953,122,5,19530426,116,10
13443,1953,122,62,19530916,259,10
13443,1953,123,31,19530927,270,10
13443,1953,123,32,19531002,275,10
13443,1953,123,4,19530429,119,10
13443,1953,123,62,19530823,235,10
13443,1953,124,5,19530319,78,10
13443,1953,125,5,19530412,102,10
13443,1953,127,5,19530224,55,10
13443,1953,128,4,19530331,90,10
13443,1953,128,5,19530303,62,10
13443,1953,129,5,19530526,146,10
13443,1953,129,62,19530812,224,10
13443,1953,130,4,19530428,118,10
13443,1953,130,5,19530608,159,10
13443,1953,131,5,19530502,122,10
13443,1953,132,31,19531011,284,10
13443,1953,132,32,19531017,290,10
13443,1953,132,4,19530429,119,10
13443,1953,132,5,19530425,115,10
13443,1953,132,62,19530911,254,10
13443,1953,132,9,19530503,123,10
13443,1953,133,8,19530505,125,10
13443,1953,135,6,19530529,149,10
13443,1953,136,6,19530530,150,10
13443,1953,137,4,19530424,114,10
13443,1953,137,5,19530610,161,10
13443,1953,138,5,19530507,127,10
13443,1953,201,25,19530605,156,10
13443,1953,201,27,19530804,216,10
13443,1953,202,10,19531010,283,10
13443,1953,202,12,19531021,294,10
13443,1953,202,15,19530608,159,10
13443,1953,202,18,19530612,163,10
13443,1953,202,21,19530724,205,10
13443,1953,202,23,19530728,209,10
13443,1953,203,10,19530918,261,10
13443,1953,203,12,19530928,271,10
13443,1953,203,15,19530514,134,10
13443,1953,203,18,19530519,139,10
13443,1953,203,21,19530714,195,10
13443,1953,203,23,19530725,206,10
13443,1953,203,6,19530605,156,10
13443,1953,204,10,19530908,251,10
13443,1953,204,12,19530917,260,10
13443,1953,204,15,19530516,136,10
13443,1953,204,18,19530522,142,10
13443,1953,204,21,19530703,184,10
13443,1953,204,23,19530706,187,10
13443,1953,205,10,19530822,234,10
13443,1953,205,12,19530905,248,10
13443,1953,205,24,19530701,182,10
13443,1953,205,5,19530422,112,10
13443,1953,206,10,19530303,62,10
13443,1953,206,12,19530314,73,10
13443,1953,206,15,19530610,161,10
13443,1953,206,18,19530613,164,10
13443,1953,206,21,19530723,204,10
13443,1953,206,23,19530810,222,10
13443,1953,207,10,19530327,86,10
13443,1953,207,12,19530410,100,10
13443,1953,207,15,19530607,158,10
13443,1953,207,18,19530612,163,10
13443,1953,207,21,19530712,193,10
13443,1953,207,23,19530717,198,10
13443,1953,208,10,19530313,72,10
13443,1953,208,12,19530323,82,10
13443,1953,208,15,19530606,157,10
13443,1953,208,21,19530714,195,10
13443,1953,208,23,19530729,210,10
13443,1953,208,66,19530612,163,10
13443,1953,252,10,19530404,94,10
13443,1953,252,12,19530418,108,10
13443,1953,252,24,19530921,264,10
13443,1953,253,10,19530404,94,10
13443,1953,253,12,19530420,110,10
13443,1953,253,24,19531001,274,10
13443,1953,310,5,19530427,117,10
13443,1953,310,6,19530430,120,10
13443,1953,310,7,19530513,133,10
13443,1953,313,29,19530929,272,10
13443,1953,313,32,19531017,290,10
13443,1953,330,5,19530407,97,10
13443,1953,330,6,19530413,103,10
13443,1953,330,7,19530423,113,10
13443,1953,332,29,19530614,165,10
13443,1953,340,29,19530704,185,10
13443,1953,340,5,19530414,104,10
13443,1953,340,6,19530419,109,10
13443,1953,340,7,19530429,119,10
13443,1953,350,29,19530705,186,10
13443,1953,350,4,19530329,88,10
13443,1953,350,5,19530404,94,10
13443,1953,372,29,19530811,223,10
13443,1954,102,5,19540409,99,10
13443,1954,103,5,19540523,143,10
13443,1954,103,62,19540813,225,10
13443,1954,104,4,19540509,129,10
13443,1954,105,5,19540422,112,10
13443,1954,105,61,19540501,121,10
13443,1954,107,8,19540508,128,10
13443,1954,108,5,19540515,135,10
13443,1954,112,31,19541011,284,10
13443,1954,112,32,19541015,288,10
13443,1954,112,4,19540501,121,10
13443,1954,112,5,19540429,119,10
13443,1954,113,5,19540316,75,10
13443,1954,114,5,19540824,236,10
13443,1954,115,5,19540908,251,10
13443,1954,116,5,19540325,84,10
13443,1954,117,5,19540607,158,10
13443,1954,117,62,19540915,258,10
13443,1954,118,8,19540516,136,10
13443,1954,120,5,19540428,118,10
13443,1954,121,4,19540602,153,10
13443,1954,121,5,19540611,162,10
13443,1954,122,31,19541011,284,10
13443,1954,122,32,19541016,289,10
13443,1954,122,4,19540506,126,10
13443,1954,122,5,19540518,138,10
13443,1954,122,62,19540926,269,10
13443,1954,123,31,19541014,287,10
13443,1954,123,32,19541020,293,10
13443,1954,123,4,19540510,130,10
13443,1954,123,62,19540901,244,10
13443,1954,124,5,19540401,91,10
13443,1954,125,5,19540507,127,10
13443,1954,127,5,19540302,61,10
13443,1954,128,4,19540505,125,10
13443,1954,128,5,19540320,79,10
13443,1954,129,5,19540607,158,10
13443,1954,129,62,19540829,241,10
13443,1954,130,4,19540509,129,10
13443,1954,130,5,19540628,179,10
13443,1954,131,5,19540501,121,10
13443,1954,132,31,19541008,281,10
13443,1954,132,32,19541015,288,10
13443,1954,132,4,19540511,131,10
13443,1954,132,5,19540514,134,10
13443,1954,132,62,19540929,272,10
13443,1954,132,9,19540519,139,10
13443,1954,133,8,19540510,130,10
13443,1954,135,6,19540607,158,10
13443,1954,136,6,19540609,160,10
13443,1954,137,4,19540511,131,10
13443,1954,137,5,19540702,183,10
13443,1954,138,5,19540526,146,10
13443,1954,201,25,19540611,162,10
13443,1954,201,27,19540825,237,10
13443,1954,202,10,19541021,294,10
13443,1954,202,15,19540529,149,10
13443,1954,202,18,19540606,157,10
13443,1954,202,21,19540816,228,10
13443,1954,202,23,19540821,233,10
13443,1954,203,10,19541011,284,10
13443,1954,203,12,19541018,291,10
13443,1954,203,15,19540517,137,10
13443,1954,203,18,19540524,144,10
13443,1954,203,21,19540729,210,10
13443,1954,203,23,19540802,214,10
13443,1954,203,6,19540614,165,10
13443,1954,204,10,19540920,263,10
13443,1954,204,12,19540927,270,10
13443,1954,205,10,19540820,232,10
13443,1954,205,12,19540908,251,10
13443,1954,205,24,19540715,196,10
13443,1954,205,5,19540512,132,10
13443,1954,206,10,19540322,81,10
13443,1954,206,12,19540402,92,10
13443,1954,206,15,19540618,169,10
13443,1954,206,18,19540622,173,10
13443,1954,206,21,19540828,240,10
13443,1954,206,23,19540831,243,10
13443,1954,207,10,19540401,91,10
13443,1954,207,12,19540419,109,10
13443,1954,207,15,19540614,165,10
13443,1954,207,18,19540620,171,10
13443,1954,207,21,19540804,216,10
13443,1954,207,23,19540807,219,10
13443,1954,208,10,19540323,82,10
13443,1954,208,12,19540409,99,10
13443,1954,208,15,19540617,168,10
13443,1954,208,21,19540812,224,10
13443,1954,208,23,19540816,228,10
13443,1954,208,66,19540627,178,10
13443,1954,252,10,19540423,113,10
13443,1954,252,12,19540506,126,10
13443,1954,252,24,19540920,263,10
13443,1954,253,10,19540423,113,10
13443,1954,253,12,19540506,126,10
13443,1954,253,24,19540920,263,10
13443,1954,310,5,19540514,134,10
13443,1954,310,6,19540517,137,10
13443,1954,310,7,19540524,144,10
13443,1954,313,29,19541010,283,10
13443,1954,330,5,19540501,121,10
13443,1954,330,6,19540508,128,10
13443,1954,330,7,19540515,135,10
13443,1954,332,29,19540626,177,10
13443,1954,340,29,19540711,192,10
13443,1954,340,5,19540506,126,10
13443,1954,340,6,19540510,130,10
13443,1954,340,7,19540516,136,10
13443,1954,350,29,19540721,202,10
13443,1954,350,4,19540419,109,10
13443,1954,350,5,19540430,120,10
13443,1954,372,29,19540912,255,10
13443,1955,102,5,19550414,104,10
13443,1955,103,5,19550528,148,10
13443,1955,103,62,19550817,229,10
13443,1955,104,4,19550504,124,10
13443,1955,105,5,19550507,127,10
13443,1955,105,61,19550504,124,10
13443,1955,107,8,19550509,129,10
13443,1955,108,5,19550522,142,10
13443,1955,112,31,19551012,285,10
13443,1955,112,32,19551016,289,10
13443,1955,112,4,19550503,123,10
13443,1955,112,5,19550501,121,10
13443,1955,113,5,19550401,91,10
13443,1955,114,5,19550811,223,10
13443,1955,115,5,19550828,240,10
13443,1955,116,5,19550326,85,10
13443,1955,117,5,19550619,170,10
13443,1955,118,8,19550517,137,10
13443,1955,120,5,19550427,117,10
13443,1955,121,4,19550608,159,10
13443,1955,121,5,19550618,169,10
13443,1955,122,31,19551017,290,10
13443,1955,122,32,19551023,296,10
13443,1955,122,4,19550501,121,10
13443,1955,122,5,19550524,144,10
13443,1955,122,62,19550831,243,10
13443,1955,123,31,19551013,286,10
13443,1955,123,32,19551017,290,10
13443,1955,123,4,19550502,122,10
13443,1955,123,62,19551003,276,10
13443,1955,124,5,19550413,103,10
13443,1955,125,5,19550506,126,10
13443,1955,127,5,19550323,82,10
13443,1955,128,4,19550506,126,10
13443,1955,129,5,19550620,171,10
13443,1955,129,62,19550902,245,10
13443,1955,130,4,19550514,134,10
13443,1955,130,5,19550705,186,10
13443,1955,131,5,19550504,124,10
13443,1955,132,31,19551010,283,10
13443,1955,132,32,19551019,292,10
13443,1955,132,4,19550504,124,10
13443,1955,132,5,19550519,139,10
13443,1955,132,62,19551005,278,10
13443,1955,132,9,19550607,158,10
13443,1955,133,8,19550510,130,10
13443,1955,135,6,19550622,173,10
13443,1955,136,6,19550629,180,10
13443,1955,137,4,19550516,136,10
13443,1955,137,5,19550708,189,10
13443,1955,138,5,19550522,142,10
13443,1955,201,25,19550611,162,10
13443,1955,201,27,19550822,234,10
13443,1955,202,10,19551029,302,10
13443,1955,202,15,19550614,165,10
13443,1955,202,18,19550625,176,10
13443,1955,202,21,19550805,217,10
13443,1955,202,23,19550815,227,10
13443,1955,203,10,19550923,266,10
13443,1955,203,12,19551002,275,10
13443,1955,203,15,19550506,126,10
13443,1955,203,18,19550523,143,10
13443,1955,203,21,19550802,214,10
13443,1955,203,23,19550807,219,10
13443,1955,203,6,19550621,172,10
13443,1955,204,10,19550913,256,10
13443,1955,204,12,19550922,265,10
13443,1955,204,15,19550504,124,10
13443,1955,204,18,19550511,131,10
13443,1955,204,21,19550718,199,10
13443,1955,204,23,19550723,204,10
13443,1955,205,10,19550823,235,10
13443,1955,205,12,19550827,239,10
13443,1955,205,24,19550721,202,10
13443,1955,205,5,19550514,134,10
13443,1955,206,10,19550402,92,10
13443,1955,206,12,19550425,115,10
13443,1955,206,15,19550619,170,10
13443,1955,206,18,19550628,179,10
13443,1955,206,21,19550821,233,10
13443,1955,206,23,19550828,240,10
13443,1955,207,10,19550402,92,10
13443,1955,207,12,19550422,112,10
13443,1955,207,15,19550621,172,10
13443,1955,207,18,19550627,178,10
13443,1955,207,21,19550811,223,10
13443,1955,207,23,19550816,228,10
13443,1955,208,10,19550329,88,10
13443,1955,208,12,19550418,108,10
13443,1955,208,15,19550620,171,10
13443,1955,208,21,19550812,224,10
13443,1955,208,23,19550819,231,10
13443,1955,208,66,19550629,180,10
13443,1955,252,10,19550422,112,10
13443,1955,252,12,19550508,128,10
13443,1955,252,24,19550928,271,10
13443,1955,253,10,19550421,111,10
13443,1955,253,12,19550508,128,10
13443,1955,253,24,19551014,287,10
13443,1955,310,5,19550516,136,10
13443,1955,310,6,19550520,140,10
13443,1955,310,7,19550528,148,10
13443,1955,313,29,19551013,286,10
13443,1955,330,5,19550502,122,10
13443,1955,330,6,19550507,127,10
13443,1955,330,7,19550516,136,10
13443,1955,332,29,19550707,188,10
13443,1955,340,29,19550720,201,10
13443,1955,340,5,19550508,128,10
13443,1955,340,6,19550514,134,10
13443,1955,340,7,19550523,143,10
13443,1955,350,29,19550731,212,10
13443,1955,350,4,19550420,110,10
13443,1955,350,5,19550501,121,10
13443,1955,372,29,19551008,281,10
13443,1956,102,5,19560419,109,10
13443,1956,105,61,19560426,116,10
13443,1956,108,5,19560521,141,10
13443,1956,112,4,19560427,117,10
13443,1956,112,5,19560511,131,10
13443,1956,113,5,19560324,83,10
13443,1956,114,5,19560822,234,10
13443,1956,116,5,19560331,90,10
13443,1956,117,5,19560606,157,10
13443,1956,118,8,19560524,144,10
13443,1956,120,5,19560427,117,10
13443,1956,122,31,19560928,271,10
13443,1956,122,32,19561012,285,10
13443,1956,122,4,19560501,121,10
13443,1956,122,5,19560527,147,10
13443,1956,122,62,19560919,262,10
13443,1956,124,5,19560402,92,10
13443,1956,125,5,19560507,127,10
13443,1956,127,5,19560306,65,10
13443,1956,129,5,19560615,166,10
13443,1956,129,62,19560829,241,10
13443,1956,130,4,19560506,126,10
13443,1956,133,8,19560513,133,10
13443,1956,135,6,19560528,148,10
13443,1956,136,6,19560529,149,10
13443,1956,138,5,19560506,126,10
13443,1956,201,25,19560528,148,10
13443,1956,201,27,19560821,233,10
13443,1956,202,10,19561028,301,10
13443,1956,202,12,19561104,309,10
13443,1956,202,15,19560609,160,10
13443,1956,202,18,19560617,168,10
13443,1956,202,21,19560817,229,10
13443,1956,202,23,19560819,231,10
13443,1956,203,10,19560922,265,10
13443,1956,203,12,19561001,274,10
13443,1956,203,15,19560515,135,10
13443,1956,203,18,19560517,137,10
13443,1956,203,21,19560801,213,10
13443,1956,203,23,19560805,217,10
13443,1956,203,6,19560602,153,10
13443,1956,204,10,19560912,255,10
13443,1956,204,12,19560921,264,10
13443,1956,204,15,19560513,133,10
13443,1956,204,18,19560527,147,10
13443,1956,204,21,19560704,185,10
13443,1956,204,23,19560709,190,10
13443,1956,205,10,19560824,236,10
13443,1956,205,12,19560830,242,10
13443,1956,205,24,19560718,199,10
13443,1956,205,5,19560512,132,10
13443,1956,206,10,19560323,82,10
13443,1956,206,12,19560413,103,10
13443,1956,206,15,19560620,171,10
13443,1956,206,18,19560624,175,10
13443,1956,206,21,19560826,238,10
13443,1956,206,23,19560828,240,10
13443,1956,207,10,19560323,82,10
13443,1956,207,12,19560414,104,10
13443,1956,207,15,19560616,167,10
13443,1956,207,18,19560618,169,10
13443,1956,207,21,19560810,222,10
13443,1956,207,23,19560812,224,10
13443,1956,208,10,19560322,81,10
13443,1956,208,12,19560411,101,10
13443,1956,208,15,19560621,172,10
13443,1956,208,21,19560816,228,10
13443,1956,208,23,19560818,230,10
13443,1956,208,66,19560626,177,10
13443,1956,243,11,19560516,136,10
13443,1956,243,24,19560813,225,10
13443,1956,243,5,19560603,154,10
13443,1956,252,10,19560425,115,10
13443,1956,252,12,19560508,128,10
13443,1956,252,24,19561026,299,10
13443,1956,253,10,19560426,116,10
13443,1956,253,12,19560509,129,10
13443,1956,253,24,19561014,287,10
13443,1956,310,5,19560518,138,10
13443,1956,310,6,19560531,151,10
13443,1956,310,7,19560604,155,10
13443,1956,313,29,19560926,269,10
13443,1956,320,5,19560510,130,10
13443,1956,320,6,19560519,139,10
13443,1956,320,7,19560531,151,10
13443,1956,321,29,19560929,272,10
13443,1956,330,5,19560506,126,10
13443,1956,330,6,19560509,129,10
13443,1956,330,7,19560522,142,10
13443,1956,331,29,19560531,151,10
13443,1956,350,29,19560708,189,10
13443,1956,350,4,19560401,91,10
13443,1956,350,5,19560505,125,10
13443,1956,372,29,19560827,239,10
13443,1957,102,5,19570322,81,10
13443,1957,103,5,19570510,130,10
13443,1957,103,62,19570728,209,10
13443,1957,104,4,19570417,107,10
13443,1957,104,5,19570518,138,10
13443,1957,108,5,19570519,139,10
13443,1957,112,31,19570926,269,10
13443,1957,112,32,19571021,294,10
13443,1957,112,4,19570408,98,10
13443,1957,112,5,19570503,123,10
13443,1957,113,5,19570203,34,10
13443,1957,114,5,19570813,225,10
13443,1957,116,5,19570312,71,10
13443,1957,120,5,19570412,102,10
13443,1957,122,31,19570922,265,10
13443,1957,122,32,19570926,269,10
13443,1957,122,4,19570408,98,10
13443,1957,122,5,19570517,137,10
13443,1957,122,62,19570829,241,10
13443,1957,124,5,19570308,67,10
13443,1957,125,5,19570411,101,10
13443,1957,127,5,19570217,48,10
13443,1957,129,5,19570610,161,10
13443,1957,129,62,19570904,247,10
13443,1957,132,4,19570426,116,10
13443,1957,135,6,19570523,143,10
13443,1957,136,6,19570528,148,10
13443,1957,138,5,19570522,142,10
13443,1957,201,25,19570531,151,10
13443,1957,201,27,19570724,205,10
13443,1957,202,10,19571021,294,10
13443,1957,202,12,19571101,305,10
13443,1957,202,15,19570613,164,10
13443,1957,202,18,19570618,169,10
13443,1957,202,21,19570726,207,10
13443,1957,202,23,19570730,211,10
13443,1957,203,10,19570926,269,10
13443,1957,203,12,19571005,278,10
13443,1957,203,15,19570509,129,10
13443,1957,203,18,19570516,136,10
13443,1957,203,21,19570703,184,10
13443,1957,203,23,19570720,201,10
13443,1957,203,6,19570604,155,10
13443,1957,204,10,19570906,249,10
13443,1957,204,12,19570913,256,10
13443,1957,204,15,19570508,128,10
13443,1957,204,18,19570525,145,10
13443,1957,204,21,19570703,184,10
13443,1957,204,23,19570705,186,10
13443,1957,205,10,19570825,237,10
13443,1957,205,12,19570830,242,10
13443,1957,205,24,19570704,185,10
13443,1957,205,5,19570426,116,10
13443,1957,206,10,19570205,36,10
13443,1957,206,12,19570310,69,10
13443,1957,206,15,19570619,170,10
13443,1957,206,18,19570626,177,10
13443,1957,206,21,19570805,217,10
13443,1957,206,23,19570812,224,10
13443,1957,207,10,19570314,73,10
13443,1957,207,12,19570403,93,10
13443,1957,207,15,19570615,166,10
13443,1957,207,18,19570619,170,10
13443,1957,207,21,19570724,205,10
13443,1957,207,23,19570802,214,10
13443,1957,208,10,19570209,40,10
13443,1957,208,12,19570402,92,10
13443,1957,208,15,19570617,168,10
13443,1957,208,21,19570723,204,10
13443,1957,208,23,19570725,206,10
13443,1957,208,66,19570622,173,10
13443,1957,243,11,19570513,133,10
13443,1957,243,24,19570818,230,10
13443,1957,243,5,19570607,158,10
13443,1957,252,10,19570328,87,10
13443,1957,252,12,19570423,113,10
13443,1957,252,24,19571005,278,10
13443,1957,253,10,19570409,99,10
13443,1957,253,12,19570427,117,10
13443,1957,253,24,19571014,287,10
13443,1957,310,5,19570503,123,10
13443,1957,310,6,19570514,134,10
13443,1957,310,7,19570605,156,10
13443,1957,311,29,19570831,243,10
13443,1957,320,5,19570427,117,10
13443,1957,320,6,19570504,124,10
13443,1957,320,7,19570512,132,10
13443,1957,321,29,19570828,240,10
13443,1957,330,5,19570420,110,10
13443,1957,330,6,19570501,121,10
13443,1957,330,7,19570506,126,10
13443,1957,340,29,19570724,205,10
13443,1957,340,5,19570425,115,10
13443,1957,340,6,19570428,118,10
13443,1957,340,7,19570510,130,10
13443,1957,350,29,19570628,179,10
13443,1957,350,4,19570316,75,10
13443,1957,350,5,19570330,89,10
13443,1958,102,5,19580411,101,10
13443,1958,107,5,19580605,156,10
13443,1958,107,8,19580503,123,10
13443,1958,108,5,19580529,149,10
13443,1958,112,31,19581012,285,10
13443,1958,112,32,19581019,292,10
13443,1958,112,4,19580503,123,10
13443,1958,113,5,19580216,47,10
13443,1958,114,5,19580729,210,10
13443,1958,116,5,19580401,91,10
13443,1958,117,5,19580618,169,10
13443,1958,118,8,19580510,130,10
13443,1958,120,5,19580429,119,10
13443,1958,122,31,19581008,281,10
13443,1958,122,32,19581026,299,10
13443,1958,122,4,19580505,125,10
13443,1958,122,5,19580528,148,10
13443,1958,124,5,19580404,94,10
13443,1958,125,5,19580506,126,10
13443,1958,127,5,19580216,47,10
13443,1958,129,5,19580621,172,10
13443,1958,129,62,19580822,234,10
13443,1958,130,5,19580709,190,10
13443,1958,132,4,19580514,134,10
13443,1958,132,5,19580604,155,10
13443,1958,133,5,19580601,152,10
13443,1958,133,8,19580507,127,10
13443,1958,135,6,19580616,167,10
13443,1958,136,6,19580613,164,10
13443,1958,137,5,19580704,185,10
13443,1958,138,5,19580525,145,10
13443,1958,201,25,19580603,154,10
13443,1958,201,27,19580826,238,10
13443,1958,202,10,19580916,259,10
13443,1958,202,12,19580928,271,10
13443,1958,202,15,19580615,166,10
13443,1958,202,18,19580623,174,10
13443,1958,202,21,19580815,227,10
13443,1958,202,23,19580819,231,10
13443,1958,203,10,19580912,255,10
13443,1958,203,12,19580919,262,10
13443,1958,203,15,19580519,139,10
13443,1958,203,18,19580523,143,10
13443,1958,203,21,19580726,207,10
13443,1958,203,23,19580729,210,10
13443,1958,203,6,19580607,158,10
13443,1958,204,10,19580908,251,10
13443,1958,204,12,19580917,260,10
13443,1958,204,15,19580517,137,10
13443,1958,204,18,19580521,141,10
13443,1958,204,21,19580706,187,10
13443,1958,204,23,19580710,191,10
13443,1958,205,10,19580820,232,10
13443,1958,205,12,19580829,241,10
13443,1958,205,24,19580716,197,10
13443,1958,205,5,19580521,141,10
13443,1958,206,15,19580616,167,10
13443,1958,206,18,19580621,172,10
13443,1958,206,21,19580818,230,10
13443,1958,206,23,19580821,233,10
13443,1958,207,10,19580408,98,10
13443,1958,207,12,19580503,123,10
13443,1958,207,15,19580617,168,10
13443,1958,207,18,19580623,174,10
13443,1958,207,21,19580801,213,10
13443,1958,207,23,19580804,216,10
13443,1958,208,10,19580404,94,10
13443,1958,208,12,19580428,118,10
13443,1958,208,15,19580620,171,10
13443,1958,208,21,19580814,226,10
13443,1958,208,23,19580816,228,10
13443,1958,208,66,19580628,179,10
13443,1958,215,10,19580502,122,10
13443,1958,215,12,19580516,136,10
13443,1958,215,6,19580905,248,10
13443,1958,215,65,19580827,239,10
13443,1958,215,67,19580823,235,10
13443,1958,243,11,19580529,149,10
13443,1958,243,24,19580809,221,10
13443,1958,243,5,19580613,164,10
13443,1958,252,10,19580423,113,10
13443,1958,252,12,19580509,129,10
13443,1958,252,24,19580924,267,10
13443,1958,253,10,19580422,112,10
13443,1958,253,12,19580508,128,10
13443,1958,253,24,19581022,295,10
13443,1958,310,5,19580522,142,10
13443,1958,310,6,19580525,145,10
13443,1958,310,7,19580530,150,10
13443,1958,313,29,19580926,269,10
13443,1958,320,5,19580515,135,10
13443,1958,320,6,19580519,139,10
13443,1958,320,7,19580523,143,10
13443,1958,321,29,19580927,270,10
13443,1958,330,6,19580522,142,10
13443,1958,330,7,19580525,145,10
13443,1958,331,29,19580713,194,10
13443,1958,340,5,19580513,133,10
13443,1958,340,6,19580524,144,10
13443,1958,340,7,19580528,148,10
13443,1958,350,29,19580711,192,10
13443,1958,350,4,19580412,102,10
13443,1958,350,5,19580504,124,10
13443,1959,102,5,19590403,93,10
13443,1959,107,8,19590519,139,10
13443,1959,108,5,19590512,132,10
13443,1959,112,32,19591001,274,10
13443,1959,113,5,19590224,55,10
13443,1959,114,5,19590813,225,10
13443,1959,116,5,19590322,81,10
13443,1959,117,5,19590606,157,10
13443,1959,118,5,19590520,140,10
13443,1959,118,8,19590514,134,10
13443,1959,120,5,19590417,107,10
13443,1959,122,31,19590912,255,10
13443,1959,122,32,19591011,284,10
13443,1959,122,4,19590408,98,10
13443,1959,122,5,19590506,126,10
13443,1959,122,62,19590922,265,10
13443,1959,124,5,19590313,72,10
13443,1959,125,5,19590501,121,10
13443,1959,127,5,19590220,51,10
13443,1959,129,5,19590526,146,10
13443,1959,129,62,19590810,222,10
13443,1959,130,5,19590518,138,10
13443,1959,132,4,19590428,118,10
13443,1959,133,5,19590504,124,10
13443,1959,133,8,19590504,124,10
13443,1959,135,6,19590511,131,10
13443,1959,136,6,19590519,139,10
13443,1959,137,5,19590710,191,10
13443,1959,138,5,19590510,130,10
13443,1959,201,25,19590528,148,10
13443,1959,201,27,19590820,232,10
13443,1959,202,10,19591012,285,10
13443,1959,202,12,19591128,332,10
13443,1959,202,15,19590604,155,10
13443,1959,202,18,19590612,163,10
13443,1959,202,21,19590722,203,10
13443,1959,202,23,19590723,204,10
13443,1959,203,10,19590920,263,10
13443,1959,203,12,19591018,291,10
13443,1959,203,15,19590503,123,10
13443,1959,203,18,19590508,128,10
13443,1959,203,21,19590717,198,10
13443,1959,203,23,19590722,203,10
13443,1959,203,6,19590528,148,10
13443,1959,204,10,19590908,251,10
13443,1959,204,12,19590917,260,10
13443,1959,204,15,19590505,125,10
13443,1959,204,18,19590513,133,10
13443,1959,204,21,19590624,175,10
13443,1959,204,23,19590627,178,10
13443,1959,205,10,19590821,233,10
13443,1959,205,12,19590827,239,10
13443,1959,205,24,19590626,177,10
13443,1959,205,5,19590421,111,10
13443,1959,206,10,19590228,59,10
13443,1959,206,12,19590321,80,10
13443,1959,206,15,19590606,157,10
13443,1959,206,18,19590611,162,10
13443,1959,206,21,19590710,191,10
13443,1959,206,23,19590712,193,10
13443,1959,207,10,19590228,59,10
13443,1959,207,12,19590321,80,10
13443,1959,207,15,19590606,157,10
13443,1959,207,18,19590608,159,10
13443,1959,207,21,19590724,205,10
13443,1959,207,23,19590726,207,10
13443,1959,208,10,19590309,68,10
13443,1959,208,12,19590328,87,10
13443,1959,208,15,19590610,161,10
13443,1959,208,21,19590714,195,10
13443,1959,208,23,19590716,197,10
13443,1959,208,66,19590613,164,10
13443,1959,215,10,19590425,115,10
13443,1959,215,12,19590511,131,10
13443,1959,215,6,19590726,207,10
13443,1959,215,65,19590813,225,10
13443,1959,215,67,19590708,189,10
13443,1959,243,11,19590510,130,10
13443,1959,243,24,19590725,206,10
13443,1959,243,5,19590619,170,10
13443,1959,252,10,19590327,86,10
13443,1959,252,12,19590413,103,10
13443,1959,252,24,19590924,267,10
13443,1959,253,10,19590326,85,10
13443,1959,253,12,19590412,102,10
13443,1959,253,24,19590929,272,10
13443,1959,310,5,19590423,113,10
13443,1959,310,6,19590429,119,10
13443,1959,310,7,19590516,136,10
13443,1959,313,29,19590924,267,10
13443,1959,320,5,19590415,105,10
13443,1959,320,6,19590417,107,10
13443,1959,320,7,19590507,127,10
13443,1959,330,5,19590412,102,10
13443,1959,330,6,19590415,105,10
13443,1959,330,7,19590501,121,10
13443,1959,331,29,19590623,174,10
13443,1959,340,29,19590709,190,10
13443,1959,340,5,19590413,103,10
13443,1959,340,6,19590418,108,10
13443,1959,340,7,19590506,126,10
13443,1959,350,29,19590621,172,10
13443,1959,350,4,19590318,77,10
13443,1959,350,5,19590404,94,10
13443,1959,372,29,19590829,241,10
13443,1960,102,5,19600412,102,10
13443,1960,104,4,19600421,111,10
13443,1960,107,8,19600512,132,10
13443,1960,108,5,19600512,132,10
13443,1960,112,31,19600923,266,10
13443,1960,112,5,19600523,143,10
13443,1960,113,5,19600228,59,10
13443,1960,114,5,19600718,199,10
13443,1960,116,5,19600404,94,10
13443,1960,117,5,19600615,166,10
13443,1960,118,8,19600513,133,10
13443,1960,120,5,19600415,105,10
13443,1960,122,5,19600518,138,10
13443,1960,122,62,19600920,263,10
13443,1960,124,5,19600320,79,10
13443,1960,125,5,19600502,122,10
13443,1960,127,5,19600223,54,10
13443,1960,129,5,19600612,163,10
13443,1960,129,62,19600919,262,10
13443,1960,130,4,19600508,128,10
13443,1960,130,5,19600529,149,10
13443,1960,132,4,19600515,135,10
13443,1960,133,8,19600501,121,10
13443,1960,135,6,19600601,152,10
13443,1960,136,6,19600530,150,10
13443,1960,137,4,19600512,132,10
13443,1960,137,5,19600616,167,10
13443,1960,138,5,19600517,137,10
13443,1960,201,25,19600527,147,10
13443,1960,201,27,19600821,233,10
13443,1960,202,15,19600610,161,10
13443,1960,202,18,19600615,166,10
13443,1960,202,21,19600813,225,10
13443,1960,202,23,19600816,228,10
13443,1960,203,15,19600509,129,10
13443,1960,203,18,19600524,144,10
13443,1960,203,21,19600727,208,10
13443,1960,203,23,19600729,210,10
13443,1960,203,6,19600610,161,10
13443,1960,204,15,19600519,139,10
13443,1960,204,18,19600521,141,10
13443,1960,204,21,19600714,195,10
13443,1960,204,23,19600718,199,10
13443,1960,205,10,19600820,232,10
13443,1960,205,12,19600826,238,10
13443,1960,205,24,19600709,190,10
13443,1960,205,5,19600514,134,10
13443,1960,206,10,19600310,69,10
13443,1960,206,12,19600405,95,10
13443,1960,206,15,19600531,151,10
13443,1960,206,18,19600605,156,10
13443,1960,206,21,19600825,237,10
13443,1960,206,23,19600829,241,10
13443,1960,207,10,19600317,76,10
13443,1960,207,12,19600409,99,10
13443,1960,207,15,19600618,169,10
13443,1960,207,18,19600701,182,10
13443,1960,207,21,19600801,213,10
13443,1960,207,23,19600803,215,10
13443,1960,208,10,19600313,72,10
13443,1960,208,12,19600406,96,10
13443,1960,208,15,19600626,177,10
13443,1960,208,21,19600806,218,10
13443,1960,208,23,19600809,221,10
13443,1960,208,66,19600704,185,10
13443,1960,215,10,19600413,103,10
13443,1960,215,12,19600501,121,10
13443,1960,215,24,19600922,265,10
13443,1960,215,6,19600828,240,10
13443,1960,215,65,19600817,229,10
13443,1960,215,67,19600714,195,10
13443,1960,243,11,19600518,138,10
13443,1960,243,24,19600819,231,10
13443,1960,243,5,19600711,192,10
13443,1960,252,10,19600406,96,10
13443,1960,252,12,19600422,112,10
13443,1960,252,24,19600924,267,10
13443,1960,253,10,19600405,95,10
13443,1960,253,12,19600420,110,10
13443,1960,253,24,19600927,270,10
13443,1960,310,5,19600509,129,10
13443,1960,310,6,19600515,135,10
13443,1960,310,7,19600520,140,10
13443,1960,313,29,19600928,271,10
13443,1960,320,5,19600507,127,10
13443,1960,320,6,19600511,131,10
13443,1960,320,7,19600517,137,10
13443,1960,321,29,19600926,269,10
13443,1960,330,5,19600421,111,10
13443,1960,330,6,19600504,124,10
13443,1960,330,7,19600509,129,10
13443,1960,331,29,19600604,155,10
13443,1960,340,29,19600724,205,10
13443,1960,340,5,19600503,123,10
13443,1960,340,6,19600511,131,10
13443,1960,340,7,19600517,137,10
13443,1960,350,29,19600617,168,10
13443,1960,350,4,19600331,90,10
13443,1960,350,5,19600424,114,10
13443,1960,372,29,19600822,234,10
13443,1966,107,8,19660509,129,10
13443,1966,108,5,19660512,132,10
13443,1966,113,5,19660320,79,10
13443,1966,116,5,19660317,76,10
13443,1966,118,8,19660511,131,10
13443,1966,122,4,19660506,126,10
13443,1966,122,5,19660519,139,10
13443,1966,124,5,19660326,85,10
13443,1966,127,5,19660302,61,10
13443,1966,130,5,19660620,171,10
13443,1966,132,4,19660513,133,10
13443,1966,137,5,19660701,182,10
13443,1966,138,5,19660516,136,10
13443,1966,201,25,19660525,145,10
13443,1966,202,21,19660730,211,10
13443,1966,203,15,19660430,120,10
13443,1966,203,18,19660517,137,10
13443,1966,203,21,19660722,203,10
13443,1966,203,24,19660726,207,10
13443,1966,204,18,19660510,130,10
13443,1966,204,21,19660717,198,10
13443,1966,204,24,19660723,204,10
13443,1966,205,24,19660718,199,10
13443,1966,205,5,19660511,131,10
13443,1966,207,10,19660308,67,10
13443,1966,207,21,19660727,208,10
13443,1966,208,10,19660306,65,10
13443,1966,208,12,19660329,88,10
13443,1966,252,10,19660503,123,10
13443,1966,252,12,19660519,139,10
13443,1966,253,10,19660503,123,10
13443,1966,253,12,19660519,139,10
13443,1966,310,5,19660521,141,10
13443,1966,311,29,19660724,205,10
13443,1966,320,5,19660520,140,10
13443,1966,340,29,19660725,206,10
13443,1966,340,5,19660517,137,10
13443,1966,350,29,19660709,190,10
13443,1966,350,5,19660502,122,10
13443,1967,102,5,19670414,104,10
13443,1967,107,8,19670518,138,10
13443,1967,108,5,19670514,134,10
13443,1967,112,31,19671011,284,10
13443,1967,112,4,19670416,106,10
13443,1967,113,5,19670222,53,10
13443,1967,114,5,19670720,201,10
13443,1967,116,5,19670406,96,10
13443,1967,117,5,19670613,164,10
13443,1967,118,8,19670511,131,10
13443,1967,120,5,19670503,123,10
13443,1967,122,31,19671008,281,10
13443,1967,122,4,19670429,119,10
13443,1967,122,5,19670517,137,10
13443,1967,122,62,19670916,259,10
13443,1967,124,5,19670403,93,10
13443,1967,125,5,19670422,112,10
13443,1967,127,5,19670202,33,10
13443,1967,129,5,19670617,168,10
13443,1967,129,62,19670820,232,10
13443,1967,132,4,19670516,136,10
13443,1967,135,6,19670531,151,10
13443,1967,136,6,19670529,149,10
13443,1967,137,5,19670617,168,10
13443,1967,138,5,19670520,140,10
13443,1967,201,25,19670527,147,10
13443,1967,202,10,19671020,293,10
13443,1967,202,12,19671105,309,10
13443,1967,202,18,19670615,166,10
13443,1967,202,21,19670808,220,10
13443,1967,202,23,19670814,226,10
13443,1967,202,24,19670814,226,10
13443,1967,203,10,19670911,254,10
13443,1967,203,12,19670921,264,10
13443,1967,203,15,19670517,137,10
13443,1967,203,18,19670521,141,10
13443,1967,203,21,19670727,208,10
13443,1967,203,23,19670729,210,10
13443,1967,203,24,19670729,210,10
13443,1967,203,6,19670612,163,10
13443,1967,204,10,19670908,251,10
13443,1967,204,12,19670917,260,10
13443,1967,204,18,19670517,137,10
13443,1967,204,21,19670709,190,10
13443,1967,204,23,19670713,194,10
13443,1967,204,24,19670713,194,10
13443,1967,205,10,19670822,234,10
13443,1967,205,12,19670828,240,10
13443,1967,205,24,19670711,192,10
13443,1967,205,5,19670518,138,10
13443,1967,206,10,19670306,65,10
13443,1967,206,12,19670326,85,10
13443,1967,206,18,19670607,158,10
13443,1967,206,21,19670828,240,10
13443,1967,206,23,19670831,243,10
13443,1967,207,10,19670305,64,10
13443,1967,207,12,19670417,107,10
13443,1967,207,18,19670629,180,10
13443,1967,207,21,19670731,212,10
13443,1967,207,23,19670802,214,10
13443,1967,207,24,19670802,214,10
13443,1967,208,10,19670305,64,10
13443,1967,208,12,19670421,111,10
13443,1967,208,23,19670809,221,10
13443,1967,208,24,19670809,221,10
13443,1967,208,66,19670705,186,10
13443,1967,215,10,19670508,128,10
13443,1967,215,12,19670522,142,10
13443,1967,215,24,19670922,265,10
13443,1967,215,6,19670829,241,10
13443,1967,252,10,19670411,101,10
13443,1967,252,12,19670518,138,10
13443,1967,252,24,19670930,273,10
13443,1967,253,10,19670413,103,10
13443,1967,253,12,19670519,139,10
13443,1967,253,24,19671029,302,10
13443,1967,310,5,19670513,133,10
13443,1967,310,7,19670522,142,10
13443,1967,313,29,19671020,293,10
13443,1967,320,5,19670513,133,10
13443,1967,320,7,19670520,140,10
13443,1967,322,29,19670925,268,10
13443,1967,330,5,19670505,125,10
13443,1967,330,7,19670515,135,10
13443,1967,332,29,19670727,208,10
13443,1967,340,29,19670727,208,10
13443,1967,340,5,19670510,130,10
13443,1967,340,7,19670520,140,10
13443,1967,350,29,19670609,160,10
13443,1967,350,4,19670409,99,10
13443,1967,350,5,19670418,108,10
13443,1967,371,29,19670823,235,10
13443,1968,102,5,19680417,107,10
13443,1968,107,5,19680527,147,10
13443,1968,107,8,19680429,119,10
13443,1968,108,5,19680503,123,10
13443,1968,112,31,19681028,301,10
13443,1968,112,4,19680419,109,10
13443,1968,113,5,19680323,82,10
13443,1968,114,5,19680722,203,10
13443,1968,116,5,19680321,80,10
13443,1968,117,5,19680612,163,10
13443,1968,117,62,19680825,237,10
13443,1968,118,5,19680521,141,10
13443,1968,118,8,19680513,133,10
13443,1968,120,5,19680429,119,10
13443,1968,122,31,19681010,283,10
13443,1968,122,4,19680425,115,10
13443,1968,122,5,19680511,131,10
13443,1968,122,62,19680916,259,10
13443,1968,124,5,19680409,99,10
13443,1968,125,5,19680424,114,10
13443,1968,127,5,19680227,58,10
13443,1968,129,5,19680530,150,10
13443,1968,130,4,19680507,127,10
13443,1968,130,5,19680618,169,10
13443,1968,132,31,19681022,295,10
13443,1968,132,4,19680504,124,10
13443,1968,132,5,19680501,121,10
13443,1968,132,62,19681002,275,10
13443,1968,135,6,19680527,147,10
13443,1968,136,6,19680531,151,10
13443,1968,137,5,19680620,171,10
13443,1968,138,5,19680511,131,10
13443,1968,201,25,19680523,143,10
13443,1968,202,10,19681019,292,10
13443,1968,202,12,19681104,308,10
13443,1968,202,18,19680613,164,10
13443,1968,202,21,19680809,221,10
13443,1968,202,24,19680817,229,10
13443,1968,203,10,19680912,255,10
13443,1968,203,12,19680920,263,10
13443,1968,203,15,19680504,124,10
13443,1968,203,18,19680518,138,10
13443,1968,203,21,19680726,207,10
13443,1968,203,24,19680730,211,10
13443,1968,203,6,19680612,163,10
13443,1968,204,10,19680921,264,10
13443,1968,204,18,19680518,138,10
13443,1968,204,21,19680705,186,10
13443,1968,204,24,19680708,189,10
13443,1968,205,10,19680819,231,10
13443,1968,205,12,19680817,229,10
13443,1968,205,24,19680712,193,10
13443,1968,205,5,19680504,124,10
13443,1968,206,10,19680220,51,10
13443,1968,206,12,19680412,102,10
13443,1968,206,18,19680605,156,10
13443,1968,206,21,19680828,240,10
13443,1968,206,24,19680831,243,10
13443,1968,207,10,19680325,84,10
13443,1968,207,18,19680628,179,10
13443,1968,207,21,19680802,214,10
13443,1968,207,24,19680807,219,10
13443,1968,208,10,19680324,83,10
13443,1968,208,12,19680421,111,10
13443,1968,208,24,19680812,224,10
13443,1968,208,66,19680630,181,10
13443,1968,215,24,19680929,272,10
13443,1968,215,6,19680827,239,10
13443,1968,252,10,19680420,110,10
13443,1968,252,12,19680428,118,10
13443,1968,252,24,19681008,281,10
13443,1968,253,10,19680427,117,10
13443,1968,253,12,19680508,128,10
13443,1968,253,24,19681101,305,10
13443,1968,310,5,19680430,120,10
13443,1968,310,7,19680523,143,10
13443,1968,320,5,19680429,119,10
13443,1968,320,7,19680521,141,10
13443,1968,321,29,19680829,241,10
13443,1968,330,5,19680423,113,10
13443,1968,330,7,19680505,125,10
13443,1968,331,29,19680612,163,10
13443,1968,340,29,19680722,203,10
13443,1968,340,5,19680429,119,10
13443,1968,340,7,19680506,126,10
13443,1968,350,29,19680708,189,10
13443,1968,350,4,19680412,102,10
13443,1968,350,5,19680425,115,10
13443,1968,371,29,19680823,235,10
13443,1969,102,5,19690404,94,10
13443,1969,107,8,19690508,128,10
13443,1969,108,5,19690519,139,10
13443,1969,112,31,19691002,275,10
13443,1969,112,4,19690502,122,10
13443,1969,113,5,19690329,88,10
13443,1969,114,5,19690829,241,10
13443,1969,116,5,19690401,91,10
13443,1969,120,5,19690515,135,10
13443,1969,122,31,19690928,271,10
13443,1969,122,4,19690503,123,10
13443,1969,122,5,19690518,138,10
13443,1969,122,62,19690907,250,10
13443,1969,124,5,19690406,96,10
13443,1969,125,5,19690502,122,10
13443,1969,127,5,19690321,80,10
13443,1969,129,5,19690610,161,10
13443,1969,129,62,19690917,260,10
13443,1969,130,4,19690513,133,10
13443,1969,132,4,19690512,132,10
13443,1969,135,6,19690531,151,10
13443,1969,136,6,19690605,156,10
13443,1969,138,5,19690523,143,10
13443,1969,201,25,19690603,154,10
13443,1969,202,10,19691017,290,10
13443,1969,202,12,19691102,306,10
13443,1969,202,18,19690601,152,10
13443,1969,202,21,19690818,230,10
13443,1969,202,24,19690821,233,10
13443,1969,203,10,19690917,260,10
13443,1969,203,12,19690928,271,10
13443,1969,203,15,19690522,142,10
13443,1969,203,18,19690526,146,10
13443,1969,203,21,19690729,210,10
13443,1969,203,24,19690731,212,10
13443,1969,203,6,19690616,167,10
13443,1969,204,10,19690911,254,10
13443,1969,204,12,19690923,266,10
13443,1969,204,18,19690527,147,10
13443,1969,204,21,19690709,190,10
13443,1969,204,24,19690712,193,10
13443,1969,205,10,19690822,234,10
13443,1969,205,12,19690827,239,10
13443,1969,205,5,19690517,137,10
13443,1969,206,10,19690403,93,10
13443,1969,206,12,19690413,103,10
13443,1969,206,18,19690614,165,10
13443,1969,206,21,19690831,243,10
13443,1969,207,10,19690408,98,10
13443,1969,207,12,19690418,108,10
13443,1969,207,18,19690626,177,10
13443,1969,207,21,19690802,214,10
13443,1969,207,24,19690802,214,10
13443,1969,208,10,19690408,98,10
13443,1969,208,12,19690419,109,10
13443,1969,208,24,19690825,237,10
13443,1969,208,66,19690624,175,10
13443,1969,215,10,19690430,120,10
13443,1969,215,12,19690514,134,10
13443,1969,215,24,19691003,276,10
13443,1969,215,6,19690829,241,10
13443,1969,252,10,19690506,126,10
13443,1969,252,12,19690518,138,10
13443,1969,252,24,19691024,297,10
13443,1969,253,10,19690502,122,10
13443,1969,253,24,19690814,226,10
13443,1969,310,5,19690514,134,10
13443,1969,310,7,19690528,148,10
13443,1969,311,29,19690826,238,10
13443,1969,313,29,19691018,291,10
13443,1969,320,5,19690512,132,10
13443,1969,320,7,19690517,137,10
13443,1969,321,29,19690828,240,10
13443,1969,322,29,19690926,269,10
13443,1969,330,5,19690508,128,10
13443,1969,330,7,19690518,138,10
13443,1969,331,29,19690607,158,10
13443,1969,332,29,19690628,179,10
13443,1969,340,29,19690712,193,10
13443,1969,340,5,19690515,135,10
13443,1969,340,7,19690523,143,10
13443,1969,350,29,19690803,215,10
13443,1969,350,4,19690417,107,10
13443,1969,350,5,19690421,111,10
13443,1969,372,29,19690927,270,10
13443,1970,102,5,19700413,103,10
13443,1970,107,8,19700603,154,10
13443,1970,108,5,19700523,143,10
13443,1970,112,4,19700503,123,10
13443,1970,113,5,19700326,85,10
13443,1970,114,5,19700731,212,10
13443,1970,116,5,19700412,102,10
13443,1970,120,5,19700515,135,10
13443,1970,122,31,19701021,294,10
13443,1970,122,4,19700507,127,10
13443,1970,122,5,19700522,142,10
13443,1970,122,62,19700928,271,10
13443,1970,123,4,19700509,129,10
13443,1970,124,5,19700411,101,10
13443,1970,125,5,19700505,125,10
13443,1970,127,5,19700319,78,10
13443,1970,129,5,19700615,166,10
13443,1970,129,62,19700920,263,10
13443,1970,130,4,19700512,132,10
13443,1970,131,5,19700512,132,10
13443,1970,132,31,19701030,303,10
13443,1970,132,62,19701015,288,10
13443,1970,135,6,19700605,156,10
13443,1970,136,6,19700613,164,10
13443,1970,201,25,19700606,157,10
13443,1970,202,10,19701024,297,10
13443,1970,202,12,19701111,315,10
13443,1970,202,18,19700617,168,10
13443,1970,202,21,19700811,223,10
13443,1970,202,24,19700816,228,10
13443,1970,203,10,19700917,260,10
13443,1970,203,12,19701002,275,10
13443,1970,203,15,19700516,136,10
13443,1970,203,18,19700529,149,10
13443,1970,203,21,19700731,212,10
13443,1970,203,24,19700808,220,10
13443,1970,203,6,19700617,168,10
13443,1970,204,10,19700918,261,10
13443,1970,204,12,19701004,277,10
13443,1970,204,18,19700602,153,10
13443,1970,204,21,19700719,200,10
13443,1970,204,24,19700730,211,10
13443,1970,205,10,19700822,234,10
13443,1970,205,12,19700829,241,10
13443,1970,205,24,19700721,202,10
13443,1970,205,5,19700520,140,10
13443,1970,206,10,19700331,90,10
13443,1970,206,12,19700423,113,10
13443,1970,206,18,19700611,162,10
13443,1970,206,21,19700911,254,10
13443,1970,206,24,19700914,257,10
13443,1970,207,10,19700420,110,10
13443,1970,207,12,19700429,119,10
13443,1970,207,18,19700629,180,10
13443,1970,207,21,19700802,214,10
13443,1970,207,24,19700731,212,10
13443,1970,208,10,19700418,108,10
13443,1970,208,12,19700428,118,10
13443,1970,208,24,19700812,224,10
13443,1970,208,66,19700709,190,10
13443,1970,215,10,19700524,144,10
13443,1970,215,24,19701004,277,10
13443,1970,215,6,19700831,243,10
13443,1970,252,10,19700515,135,10
13443,1970,252,12,19700614,165,10
13443,1970,252,24,19701023,296,10
13443,1970,253,10,19700513,133,10
13443,1970,253,12,19700604,155,10
13443,1970,253,24,19701110,314,10
13443,1970,310,5,19700520,140,10
13443,1970,310,7,19700530,150,10
13443,1970,313,29,19701001,274,10
13443,1970,320,5,19700522,142,10
13443,1970,320,7,19700527,147,10
13443,1970,322,29,19700927,270,10
13443,1970,330,5,19700506,126,10
13443,1970,330,7,19700512,132,10
13443,1970,331,29,19700613,164,10
13443,1970,340,29,19700804,216,10
13443,1970,340,5,19700512,132,10
13443,1970,340,7,19700519,139,10
13443,1970,350,4,19700417,107,10
13443,1970,350,5,19700422,112,10
13443,1970,372,29,19700913,256,10
13443,1971,102,5,19710328,87,10
13443,1971,107,8,19710606,157,10
13443,1971,108,5,19710514,134,10
13443,1971,112,31,19711021,294,10
13443,1971,112,4,19710424,114,10
13443,1971,113,5,19710220,51,10
13443,1971,114,5,19710806,218,10
13443,1971,116,5,19710225,56,10
13443,1971,117,62,19711006,279,10
13443,1971,120,5,19710430,120,10
13443,1971,122,31,19711007,280,10
13443,1971,122,4,19710427,117,10
13443,1971,122,5,19710512,132,10
13443,1971,122,62,19711002,275,10
13443,1971,123,31,19711013,286,10
13443,1971,124,5,19710310,69,10
13443,1971,125,5,19710502,122,10
13443,1971,127,5,19710216,47,10
13443,1971,129,5,19710603,154,10
13443,1971,129,62,19710910,253,10
13443,1971,130,4,19710509,129,10
13443,1971,131,5,19710511,131,10
13443,1971,132,31,19711017,290,10
13443,1971,132,62,19711010,283,10
13443,1971,135,6,19710611,162,10
13443,1971,136,6,19710614,165,10
13443,1971,138,5,19710512,132,10
13443,1971,201,25,19710603,154,10
13443,1971,202,10,19711104,308,10
13443,1971,202,12,19711120,324,10
13443,1971,202,18,19710513,133,10
13443,1971,202,21,19710825,237,10
13443,1971,203,10,19711013,286,10
13443,1971,203,12,19711028,301,10
13443,1971,203,15,19710511,131,10
13443,1971,203,18,19710526,146,10
13443,1971,203,21,19710822,234,10
13443,1971,203,24,19710828,240,10
13443,1971,203,6,19710610,161,10
13443,1971,204,10,19710912,255,10
13443,1971,204,12,19710924,267,10
13443,1971,204,21,19710717,198,10
13443,1971,204,24,19710726,207,10
13443,1971,205,10,19710826,238,10
13443,1971,205,12,19710903,246,10
13443,1971,205,24,19710727,208,10
13443,1971,205,5,19710507,127,10
13443,1971,206,10,19710317,76,10
13443,1971,206,12,19710327,86,10
13443,1971,206,18,19710522,142,10
13443,1971,206,21,19710822,234,10
13443,1971,206,24,19710829,241,10
13443,1971,207,10,19710310,69,10
13443,1971,207,12,19710329,88,10
13443,1971,207,18,19710520,140,10
13443,1971,207,21,19710827,239,10
13443,1971,207,24,19710830,242,10
13443,1971,208,10,19710317,76,10
13443,1971,208,12,19710330,89,10
13443,1971,208,24,19710830,242,10
13443,1971,208,66,19710610,161,10
13443,1971,215,10,19710503,123,10
13443,1971,215,12,19710520,140,10
13443,1971,215,24,19710912,255,10
13443,1971,215,6,19710722,203,10
13443,1971,252,10,19710410,100,10
13443,1971,252,12,19710504,124,10
13443,1971,252,24,19711004,277,10
13443,1971,253,10,19710407,97,10
13443,1971,253,12,19710426,116,10
13443,1971,253,24,19711004,277,10
13443,1971,310,5,19710513,133,10
13443,1971,310,7,19710524,144,10
13443,1971,313,29,19711011,284,10
13443,1971,320,5,19710516,136,10
13443,1971,320,7,19710522,142,10
13443,1971,322,29,19711008,281,10
13443,1971,330,5,19710509,129,10
13443,1971,330,7,19710523,143,10
13443,1971,331,29,19710623,174,10
13443,1971,340,29,19710704,185,10
13443,1971,340,5,19710514,134,10
13443,1971,340,7,19710525,145,10
13443,1971,350,29,19710629,180,10
13443,1971,350,4,19710409,99,10
13443,1971,350,5,19710417,107,10
13443,1971,371,29,19710826,238,10
13443,1971,372,29,19711002,275,10
13443,1972,102,5,19720319,78,10
13443,1972,107,5,19720621,172,10
13443,1972,107,8,19720606,157,10
13443,1972,112,31,19721010,283,10
13443,1972,112,4,19720422,112,10
13443,1972,113,5,19720228,59,10
13443,1972,114,5,19720809,221,10
13443,1972,116,5,19720314,73,10
13443,1972,117,5,19720602,153,10
13443,1972,117,62,19720922,265,10
13443,1972,118,5,19720625,176,10
13443,1972,118,8,19720531,151,10
13443,1972,120,5,19720419,109,10
13443,1972,122,31,19721009,282,10
13443,1972,122,4,19720427,117,10
13443,1972,122,62,19721004,277,10
13443,1972,124,5,19720318,77,10
13443,1972,125,5,19720511,131,10
13443,1972,127,5,19720219,50,10
13443,1972,129,62,19720902,245,10
13443,1972,130,4,19720518,138,10
13443,1972,132,31,19721002,275,10
13443,1972,132,62,19720905,248,10
13443,1972,135,6,19720606,157,10
13443,1972,136,6,19720603,154,10
13443,1972,201,25,19720528,148,10
13443,1972,202,10,19721108,312,10
13443,1972,202,12,19721122,326,10
13443,1972,202,21,19720817,229,10
13443,1972,202,24,19720905,248,10
13443,1972,203,10,19721022,295,10
13443,1972,203,12,19721106,310,10
13443,1972,203,15,19720508,128,10
13443,1972,203,18,19720521,141,10
13443,1972,203,21,19720815,227,10
13443,1972,203,24,19720817,229,10
13443,1972,203,6,19720612,163,10
13443,1972,204,10,19720922,265,10
13443,1972,204,12,19721005,278,10
13443,1972,204,21,19720803,215,10
13443,1972,204,24,19720730,211,10
13443,1972,205,10,19720825,237,10
13443,1972,205,12,19720903,246,10
13443,1972,205,24,19720810,222,10
13443,1972,206,10,19720218,49,10
13443,1972,206,12,19720312,71,10
13443,1972,206,18,19720618,169,10
13443,1972,206,21,19720827,239,10
13443,1972,206,24,19720829,241,10
13443,1972,207,10,19720222,53,10
13443,1972,207,12,19720317,76,10
13443,1972,207,18,19720602,153,10
13443,1972,207,21,19720812,224,10
13443,1972,207,24,19720825,237,10
13443,1972,208,10,19720224,55,10
13443,1972,208,12,19720316,75,10
13443,1972,208,24,19720815,227,10
13443,1972,208,66,19720618,169,10
13443,1972,215,10,19720423,113,10
13443,1972,215,12,19720522,142,10
13443,1972,215,24,19720914,257,10
13443,1972,215,6,19720829,241,10
13443,1972,252,10,19720325,84,10
13443,1972,252,12,19720517,137,10
13443,1972,252,24,19720929,272,10
13443,1972,253,10,19720323,82,10
13443,1972,253,12,19720516,136,10
13443,1972,253,24,19720917,260,10
13443,1972,310,5,19720512,132,10
13443,1972,310,7,19720524,144,10
13443,1972,320,5,19720501,121,10
13443,1972,320,7,19720517,137,10
13443,1972,321,29,19720902,245,10
13443,1972,330,5,19720430,120,10
13443,1972,330,7,19720511,131,10
13443,1972,332,29,19720724,205,10
13443,1972,340,29,19720805,217,10
13443,1972,340,5,19720503,123,10
13443,1972,340,7,19720511,131,10
13443,1972,350,29,19720712,193,10
13443,1972,350,4,19720405,95,10
13443,1972,350,5,19720413,103,10
13443,1973,102,5,19730324,83,10
13443,1973,103,62,19730905,248,10
13443,1973,112,31,19731007,280,10
13443,1973,112,4,19730422,112,10
13443,1973,113,5,19730307,66,10
13443,1973,114,5,19730808,220,10
13443,1973,116,5,19730309,68,10
13443,1973,117,62,19730918,261,10
13443,1973,120,5,19730511,131,10
13443,1973,122,31,19731009,282,10
13443,1973,122,4,19730428,118,10
13443,1973,122,62,19731001,274,10
13443,1973,123,4,19730424,114,10
13443,1973,124,5,19730320,79,10
13443,1973,125,5,19730509,129,10
13443,1973,127,5,19730301,60,10
13443,1973,129,62,19730905,248,10
13443,1973,130,4,19730513,133,10
13443,1973,131,5,19730504,124,10
13443,1973,132,31,19731017,290,10
13443,1973,132,62,19731006,279,10
13443,1973,135,6,19730601,152,10
13443,1973,136,6,19730609,160,10
13443,1973,202,10,19731111,315,10
13443,1973,202,12,19731125,329,10
13443,1973,202,21,19730808,220,10
13443,1973,203,10,19731019,292,10
13443,1973,203,12,19731105,309,10
13443,1973,203,15,19730518,138,10
13443,1973,203,21,19730808,220,10
13443,1973,203,24,19730814,226,10
13443,1973,204,10,19730830,242,10
13443,1973,204,12,19730912,255,10
13443,1973,204,21,19730720,201,10
13443,1973,204,24,19730726,207,10
13443,1973,205,10,19730820,232,10
13443,1973,205,12,19730829,241,10
13443,1973,205,24,19730802,214,10
13443,1973,206,10,19730222,53,10
13443,1973,206,12,19730313,72,10
13443,1973,206,18,19730603,154,10
13443,1973,206,21,19730818,230,10
13443,1973,206,24,19730824,236,10
13443,1973,207,10,19730313,72,10
13443,1973,207,12,19730321,80,10
13443,1973,207,21,19730729,210,10
13443,1973,207,24,19730804,216,10
13443,1973,208,10,19730311,70,10
13443,1973,208,12,19730322,81,10
13443,1973,208,66,19730620,171,10
13443,1973,215,10,19730511,131,10
13443,1973,215,12,19730525,145,10
13443,1973,215,6,19730805,217,10
13443,1973,252,10,19730427,117,10
13443,1973,252,24,19731010,283,10
13443,1973,253,10,19730425,115,10
13443,1973,253,24,19731001,274,10
13443,1973,310,5,19730509,129,10
13443,1973,310,7,19730520,140,10
13443,1973,313,29,19731012,285,10
13443,1973,320,5,19730430,120,10
13443,1973,320,7,19730508,128,10
13443,1973,321,29,19730831,243,10
13443,1973,330,5,19730502,122,10
13443,1973,330,7,19730515,135,10
13443,1973,331,29,19730702,183,10
13443,1973,332,29,19730713,194,10
13443,1973,340,29,19730721,202,10
13443,1973,340,5,19730503,123,10
13443,1973,340,7,19730516,136,10
13443,1973,350,29,19730720,201,10
13443,1973,350,4,19730414,104,10
13443,1973,350,5,19730426,116,10
13443,1974,102,5,19740328,87,10
13443,1974,103,62,19740908,251,10
13443,1974,107,8,19740531,151,10
13443,1974,112,31,19741012,285,10
13443,1974,112,4,19740414,104,10
13443,1974,113,5,19740203,34,10
13443,1974,114,5,19740806,218,10
13443,1974,115,5,19740911,254,10
13443,1974,116,5,19740311,70,10
13443,1974,117,62,19740922,265,10
13443,1974,120,5,19740416,106,10
13443,1974,122,31,19741008,281,10
13443,1974,122,4,19740427,117,10
13443,1974,122,62,19741001,274,10
13443,1974,124,5,19740321,80,10
13443,1974,125,5,19740505,125,10
13443,1974,127,5,19740211,42,10
13443,1974,129,5,19740531,151,10
13443,1974,129,62,19740910,253,10
13443,1974,130,4,19740430,120,10
13443,1974,130,5,19740603,154,10
13443,1974,131,5,19740416,106,10
13443,1974,132,31,19741017,290,10
13443,1974,132,62,19740916,259,10
13443,1974,135,6,19740601,152,10
13443,1974,136,6,19740609,160,10
13443,1974,202,10,19741017,290,10
13443,1974,202,12,19741117,321,10
13443,1974,202,18,19740525,145,10
13443,1974,202,21,19740807,219,10
13443,1974,202,24,19740812,224,10
13443,1974,203,10,19741015,288,10
13443,1974,203,12,19741106,310,10
13443,1974,203,15,19740424,114,10
13443,1974,203,18,19740518,138,10
13443,1974,203,21,19740810,222,10
13443,1974,203,24,19740818,230,10
13443,1974,203,6,19740530,150,10
13443,1974,204,10,19740828,240,10
13443,1974,204,12,19740919,262,10
13443,1974,204,21,19740722,203,10
13443,1974,204,24,19740726,207,10
13443,1974,205,10,19740820,232,10
13443,1974,205,12,19740829,241,10
13443,1974,205,24,19740804,216,10
13443,1974,206,10,19740214,45,10
13443,1974,206,12,19740316,75,10
13443,1974,206,18,19740605,156,10
13443,1974,206,21,19740822,234,10
13443,1974,206,24,19740826,238,10
13443,1974,207,10,19740315,74,10
13443,1974,207,12,19740407,97,10
13443,1974,207,18,19740603,154,10
13443,1974,207,21,19740731,212,10
13443,1974,208,10,19740217,48,10
13443,1974,208,12,19740321,80,10
13443,1974,208,24,19740822,234,10
13443,1974,215,10,19740502,122,10
13443,1974,215,12,19740518,138,10
13443,1974,215,24,19740928,271,10
13443,1974,215,6,19740812,224,10
13443,1974,252,10,19740404,94,10
13443,1974,252,24,19741028,301,10
13443,1974,253,10,19740401,91,10
13443,1974,253,24,19741005,278,10
13443,1974,310,5,19740507,127,10
13443,1974,310,7,19740520,140,10
13443,1974,313,29,19741011,284,10
13443,1974,320,5,19740429,119,10
13443,1974,320,7,19740510,130,10
13443,1974,321,29,19740831,243,10
13443,1974,330,5,19740411,101,10
13443,1974,330,7,19740512,132,10
13443,1974,332,29,19740722,203,10
13443,1974,340,29,19740802,214,10
13443,1974,340,5,19740504,124,10
13443,1974,340,7,19740513,133,10
13443,1974,350,29,19740722,203,10
13443,1974,350,4,19740416,106,10
13443,1974,350,5,19740428,118,10
13443,1974,371,29,19740822,234,10
13443,1975,102,5,19750324,83,10
13443,1975,103,5,19750606,157,10
13443,1975,103,62,19750827,239,10
13443,1975,107,5,19750606,157,10
13443,1975,107,8,19750517,137,10
13443,1975,108,5,19750519,139,10
13443,1975,112,31,19751005,278,10
13443,1975,112,4,19750425,115,10
13443,1975,113,5,19750129,29,10
13443,1975,114,5,19750804,216,10
13443,1975,115,5,19750903,246,10
13443,1975,116,5,19750313,72,10
13443,1975,117,5,19750602,153,10
13443,1975,117,62,19750915,258,10
13443,1975,118,5,19750602,153,10
13443,1975,120,5,19750504,124,10
13443,1975,122,31,19751001,274,10
13443,1975,122,4,19750429,119,10
13443,1975,122,5,19750522,142,10
13443,1975,122,62,19750917,260,10
13443,1975,123,4,19750505,125,10
13443,1975,124,5,19750317,76,10
13443,1975,125,5,19750425,115,10
13443,1975,127,5,19750125,25,10
13443,1975,128,4,19750519,139,10
13443,1975,129,5,19750604,155,10
13443,1975,129,62,19750908,251,10
13443,1975,130,4,19750514,134,10
13443,1975,130,5,19750624,175,10
13443,1975,132,31,19751024,297,10
13443,1975,132,4,19750511,131,10
13443,1975,132,5,19750515,135,10
13443,1975,132,62,19750908,251,10
13443,1975,135,6,19750602,153,10
13443,1975,136,6,19750608,159,10
13443,1975,137,5,19750608,159,10
13443,1975,201,25,19750603,154,10
13443,1975,202,10,19751021,294,10
13443,1975,202,12,19751104,308,10
13443,1975,202,21,19750722,203,10
13443,1975,202,24,19750902,245,10
13443,1975,203,10,19751018,291,10
13443,1975,203,12,19751101,305,10
13443,1975,203,15,19750514,134,10
13443,1975,203,18,19750528,148,10
13443,1975,203,21,19750727,208,10
13443,1975,203,24,19750730,211,10
13443,1975,203,6,19750601,152,10
13443,1975,204,10,19751005,278,10
13443,1975,204,12,19751018,291,10
13443,1975,204,21,19750721,202,10
13443,1975,204,24,19750724,205,10
13443,1975,205,10,19750822,234,10
13443,1975,205,12,19750828,240,10
13443,1975,205,24,19750803,215,10
13443,1975,205,5,19750509,129,10
13443,1975,206,10,19750319,78,10
13443,1975,206,12,19750404,94,10
13443,1975,206,18,19750611,162,10
13443,1975,206,21,19750828,240,10
13443,1975,206,24,19750830,242,10
13443,1975,207,10,19750403,93,10
13443,1975,207,12,19750420,110,10
13443,1975,207,18,19750603,154,10
13443,1975,207,21,19750808,220,10
13443,1975,207,24,19750811,223,10
13443,1975,208,10,19750228,59,10
13443,1975,208,12,19750422,112,10
13443,1975,208,24,19750822,234,10
13443,1975,208,66,19750618,169,10
13443,1975,215,10,19750504,124,10
13443,1975,215,12,19750521,141,10
13443,1975,215,24,19750917,260,10
13443,1975,215,6,19750819,231,10
13443,1975,252,10,19750426,116,10
13443,1975,252,12,19750510,130,10
13443,1975,252,24,19751017,290,10
13443,1975,253,10,19750427,117,10
13443,1975,253,12,19750512,132,10
13443,1975,253,24,19750922,265,10
13443,1975,310,5,19750513,133,10
13443,1975,310,7,19750521,141,10
13443,1975,313,29,19751014,287,10
13443,1975,320,5,19750510,130,10
13443,1975,320,7,19750518,138,10
13443,1975,321,29,19750905,248,10
13443,1975,322,29,19751008,281,10
13443,1975,330,5,19750505,125,10
13443,1975,330,7,19750514,134,10
13443,1975,332,29,19750723,204,10
13443,1975,340,29,19750812,224,10
13443,1975,340,5,19750507,127,10
13443,1975,340,7,19750516,136,10
13443,1975,350,29,19750721,202,10
13443,1975,350,4,19750329,88,10
13443,1975,350,5,19750508,128,10
13443,1975,372,29,19750903,246,10
13443,1976,102,5,19760405,95,10
13443,1976,103,62,19760903,246,10
13443,1976,107,5,19760523,143,10
13443,1976,107,8,19760512,132,10
13443,1976,108,5,19760514,134,10
13443,1976,112,31,19761003,276,10
13443,1976,112,4,19760424,114,10
13443,1976,113,5,19760217,48,10
13443,1976,114,5,19760803,215,10
13443,1976,115,5,19760909,252,10
13443,1976,116,5,19760327,86,10
13443,1976,117,5,19760601,152,10
13443,1976,117,62,19760915,258,10
13443,1976,118,5,19760528,148,10
13443,1976,118,8,19760507,127,10
13443,1976,120,5,19760429,119,10
13443,1976,122,31,19761008,281,10
13443,1976,122,4,19760428,118,10
13443,1976,122,5,19760518,138,10
13443,1976,122,62,19760924,267,10
13443,1976,123,4,19760511,131,10
13443,1976,124,5,19760329,88,10
13443,1976,125,5,19760410,100,10
13443,1976,127,5,19760225,56,10
13443,1976,128,4,19760515,135,10
13443,1976,129,5,19760606,157,10
13443,1976,129,62,19760912,255,10
13443,1976,130,4,19760517,137,10
13443,1976,130,5,19760627,178,10
13443,1976,132,31,19761017,290,10
13443,1976,132,4,19760521,141,10
13443,1976,132,5,19760523,143,10
13443,1976,132,62,19761005,278,10
13443,1976,135,6,19760525,145,10
13443,1976,136,6,19760529,149,10
13443,1976,137,5,19760609,160,10
13443,1976,138,5,19760514,134,10
13443,1976,201,25,19760522,142,10
13443,1976,202,10,19761014,287,10
13443,1976,202,12,19761031,304,10
13443,1976,202,18,19760601,152,10
13443,1976,202,21,19760801,213,10
13443,1976,202,24,19760806,218,10
13443,1976,203,10,19761014,287,10
13443,1976,203,12,19761031,304,10
13443,1976,203,15,19760515,135,10
13443,1976,203,18,19760519,139,10
13443,1976,203,21,19760808,220,10
13443,1976,203,24,19760811,223,10
13443,1976,203,6,19760526,146,10
13443,1976,204,10,19760902,245,10
13443,1976,204,12,19760916,259,10
13443,1976,204,18,19760523,143,10
13443,1976,204,21,19760716,197,10
13443,1976,204,24,19760718,199,10
13443,1976,205,10,19760820,232,10
13443,1976,205,12,19760831,243,10
13443,1976,205,24,19760804,216,10
13443,1976,205,5,19760515,135,10
13443,1976,206,10,19760305,64,10
13443,1976,206,12,19760407,97,10
13443,1976,206,18,19760604,155,10
13443,1976,206,21,19760818,230,10
13443,1976,206,24,19760821,233,10
13443,1976,207,10,19760302,61,10
13443,1976,207,12,19760406,96,10
13443,1976,207,18,19760602,153,10
13443,1976,207,21,19760802,214,10
13443,1976,207,24,19760806,218,10
13443,1976,208,10,19760305,64,10
13443,1976,208,12,19760412,102,10
13443,1976,208,24,19760811,223,10
13443,1976,208,66,19760605,156,10
13443,1976,215,10,19760425,115,10
13443,1976,215,12,19760513,133,10
13443,1976,215,24,19761007,280,10
13443,1976,215,6,19760811,223,10
13443,1976,252,10,19760414,104,10
13443,1976,252,12,19760505,125,10
13443,1976,252,24,19761016,289,10
13443,1976,253,10,19760412,102,10
13443,1976,253,12,19760507,127,10
13443,1976,253,24,19761009,282,10
13443,1976,310,5,19760514,134,10
13443,1976,310,7,19760522,142,10
13443,1976,313,29,19760930,273,10
13443,1976,320,5,19760513,133,10
13443,1976,320,7,19760518,138,10
13443,1976,321,29,19760831,243,10
13443,1976,322,29,19760925,268,10
13443,1976,330,5,19760504,124,10
13443,1976,330,7,19760515,135,10
13443,1976,332,29,19760721,202,10
13443,1976,340,29,19760801,213,10
13443,1976,340,5,19760509,129,10
13443,1976,340,7,19760516,136,10
13443,1976,350,29,19760711,192,10
13443,1976,350,4,19760420,110,10
13443,1976,350,5,19760427,117,10
13443,1976,372,29,19760925,268,10
13443,1977,102,5,19770321,80,10
13443,1977,103,5,19770619,170,10
13443,1977,103,62,19770901,244,10
13443,1977,107,5,19770602,153,10
13443,1977,107,8,19770517,137,10
13443,1977,108,5,19770515,135,10
13443,1977,112,31,19771011,284,10
13443,1977,112,4,19770429,119,10
13443,1977,113,5,19770211,42,10
13443,1977,114,5,19770808,220,10
13443,1977,115,5,19770905,248,10
13443,1977,116,5,19770310,69,10
13443,1977,117,5,19770610,161,10
13443,1977,117,62,19770917,260,10
13443,1977,118,5,19770607,158,10
13443,1977,120,5,19770506,126,10
13443,1977,122,31,19771007,280,10
13443,1977,122,4,19770506,126,10
13443,1977,122,5,19770521,141,10
13443,1977,122,62,19771001,274,10
13443,1977,123,31,19771016,289,10
13443,1977,123,62,19770906,249,10
13443,1977,124,5,19770314,73,10
13443,1977,125,5,19770403,93,10
13443,1977,127,5,19770212,43,10
13443,1977,128,4,19770502,122,10
13443,1977,128,5,19770315,74,10
13443,1977,129,5,19770608,159,10
13443,1977,129,62,19770906,249,10
13443,1977,130,4,19770511,131,10
13443,1977,130,5,19770619,170,10
13443,1977,132,31,19771031,304,10
13443,1977,132,4,19770513,133,10
13443,1977,132,5,19770518,138,10
13443,1977,132,62,19770911,254,10
13443,1977,135,6,19770601,152,10
13443,1977,136,6,19770603,154,10
13443,1977,137,5,19770619,170,10
13443,1977,201,25,19770525,145,10
13443,1977,202,10,19771017,290,10
13443,1977,202,12,19771103,307,10
13443,1977,202,18,19770530,150,10
13443,1977,202,21,19770818,230,10
13443,1977,202,24,19770827,239,10
13443,1977,203,10,19771022,295,10
13443,1977,203,12,19771105,309,10
13443,1977,203,15,19770513,133,10
13443,1977,203,18,19770521,141,10
13443,1977,203,21,19770821,233,10
13443,1977,203,24,19770826,238,10
13443,1977,203,6,19770602,153,10
13443,1977,204,10,19771007,280,10
13443,1977,204,12,19771014,287,10
13443,1977,204,18,19770526,146,10
13443,1977,204,21,19770810,222,10
13443,1977,204,24,19770816,228,10
13443,1977,205,10,19770901,244,10
13443,1977,205,12,19770907,250,10
13443,1977,205,24,19770813,225,10
13443,1977,205,5,19770511,131,10
13443,1977,206,10,19770307,66,10
13443,1977,206,12,19770322,81,10
13443,1977,206,18,19770612,163,10
13443,1977,206,21,19770831,243,10
13443,1977,207,10,19770309,68,10
13443,1977,207,12,19770327,86,10
13443,1977,207,18,19770609,160,10
13443,1977,207,21,19770809,221,10
13443,1977,207,24,19770818,230,10
13443,1977,208,10,19770310,69,10
13443,1977,208,12,19770328,87,10
13443,1977,208,24,19770902,245,10
13443,1977,208,66,19770618,169,10
13443,1977,215,10,19770507,127,10
13443,1977,215,12,19770522,142,10
13443,1977,215,24,19771006,279,10
13443,1977,215,6,19770818,230,10
13443,1977,252,10,19770426,116,10
13443,1977,252,12,19770513,133,10
13443,1977,252,24,19771022,295,10
13443,1977,253,10,19770423,113,10
13443,1977,253,12,19770517,137,10
13443,1977,253,24,19771001,274,10
13443,1977,310,5,19770510,130,10
13443,1977,310,7,19770523,143,10
13443,1977,313,29,19771015,288,10
13443,1977,320,5,19770512,132,10
13443,1977,320,7,19770522,142,10
13443,1977,322,29,19771017,290,10
13443,1977,330,5,19770506,126,10
13443,1977,330,7,19770517,137,10
13443,1977,332,29,19770721,202,10
13443,1977,340,29,19770808,220,10
13443,1977,340,5,19770509,129,10
13443,1977,340,7,19770521,141,10
13443,1977,350,29,19770718,199,10
13443,1977,350,4,19770305,64,10
13443,1977,350,5,19770328,87,10
13443,1977,371,29,19770829,241,10
13443,1977,372,29,19770907,250,10
13443,1978,102,5,19780319,78,10
13443,1978,103,5,19780620,171,10
13443,1978,103,62,19780901,244,10
13443,1978,107,5,19780606,157,10
13443,1978,107,8,19780526,146,10
13443,1978,108,5,19780517,137,10
13443,1978,112,31,19781007,280,10
13443,1978,112,4,19780427,117,10
13443,1978,113,5,19780224,55,10
13443,1978,114,5,19780812,224,10
13443,1978,115,5,19780829,241,10
13443,1978,116,5,19780315,74,10
13443,1978,117,5,19780611,162,10
13443,1978,117,62,19781013,286,10
13443,1978,118,5,19780604,155,10
13443,1978,118,8,19780520,140,10
13443,1978,120,5,19780423,113,10
13443,1978,122,31,19781008,281,10
13443,1978,122,4,19780425,115,10
13443,1978,122,5,19780524,144,10
13443,1978,122,62,19780919,262,10
13443,1978,123,4,19780507,127,10
13443,1978,123,5,19780528,148,10
13443,1978,124,5,19780318,77,10
13443,1978,125,5,19780424,114,10
13443,1978,127,5,19780220,51,10
13443,1978,128,4,19780504,124,10
13443,1978,128,5,19780327,86,10
13443,1978,129,5,19780612,163,10
13443,1978,129,62,19780903,246,10
13443,1978,130,5,19780613,164,10
13443,1978,132,31,19781017,290,10
13443,1978,132,4,19780515,135,10
13443,1978,132,5,19780520,140,10
13443,1978,132,62,19780916,259,10
13443,1978,135,6,19780606,157,10
13443,1978,136,6,19780603,154,10
13443,1978,137,5,19780622,173,10
13443,1978,201,25,19780528,148,10
13443,1978,202,10,19781018,291,10
13443,1978,202,12,19781114,318,10
13443,1978,202,18,19780603,154,10
13443,1978,202,21,19780816,228,10
13443,1978,202,24,19780809,221,10
13443,1978,203,10,19781014,287,10
13443,1978,203,12,19781106,310,10
13443,1978,203,15,19780427,117,10
13443,1978,203,18,19780520,140,10
13443,1978,203,21,19780825,237,10
13443,1978,203,24,19780828,240,10
13443,1978,203,6,19780604,155,10
13443,1978,204,10,19780906,249,10
13443,1978,204,12,19780921,264,10
13443,1978,204,18,19780526,146,10
13443,1978,204,21,19780729,210,10
13443,1978,204,24,19780726,207,10
13443,1978,205,10,19780823,235,10
13443,1978,205,12,19780829,241,10
13443,1978,205,24,19780818,230,10
13443,1978,205,5,19780520,140,10
13443,1978,206,10,19780308,67,10
13443,1978,206,12,19780324,83,10
13443,1978,206,18,19780613,164,10
13443,1978,206,21,19780824,236,10
13443,1978,207,10,19780310,69,10
13443,1978,207,12,19780327,86,10
13443,1978,207,18,19780627,178,10
13443,1978,207,21,19780814,226,10
13443,1978,207,24,19780828,240,10
13443,1978,208,10,19780311,70,10
13443,1978,208,12,19780330,89,10
13443,1978,208,24,19780822,234,10
13443,1978,208,66,19780614,165,10
13443,1978,215,10,19780515,135,10
13443,1978,215,12,19780530,150,10
13443,1978,215,24,19780904,247,10
13443,1978,215,6,19780830,242,10
13443,1978,252,10,19780501,121,10
13443,1978,252,12,19780601,152,10
13443,1978,252,24,19781007,280,10
13443,1978,253,10,19780429,119,10
13443,1978,253,12,19780602,153,10
13443,1978,253,24,19781005,278,10
13443,1978,310,5,19780521,141,10
13443,1978,310,7,19780530,150,10
13443,1978,311,29,19780904,247,10
13443,1978,313,29,19781016,289,10
13443,1978,320,5,19780520,140,10
13443,1978,320,7,19780528,148,10
13443,1978,321,29,19780902,245,10
13443,1978,322,29,19780918,261,10
13443,1978,330,5,19780509,129,10
13443,1978,330,7,19780515,135,10
13443,1978,331,29,19780702,183,10
13443,1978,332,29,19780727,208,10
13443,1978,340,29,19780818,230,10
13443,1978,340,5,19780514,134,10
13443,1978,340,7,19780525,145,10
13443,1978,350,29,19780713,194,10
13443,1978,350,4,19780312,71,10
13443,1978,350,5,19780330,89,10
13443,1978,371,29,19780823,235,10
13443,1978,372,29,19780901,244,10
13443,1979,102,5,19790414,104,10
13443,1979,103,5,19790525,145,10
13443,1979,103,62,19790905,248,10
13443,1979,107,5,19790607,158,10
13443,1979,107,8,19790518,138,10
13443,1979,108,5,19790603,154,10
13443,1979,112,31,19791006,279,10
13443,1979,112,4,19790427,117,10
13443,1979,113,5,19790402,92,10
13443,1979,114,5,19790813,225,10
13443,1979,115,5,19790915,258,10
13443,1979,116,5,19790322,81,10
13443,1979,117,5,19790613,164,10
13443,1979,117,62,19791001,274,10
13443,1979,118,5,19790606,157,10
13443,1979,118,8,19790520,140,10
13443,1979,120,5,19790504,124,10
13443,1979,122,31,19791011,284,10
13443,1979,122,4,19790502,122,10
13443,1979,122,5,19790524,144,10
13443,1979,122,62,19790910,253,10
13443,1979,124,5,19790403,93,10
13443,1979,125,5,19790516,136,10
13443,1979,127,5,19790305,64,10
13443,1979,129,5,19790617,168,10
13443,1979,129,62,19790927,270,10
13443,1979,130,4,19790507,127,10
13443,1979,130,5,19790616,167,10
13443,1979,131,5,19790510,130,10
13443,1979,132,31,19791024,297,10
13443,1979,132,4,19790525,145,10
13443,1979,132,5,19790524,144,10
13443,1979,132,62,19790908,251,10
13443,1979,135,6,19790606,157,10
13443,1979,136,6,19790603,154,10
13443,1979,137,5,19790624,175,10
13443,1979,138,5,19790520,140,10
13443,1979,201,25,19790604,155,10
13443,1979,202,10,19791018,291,10
13443,1979,202,12,19791104,308,10
13443,1979,202,18,19790604,155,10
13443,1979,202,21,19790818,230,10
13443,1979,202,24,19790828,240,10
13443,1979,203,10,19791014,287,10
13443,1979,203,12,19791026,299,10
13443,1979,203,15,19790516,136,10
13443,1979,203,18,19790529,149,10
13443,1979,203,21,19790818,230,10
13443,1979,203,24,19790822,234,10
13443,1979,203,6,19790606,157,10
13443,1979,204,10,19790904,247,10
13443,1979,204,12,19790918,261,10
13443,1979,204,18,19790603,154,10
13443,1979,204,21,19790727,208,10
13443,1979,204,24,19790729,210,10
13443,1979,205,10,19790831,243,10
13443,1979,205,12,19790906,249,10
13443,1979,205,24,19790822,234,10
13443,1979,205,5,19790520,140,10
13443,1979,206,10,19790401,91,10
13443,1979,206,12,19790418,108,10
13443,1979,206,18,19790613,164,10
13443,1979,206,21,19790828,240,10
13443,1979,206,24,19790831,243,10
13443,1979,207,10,19790410,100,10
13443,1979,207,12,19790424,114,10
13443,1979,207,18,19790617,168,10
13443,1979,207,21,19790814,226,10
13443,1979,207,24,19790831,243,10
13443,1979,208,10,19790408,98,10
13443,1979,208,12,19790425,115,10
13443,1979,208,24,19790818,230,10
13443,1979,208,66,19790619,170,10
13443,1979,215,10,19790517,137,10
13443,1979,215,24,19791015,288,10
13443,1979,215,6,19790822,234,10
13443,1979,252,10,19790510,130,10
13443,1979,252,12,19790530,150,10
13443,1979,252,24,19791021,294,10
13443,1979,253,10,19790513,133,10
13443,1979,253,12,19790530,150,10
13443,1979,253,24,19791012,285,10
13443,1979,310,5,19790523,143,10
13443,1979,310,7,19790527,147,10
13443,1979,313,29,19791014,287,10
13443,1979,320,5,19790519,139,10
13443,1979,320,7,19790530,150,10
13443,1979,321,29,19790830,242,10
13443,1979,322,29,19791013,286,10
13443,1979,330,5,19790514,134,10
13443,1979,330,7,19790525,145,10
13443,1979,332,29,19790727,208,10
13443,1979,340,29,19790731,212,10
13443,1979,340,5,19790517,137,10
13443,1979,340,7,19790523,143,10
13443,1979,350,29,19790730,211,10
13443,1979,350,4,19790401,91,10
13443,1979,350,5,19790416,106,10
13443,1979,371,29,19790916,259,10
13443,1979,372,29,19790928,271,10
13443,1980,102,5,19800422,112,10
13443,1980,103,5,19800623,174,10
13443,1980,103,62,19800907,250,10
13443,1980,107,5,19800610,161,10
13443,1980,107,8,19800531,151,10
13443,1980,108,5,19800531,151,10
13443,1980,112,31,19801007,280,10
13443,1980,112,4,19800428,118,10
13443,1980,113,5,19800214,45,10
13443,1980,114,5,19800815,227,10
13443,1980,115,5,19800916,259,10
13443,1980,116,5,19800329,88,10
13443,1980,117,5,19800617,168,10
13443,1980,117,62,19801004,277,10
13443,1980,118,5,19800618,169,10
13443,1980,118,8,19800602,153,10
13443,1980,120,5,19800429,119,10
13443,1980,122,31,19801014,287,10
13443,1980,122,4,19800428,118,10
13443,1980,122,5,19800602,153,10
13443,1980,122,62,19800913,256,10
13443,1980,123,4,19800427,117,10
13443,1980,124,5,19800419,109,10
13443,1980,125,5,19800422,112,10
13443,1980,127,5,19800221,52,10
13443,1980,128,4,19800429,119,10
13443,1980,128,5,19800325,84,10
13443,1980,129,5,19800615,166,10
13443,1980,129,62,19800930,273,10
13443,1980,130,4,19800429,119,10
13443,1980,130,5,19800704,185,10
13443,1980,131,5,19800426,116,10
13443,1980,132,31,19801013,286,10
13443,1980,132,4,19800531,151,10
13443,1980,132,5,19800608,159,10
13443,1980,132,62,19800930,273,10
13443,1980,135,6,19800612,163,10
13443,1980,136,6,19800609,160,10
13443,1980,137,5,19800629,180,10
13443,1980,201,25,19800531,151,10
13443,1980,202,10,19801013,286,10
13443,1980,202,12,19801029,302,10
13443,1980,202,18,19800607,158,10
13443,1980,202,21,19800816,228,10
13443,1980,202,24,19800822,234,10
13443,1980,203,10,19801006,279,10
13443,1980,203,12,19801018,291,10
13443,1980,203,18,19800607,158,10
13443,1980,203,21,19800815,227,10
13443,1980,203,24,19800821,233,10
13443,1980,204,10,19800924,267,10
13443,1980,204,12,19801007,280,10
13443,1980,204,18,19800604,155,10
13443,1980,204,21,19800728,209,10
13443,1980,204,24,19800730,211,10
13443,1980,205,10,19800901,244,10
13443,1980,205,12,19800909,252,10
13443,1980,205,24,19800813,225,10
13443,1980,205,5,19800520,140,10
13443,1980,206,10,19800323,82,10
13443,1980,206,12,19800417,107,10
13443,1980,206,18,19800616,167,10
13443,1980,206,21,19800828,240,10
13443,1980,207,10,19800323,82,10
13443,1980,207,12,19800411,101,10
13443,1980,207,18,19800610,161,10
13443,1980,207,21,19800812,224,10
13443,1980,207,24,19800818,230,10
13443,1980,208,10,19800326,85,10
13443,1980,208,12,19800425,115,10
13443,1980,208,66,19800609,160,10
13443,1980,215,10,19800430,120,10
13443,1980,215,24,19801020,293,10
13443,1980,215,6,19800828,240,10
13443,1980,252,10,19800424,114,10
13443,1980,252,12,19800515,135,10
13443,1980,252,24,19801023,296,10
13443,1980,253,10,19800429,119,10
13443,1980,253,12,19800521,141,10
13443,1980,253,24,19801026,299,10
13443,1980,310,5,19800520,140,10
13443,1980,313,29,19801021,294,10
13443,1980,320,5,19800518,138,10
13443,1980,321,29,19800927,270,10
13443,1980,322,29,19801015,288,10
13443,1980,330,5,19800428,118,10
13443,1980,331,29,19800609,160,10
13443,1980,332,29,19800630,181,10
13443,1980,340,29,19800817,229,10
13443,1980,340,5,19800509,129,10
13443,1980,350,29,19800728,209,10
13443,1980,350,4,19800412,102,10
13443,1980,350,5,19800426,116,10
13443,1980,371,29,19800919,262,10
13443,1980,372,29,19800929,272,10
13443,1981,102,5,19810401,91,10
13443,1981,103,5,19810523,143,10
13443,1981,103,62,19810901,244,10
13443,1981,107,5,19810610,161,10
13443,1981,107,8,19810430,120,10
13443,1981,108,5,19810523,143,10
13443,1981,112,31,19811013,286,10
13443,1981,112,4,19810412,102,10
13443,1981,113,5,19810316,75,10
13443,1981,114,5,19810821,233,10
13443,1981,116,5,19810313,72,10
13443,1981,117,5,19810617,168,10
13443,1981,117,62,19810917,260,10
13443,1981,118,5,19810617,168,10
13443,1981,118,8,19810507,127,10
13443,1981,120,5,19810411,101,10
13443,1981,122,31,19811017,290,10
13443,1981,122,4,19810407,97,10
13443,1981,122,5,19810516,136,10
13443,1981,122,62,19810917,260,10
13443,1981,123,4,19810415,105,10
13443,1981,124,5,19810323,82,10
13443,1981,125,5,19810327,86,10
13443,1981,127,5,19810304,63,10
13443,1981,128,4,19810506,126,10
13443,1981,129,5,19810613,164,10
13443,1981,129,62,19810908,251,10
13443,1981,130,4,19810513,133,10
13443,1981,130,5,19810617,168,10
13443,1981,132,31,19811015,288,10
13443,1981,132,4,19810510,130,10
13443,1981,132,62,19810914,257,10
13443,1981,135,6,19810609,160,10
13443,1981,136,6,19810607,158,10
13443,1981,137,5,19810628,179,10
13443,1981,201,25,19810527,147,10
13443,1981,202,10,19811015,288,10
13443,1981,202,12,19811031,304,10
13443,1981,202,18,19810609,160,10
13443,1981,202,21,19810816,228,10
13443,1981,202,24,19810829,241,10
13443,1981,203,10,19811003,276,10
13443,1981,203,12,19811010,283,10
13443,1981,203,15,19810423,113,10
13443,1981,203,18,19810516,136,10
13443,1981,203,21,19810814,226,10
13443,1981,203,24,19810819,231,10
13443,1981,203,6,19810530,150,10
13443,1981,204,10,19810922,265,10
13443,1981,204,12,19811003,276,10
13443,1981,204,18,19810609,160,10
13443,1981,204,21,19810729,210,10
13443,1981,204,24,19810802,214,10
13443,1981,205,10,19810901,244,10
13443,1981,205,12,19810907,250,10
13443,1981,205,24,19810816,228,10
13443,1981,205,5,19810510,130,10
13443,1981,206,10,19810227,58,10
13443,1981,206,12,19810317,76,10
13443,1981,206,18,19810617,168,10
13443,1981,206,21,19810825,237,10
13443,1981,206,24,19810831,243,10
13443,1981,207,10,19810303,62,10
13443,1981,207,12,19810322,81,10
13443,1981,207,18,19810617,168,10
13443,1981,207,21,19810808,220,10
13443,1981,207,24,19810817,229,10
13443,1981,208,10,19810304,63,10
13443,1981,208,12,19810326,85,10
13443,1981,208,24,19810830,242,10
13443,1981,208,66,19810613,164,10
13443,1981,215,10,19810505,125,10
13443,1981,215,12,19810521,141,10
13443,1981,215,24,19811015,288,10
13443,1981,215,6,19810720,201,10
13443,1981,252,10,19810414,104,10
13443,1981,252,12,19810512,132,10
13443,1981,252,24,19811013,286,10
13443,1981,253,10,19810413,103,10
13443,1981,253,12,19810512,132,10
13443,1981,253,24,19811101,305,10
13443,1981,310,5,19810508,128,10
13443,1981,310,7,19810518,138,10
13443,1981,311,29,19810809,221,10
13443,1981,313,29,19811013,286,10
13443,1981,320,5,19810509,129,10
13443,1981,320,7,19810514,134,10
13443,1981,321,29,19810928,271,10
13443,1981,322,29,19811017,290,10
13443,1981,330,5,19810505,125,10
13443,1981,330,7,19810508,128,10
13443,1981,331,29,19810615,166,10
13443,1981,332,29,19810629,180,10
13443,1981,340,29,19810808,220,10
13443,1981,340,5,19810508,128,10
13443,1981,340,7,19810519,139,10
13443,1981,350,29,19810725,206,10
13443,1981,350,4,19810326,85,10
13443,1981,350,5,19810407,97,10
13443,1981,371,29,19810823,235,10
13443,1981,372,29,19811001,274,10
13443,1982,103,62,19820821,233,10
13443,1982,107,8,19820515,135,10
13443,1982,108,5,19820520,140,10
13443,1982,112,31,19821007,280,10
13443,1982,112,4,19820423,113,10
13443,1982,113,5,19820313,72,10
13443,1982,114,5,19820808,220,10
13443,1982,116,5,19820311,70,10
13443,1982,117,5,19820607,158,10
13443,1982,118,8,19820513,133,10
13443,1982,120,5,19820406,96,10
13443,1982,122,31,19821009,282,10
13443,1982,122,4,19820426,116,10
13443,1982,122,5,19820517,137,10
13443,1982,122,62,19820919,262,10
13443,1982,124,5,19820326,85,10
13443,1982,127,5,19820303,62,10
13443,1982,129,5,19820612,163,10
13443,1982,130,5,19820609,160,10
13443,1982,132,31,19821012,285,10
13443,1982,132,4,19820514,134,10
13443,1982,132,62,19820924,267,10
13443,1982,136,6,19820601,152,10
13443,1982,138,5,19820506,126,10
13443,1982,202,18,19820606,157,10
13443,1982,203,10,19821004,277,10
13443,1982,203,12,19821018,291,10
13443,1982,203,18,19820527,147,10
13443,1982,203,24,19820721,202,10
13443,1982,204,24,19820713,194,10
13443,1982,205,5,19820512,132,10
13443,1982,207,10,19820308,67,10
13443,1982,207,12,19820404,94,10
13443,1982,207,18,19820604,155,10
13443,1982,207,24,19820808,220,10
13443,1982,208,66,19820614,165,10
13443,1982,215,65,19820713,194,10
13443,1982,253,13,19820619,170,10
13443,1982,310,5,19820516,136,10
13443,1982,311,29,19820831,243,10
13443,1982,320,5,19820514,134,10
13443,1982,322,29,19821012,285,10
13443,1982,330,5,19820504,124,10
13443,1982,340,29,19820802,214,10
13443,1982,340,5,19820512,132,10
13443,1982,350,29,19820717,198,10
13443,1982,350,4,19820402,92,10
13443,1982,350,5,19820418,108,10
13443,1982,372,29,19820905,248,10
13443,1983,102,5,19830404,94,10
13443,1983,103,62,19830823,235,10
13443,1983,107,8,19830508,128,10
13443,1983,108,5,19830518,138,10
13443,1983,112,31,19831018,291,10
13443,1983,112,4,19830412,102,10
13443,1983,113,5,19830213,44,10
13443,1983,114,5,19830816,228,10
13443,1983,116,5,19830401,91,10
13443,1983,117,5,19830610,161,10
13443,1983,118,8,19830518,138,10
13443,1983,120,5,19830417,107,10
13443,1983,122,4,19830419,109,10
13443,1983,122,5,19830512,132,10
13443,1983,124,5,19830330,89,10
13443,1983,127,5,19830219,50,10
13443,1983,129,5,19830521,141,10
13443,1983,132,31,19831028,301,10
13443,1983,132,4,19830509,129,10
13443,1983,132,62,19831023,296,10
13443,1983,136,6,19830527,147,10
13443,1983,202,18,19830607,158,10
13443,1983,203,10,19830924,267,10
13443,1983,203,12,19831003,276,10
13443,1983,203,18,19830513,133,10
13443,1983,203,24,19830724,205,10
13443,1983,203,6,19830609,160,10
13443,1983,204,24,19830713,194,10
13443,1983,205,5,19830509,129,10
13443,1983,207,10,19830308,67,10
13443,1983,207,12,19830407,97,10
13443,1983,207,18,19830618,169,10
13443,1983,207,24,19830812,224,10
13443,1983,208,66,19830628,179,10
13443,1983,215,65,19830727,208,10
13443,1983,253,13,19830709,190,10
13443,1983,310,5,19830513,133,10
13443,1983,313,29,19831017,290,10
13443,1983,322,29,19831014,287,10
13443,1983,330,5,19830427,117,10
13443,1983,340,29,19830801,213,10
13443,1983,340,5,19830511,131,10
13443,1983,350,4,19830422,112,10
13443,1983,350,5,19830429,119,10
13443,1983,372,29,19830825,237,10
13443,1984,102,5,19840425,115,10
13443,1984,103,62,19840923,266,10
13443,1984,107,8,19840514,134,10
13443,1984,108,5,19840531,151,10
13443,1984,112,4,19840428,118,10
13443,1984,113,5,19840310,69,10
13443,1984,114,5,19840821,233,10
13443,1984,116,5,19840321,80,10
13443,1984,117,5,19840622,173,10
13443,1984,118,8,19840508,128,10
13443,1984,120,5,19840427,117,10
13443,1984,122,31,19841027,300,10
13443,1984,122,4,19840430,120,10
13443,1984,122,62,19841012,285,10
13443,1984,124,5,19840415,105,10
13443,1984,127,5,19840312,71,10
13443,1984,129,5,19840626,177,10
13443,1984,132,4,19840504,124,10
13443,1984,136,6,19840603,154,10
13443,1984,202,18,19840618,169,10
13443,1984,203,10,19841014,287,10
13443,1984,203,12,19841026,299,10
13443,1984,203,18,19840517,137,10
13443,1984,203,24,19840814,226,10
13443,1984,204,24,19840730,211,10
13443,1984,205,5,19840520,140,10
13443,1984,207,10,19840320,79,10
13443,1984,207,12,19840417,107,10
13443,1984,207,18,19840627,178,10
13443,1984,207,24,19840810,222,10
13443,1984,208,66,19840707,188,10
13443,1984,215,65,19840814,226,10
13443,1984,253,13,19840713,194,10
13443,1984,310,5,19840515,135,10
13443,1984,313,29,19841011,284,10
13443,1984,320,5,19840517,137,10
13443,1984,322,29,19841014,287,10
13443,1984,330,5,19840504,124,10
13443,1984,340,29,19840812,224,10
13443,1984,340,5,19840516,136,10
13443,1984,350,29,19840717,198,10
13443,1984,350,4,19840416,106,10
13443,1984,350,5,19840424,114,10
13443,1984,372,29,19841025,298,10
13443,1985,102,5,19850410,100,10
13443,1985,103,62,19850910,253,10
13443,1985,107,8,19850516,136,10
13443,1985,108,5,19850520,140,10
13443,1985,112,31,19851023,296,10
13443,1985,112,4,19850429,119,10
13443,1985,113,5,19850323,82,10
13443,1985,114,5,19850829,241,10
13443,1985,116,5,19850329,88,10
13443,1985,117,5,19850617,168,10
13443,1985,118,8,19850513,133,10
13443,1985,120,5,19850508,128,10
13443,1985,122,31,19851025,298,10
13443,1985,122,4,19850509,129,10
13443,1985,122,5,19850518,138,10
13443,1985,122,62,19851010,283,10
13443,1985,124,5,19850405,95,10
13443,1985,127,5,19850303,62,10
13443,1985,129,5,19850615,166,10
13443,1985,129,62,19851007,280,10
13443,1985,132,31,19851107,311,10
13443,1985,132,4,19850523,143,10
13443,1985,136,6,19850606,157,10
13443,1985,202,18,19850621,172,10
13443,1985,203,10,19850915,258,10
13443,1985,203,12,19850927,270,10
13443,1985,203,18,19850526,146,10
13443,1985,203,24,19850810,222,10
13443,1985,203,6,19850609,160,10
13443,1985,204,24,19850725,206,10
13443,1985,205,5,19850514,134,10
13443,1985,207,10,19850308,67,10
13443,1985,207,12,19850402,92,10
13443,1985,207,18,19850620,171,10
13443,1985,207,24,19850812,224,10
13443,1985,208,66,19850629,180,10
13443,1985,215,65,19850811,223,10
13443,1985,253,13,19850629,180,10
13443,1985,310,5,19850517,137,10
13443,1985,313,29,19851103,307,10
13443,1985,322,29,19851015,288,10
13443,1985,330,5,19850510,130,10
13443,1985,331,29,19850722,203,10
13443,1985,340,29,19850722,203,10
13443,1985,340,5,19850517,137,10
13443,1985,350,29,19850723,204,10
13443,1985,350,4,19850330,89,10
13443,1985,350,5,19850430,120,10
13443,1985,372,29,19851006,279,10
13443,1986,102,5,19860424,114,10
13443,1986,107,8,19860502,122,10
13443,1986,108,5,19860517,137,10
13443,1986,112,4,19860428,118,10
13443,1986,114,5,19860902,245,10
13443,1986,120,5,19860430,120,10
13443,1986,122,4,19860426,116,10
13443,1986,122,5,19860510,130,10
13443,1986,124,5,19860415,105,10
13443,1986,127,5,19860312,71,10
13443,1986,132,4,19860507,127,10
13443,1986,136,6,19860610,161,10
13443,1986,138,5,19860501,121,10
13443,1986,203,10,19860930,273,10
13443,1986,203,12,19861008,281,10
13443,1986,203,18,19860521,141,10
13443,1986,203,24,19860726,207,10
13443,1986,203,6,19860603,154,10
13443,1986,204,24,19860715,196,10
13443,1986,205,5,19860511,131,10
13443,1986,207,10,19860319,78,10
13443,1986,207,12,19860419,109,10
13443,1986,207,18,19860620,171,10
13443,1986,207,24,19860811,223,10
13443,1986,310,5,19860510,130,10
13443,1986,313,29,19861005,278,10
13443,1986,330,5,19860504,124,10
13443,1986,350,4,19860410,100,10
13443,1986,350,5,19860418,108,10
13443,1987,102,5,19870415,105,10
13443,1987,103,62,19870902,245,10
13443,1987,107,8,19870510,130,10
13443,1987,108,5,19870523,143,10
13443,1987,112,31,19871007,280,10
13443,1987,112,4,19870428,118,10
13443,1987,113,5,19870419,109,10
13443,1987,114,5,19870827,239,10
13443,1987,116,5,19870407,97,10
13443,1987,117,5,19870701,182,10
13443,1987,118,8,19870513,133,10
13443,1987,120,5,19870429,119,10
13443,1987,122,31,19871016,289,10
13443,1987,122,4,19870429,119,10
13443,1987,122,5,19870519,139,10
13443,1987,124,5,19870413,103,10
13443,1987,129,5,19870702,183,10
13443,1987,130,5,19870713,194,10
13443,1987,132,31,19871031,304,10
13443,1987,132,4,19870515,135,10
13443,1987,202,18,19870704,185,10
13443,1987,203,10,19870928,271,10
13443,1987,203,12,19871010,283,10
13443,1987,203,24,19870821,233,10
13443,1987,203,6,19870703,184,10
13443,1987,204,24,19870729,210,10
13443,1987,205,5,19870511,131,10
13443,1987,207,10,19870403,93,10
13443,1987,207,12,19870422,112,10
13443,1987,207,18,19870708,189,10
13443,1987,207,24,19870822,234,10
13443,1987,208,66,19870704,185,10
13443,1987,215,65,19870818,230,10
13443,1987,253,13,19870706,187,10
13443,1987,313,29,19871006,279,10
13443,1987,320,5,19870515,135,10
13443,1987,322,29,19871027,300,10
13443,1987,330,5,19870507,127,10
13443,1987,331,29,19870716,197,10
13443,1987,340,29,19870715,196,10
13443,1987,340,5,19870512,132,10
13443,1987,350,29,19870812,224,10
13443,1987,350,4,19870421,111,10
13443,1987,350,5,19870429,119,10
13443,1987,371,29,19870924,267,10
13443,1987,372,29,19870924,267,10
13443,1988,102,5,19880411,101,10
13443,1988,103,62,19880727,208,10
13443,1988,107,8,19880509,129,10
13443,1988,108,5,19880516,136,10
13443,1988,112,31,19881022,295,10
13443,1988,112,4,19880422,112,10
13443,1988,113,5,19880205,36,10
13443,1988,114,5,19880820,232,10
13443,1988,116,5,19880315,74,10
13443,1988,117,5,19880608,159,10
13443,1988,118,8,19880518,138,10
13443,1988,120,5,19880423,113,10
13443,1988,122,31,19881012,285,10
13443,1988,122,4,19880425,115,10
13443,1988,122,5,19880520,140,10
13443,1988,124,5,19880401,91,10
13443,1988,127,5,19880201,32,10
13443,1988,129,5,19880607,158,10
13443,1988,130,5,19880716,197,10
13443,1988,132,31,19881028,301,10
13443,1988,136,6,19880608,159,10
13443,1988,138,5,19880424,114,10
13443,1988,202,18,19880601,152,10
13443,1988,203,10,19880930,273,10
13443,1988,203,12,19881007,280,10
13443,1988,203,18,19880517,137,10
13443,1988,203,24,19880810,222,10
13443,1988,203,6,19880608,159,10
13443,1988,204,24,19880709,190,10
13443,1988,205,5,19880510,130,10
13443,1988,207,10,19880405,95,10
13443,1988,207,12,19880419,109,10
13443,1988,207,18,19880616,167,10
13443,1988,207,24,19880815,227,10
13443,1988,208,66,19880627,178,10
13443,1988,215,65,19880723,204,10
13443,1988,253,13,19880618,169,10
13443,1988,310,5,19880510,130,10
13443,1988,313,29,19881013,286,10
13443,1988,320,5,19880505,125,10
13443,1988,322,29,19881015,288,10
13443,1988,330,5,19880506,126,10
13443,1988,331,29,19880709,190,10
13443,1988,340,29,19880720,201,10
13443,1988,340,5,19880510,130,10
13443,1988,350,4,19880402,92,10
13443,1988,350,5,19880416,106,10
13443,1988,371,29,19880914,257,10
13443,1988,372,29,19880924,267,10
13443,1989,102,5,19890318,77,10
13443,1989,107,8,19890424,114,10
13443,1989,108,5,19890504,124,10
13443,1989,112,31,19891018,291,10
13443,1989,112,4,19890412,102,10
13443,1989,113,5,19890124,24,10
13443,1989,114,5,19890811,223,10
13443,1989,116,5,19890301,60,10
13443,1989,118,8,19890510,130,10
13443,1989,120,5,19890330,89,10
13443,1989,122,31,19891008,281,10
13443,1989,122,4,19890416,106,10
13443,1989,122,5,19890510,130,10
13443,1989,124,5,19890302,61,10
13443,1989,127,5,19890116,16,10
13443,1989,132,31,19891028,301,10
13443,1989,132,4,19890429,119,10
13443,1989,136,6,19890528,148,10
13443,1989,203,10,19891001,274,10
13443,1989,203,12,19891012,285,10
13443,1989,203,18,19890510,130,10
13443,1989,203,24,19890808,220,10
13443,1989,203,6,19890529,149,10
13443,1989,204,24,19890704,185,10
13443,1989,205,5,19890510,130,10
13443,1989,207,24,19890805,217,10
13443,1989,310,5,19890430,120,10
13443,1989,313,29,19891014,287,10
13443,1989,320,5,19890418,108,10
13443,1989,330,5,19890416,106,10
13443,1989,331,29,19890709,190,10
13443,1989,340,5,19890424,114,10
13443,1989,350,4,19890315,74,10
13443,1989,350,5,19890326,85,10
13443,1990,102,5,19900329,88,10
13443,1990,103,62,19900830,242,10
13443,1990,107,8,19900505,125,10
13443,1990,108,5,19900513,133,10
13443,1990,112,31,19901015,288,10
13443,1990,112,4,19900413,103,10
13443,1990,113,5,19900124,24,10
13443,1990,114,5,19900808,220,10
13443,1990,116,5,19900222,53,10
13443,1990,117,5,19900530,150,10
13443,1990,118,8,19900503,123,10
13443,1990,120,5,19900405,95,10
13443,1990,121,5,19900524,144,10
13443,1990,122,31,19901018,291,10
13443,1990,122,62,19900924,267,10
13443,1990,127,5,19900221,52,10
13443,1990,129,5,19900521,141,10
13443,1990,130,5,19900609,160,10
13443,1990,132,4,19900514,134,10
13443,1990,136,6,19900524,144,10
13443,1990,202,18,19900605,156,10
13443,1990,203,10,19901010,283,10
13443,1990,203,12,19901021,294,10
13443,1990,203,18,19900508,128,10
13443,1990,203,24,19900802,214,10
13443,1990,203,6,19900602,153,10
13443,1990,204,24,19900711,192,10
13443,1990,205,5,19900502,122,10
13443,1990,207,10,19900224,55,10
13443,1990,207,12,19900317,76,10
13443,1990,208,66,19900622,173,10
13443,1990,215,65,19900724,205,10
13443,1990,253,13,19900619,170,10
13443,1990,310,5,19900421,111,10
13443,1990,313,29,19901015,288,10
13443,1990,320,5,19900404,94,10
13443,1990,322,29,19901017,290,10
13443,1990,330,5,19900403,93,10
13443,1990,331,29,19900702,183,10
13443,1990,340,29,19900723,204,10
13443,1990,340,5,19900508,128,10
13443,1990,350,5,19900403,93,10
13443,1990,371,29,19900817,229,10
13443,1990,372,29,19900917,260,10
13443,1991,102,5,19910401,91,10
13443,1991,103,62,19910904,247,10
13443,1991,112,31,19911016,289,10
13443,1991,112,4,19910408,98,10
13443,1991,113,5,19910224,55,10
13443,1991,116,5,19910308,67,10
13443,1991,117,5,19910619,170,10
13443,1991,120,5,19910421,111,10
13443,1991,122,31,19911027,300,10
13443,1991,122,4,19910413,103,10
13443,1991,122,62,19911016,289,10
13443,1991,124,5,19910318,77,10
13443,1991,127,5,19910302,61,10
13443,1991,129,5,19910620,171,10
13443,1991,129,62,19910911,254,10
13443,1991,132,31,19911110,314,10
13443,1991,132,62,19911028,301,10
13443,1991,202,18,19910624,175,10
13443,1991,203,10,19911002,275,10
13443,1991,203,12,19911013,286,10
13443,1991,203,24,19910815,227,10
13443,1991,208,66,19910710,191,10
13443,1991,215,65,19910804,216,10
13443,1991,253,13,19910702,183,10
13443,1991,311,29,19910901,244,10
13443,1991,311,5,19910519,139,10
13443,1991,313,29,19911020,293,10
13443,1991,320,5,19910517,137,10
13443,1991,322,29,19911011,284,10
13443,1991,330,5,19910505,125,10
13443,1991,340,29,19910805,217,10
13443,1991,340,5,19910505,125,10
13443,1991,350,4,19910316,75,10
13443,1991,350,5,19910330,89,10
13443,1991,360,29,19910717,198,10
13443,1991,360,5,19910506,126,10
13443,1991,371,29,19910923,266,10
13443,1992,101,5,19920625,176,10
13443,1992,102,5,19920406,96,10
13443,1992,103,3,19920429,119,10
13443,1992,103,32,19921027,300,10
13443,1992,103,4,19920505,125,10
13443,1992,103,5,19920524,144,10
13443,1992,103,62,19920826,238,10
13443,1992,104,4,19920510,130,10
13443,1992,104,5,19920512,132,10
13443,1992,105,61,19920416,106,10
13443,1992,105,63,19921008,281,10
13443,1992,105,64,19921030,303,10
13443,1992,107,8,19920512,132,10
13443,1992,108,5,19920516,136,10
13443,1992,112,3,19920423,113,10
13443,1992,112,31,19921008,281,10
13443,1992,112,32,19921101,305,10
13443,1992,112,4,19920427,117,10
13443,1992,113,5,19920212,43,10
13443,1992,114,5,19920810,222,10
13443,1992,116,5,19920310,69,10
13443,1992,117,5,19920601,152,10
13443,1992,117,62,19920911,254,10
13443,1992,118,5,19920522,142,10
13443,1992,118,8,19920514,134,10
13443,1992,119,5,19920404,94,10
13443,1992,120,5,19920422,112,10
13443,1992,121,5,19920601,152,10
13443,1992,122,31,19921008,281,10
13443,1992,122,32,19921022,295,10
13443,1992,122,4,19920428,118,10
13443,1992,122,5,19920515,135,10
13443,1992,122,62,19920924,267,10
13443,1992,123,31,19921012,285,10
13443,1992,123,32,19921029,302,10
13443,1992,123,4,19920501,121,10
13443,1992,124,5,19920323,82,10
13443,1992,125,5,19920420,110,10
13443,1992,127,5,19920210,41,10
13443,1992,129,5,19920601,152,10
13443,1992,129,62,19920830,242,10
13443,1992,130,5,19920619,170,10
13443,1992,132,31,19921010,283,10
13443,1992,132,32,19921026,299,10
13443,1992,132,4,19920509,129,10
13443,1992,132,62,19920928,271,10
13443,1992,135,5,19920517,137,10
13443,1992,135,6,19920524,144,10
13443,1992,136,6,19920525,145,10
13443,1992,138,5,19920428,118,10
13443,1992,138,62,19921010,283,10
13443,1992,201,1,19920317,76,10
13443,1992,201,25,19920518,138,10
13443,1992,201,27,19920721,202,10
13443,1992,202,10,19920928,271,10
13443,1992,202,12,19921014,287,10
13443,1992,202,15,19920510,130,10
13443,1992,202,18,19920531,151,10
13443,1992,202,19,19920708,189,10
13443,1992,202,21,19920720,201,10
13443,1992,202,24,19920729,210,10
13443,1992,203,10,19920924,267,10
13443,1992,203,12,19921005,278,10
13443,1992,203,15,19920501,121,10
13443,1992,203,18,19920519,139,10
13443,1992,203,21,19920804,216,10
13443,1992,203,24,19920816,228,10
13443,1992,203,5,19920531,151,10
13443,1992,203,6,19920605,156,10
13443,1992,204,10,19920911,254,10
13443,1992,204,12,19920923,266,10
13443,1992,204,15,19920430,120,10
13443,1992,204,18,19920521,141,10
13443,1992,204,21,19920624,175,10
13443,1992,204,24,19920708,189,10
13443,1992,205,10,19920817,229,10
13443,1992,205,12,19920829,241,10
13443,1992,205,17,19920420,110,10
13443,1992,205,22,19920721,202,10
13443,1992,205,24,19920808,220,10
13443,1992,205,5,19920510,130,10
13443,1992,205,67,19920421,111,10
13443,1992,208,10,19920311,70,10
13443,1992,208,12,19920410,100,10
13443,1992,208,15,19920518,138,10
13443,1992,208,19,19920715,196,10
13443,1992,208,21,19920729,210,10
13443,1992,208,24,19920817,229,10
13443,1992,208,66,19920613,164,10
13443,1992,209,17,19920621,172,10
13443,1992,209,24,19920914,257,10
13443,1992,209,5,19920720,201,10
13443,1992,215,10,19920421,111,10
13443,1992,215,12,19920519,139,10
13443,1992,215,19,19920817,229,10
13443,1992,215,20,19920831,243,10
13443,1992,215,21,19920908,251,10
13443,1992,215,24,19920910,253,10
13443,1992,215,5,19920721,202,10
13443,1992,215,65,19920713,194,10
13443,1992,252,10,19920410,100,10
13443,1992,252,12,19920510,130,10
13443,1992,252,13,19920624,175,10
13443,1992,252,24,19921010,283,10
13443,1992,311,29,19920810,222,10
13443,1992,311,3,19920424,114,10
13443,1992,311,32,19921013,286,10
13443,1992,311,5,19920511,131,10
13443,1992,311,6,19920516,136,10
13443,1992,311,7,19920524,144,10
13443,1992,313,29,19921016,289,10
13443,1992,313,3,19920430,120,10
13443,1992,313,32,19921021,294,10
13443,1992,313,5,19920516,136,10
13443,1992,313,6,19920521,141,10
13443,1992,313,7,19920525,145,10
13443,1992,322,5,19920509,129,10
13443,1992,322,6,19920514,134,10
13443,1992,322,7,19920520,140,10
13443,1992,332,29,19920617,168,10
13443,1992,332,31,19921004,277,10
13443,1992,332,5,19920424,114,10
13443,1992,332,6,19920502,122,10
13443,1992,332,7,19920508,128,10
13443,1992,340,29,19920725,206,10
13443,1992,340,5,19920426,116,10
13443,1992,340,6,19920503,123,10
13443,1992,340,7,19920514,134,10
13443,1992,350,29,19920711,192,10
13443,1992,350,3,19920325,84,10
13443,1992,350,4,19920329,88,10
13443,1992,350,5,19920407,97,10
13443,1992,360,29,19920625,176,10
13443,1992,360,5,19920426,116,10
13443,1993,101,5,19930717,198,10
13443,1993,102,5,19930407,97,10
13443,1993,103,3,19930329,88,10
13443,1993,103,32,19931012,285,10
13443,1993,103,4,19930421,111,10
13443,1993,103,5,19930523,143,10
13443,1993,103,62,19930726,207,10
13443,1993,104,4,19930428,118,10
13443,1993,104,5,19930419,109,10
13443,1993,105,61,19930413,103,10
13443,1993,105,63,19931012,285,10
13443,1993,105,64,19931029,302,10
13443,1993,107,8,19930430,120,10
13443,1993,108,5,19930501,121,10
13443,1993,109,5,19930404,94,10
13443,1993,112,3,19930415,105,10
13443,1993,112,31,19931010,283,10
13443,1993,112,32,19931014,287,10
13443,1993,112,4,19930420,110,10
13443,1993,112,5,19930429,119,10
13443,1993,113,5,19930215,46,10
13443,1993,114,5,19930801,213,10
13443,1993,116,5,19930319,78,10
13443,1993,117,5,19930526,146,10
13443,1993,117,62,19930920,263,10
13443,1993,118,5,19930508,128,10
13443,1993,118,8,19930502,122,10
13443,1993,119,5,19930408,98,10
13443,1993,120,5,19930422,112,10
13443,1993,121,5,19930428,118,10
13443,1993,122,3,19930415,105,10
13443,1993,122,31,19930928,271,10
13443,1993,122,32,19931004,277,10
13443,1993,122,4,19930420,110,10
13443,1993,122,5,19930430,120,10
13443,1993,122,62,19930922,265,10
13443,1993,123,31,19930930,273,10
13443,1993,123,32,19931013,286,10
13443,1993,123,4,19930425,115,10
13443,1993,124,5,19930328,87,10
13443,1993,125,5,19930423,113,10
13443,1993,127,5,19930214,45,10
13443,1993,128,4,19930501,121,10
13443,1993,128,5,19930321,80,10
13443,1993,129,5,19930525,145,10
13443,1993,129,62,19930827,239,10
13443,1993,130,5,19930613,164,10
13443,1993,132,31,19931008,281,10
13443,1993,132,32,19931021,294,10
13443,1993,132,4,19930428,118,10
13443,1993,132,62,19930926,269,10
13443,1993,135,5,19930510,130,10
13443,1993,135,6,19930523,143,10
13443,1993,136,6,19930606,157,10
13443,1993,138,5,19930511,131,10
13443,1993,138,62,19930924,267,10
13443,1993,201,1,19930320,79,10
13443,1993,201,25,19930525,145,10
13443,1993,201,27,19930716,197,10
13443,1993,202,10,19930930,273,10
13443,1993,202,12,19931013,286,10
13443,1993,202,15,19930429,119,10
13443,1993,202,18,19930526,146,10
13443,1993,202,19,19930714,195,10
13443,1993,202,21,19930727,208,10
13443,1993,202,24,19930809,221,10
13443,1993,203,10,19931001,274,10
13443,1993,203,12,19931009,282,10
13443,1993,203,15,19930421,111,10
13443,1993,203,18,19930510,130,10
13443,1993,203,21,19930724,205,10
13443,1993,203,24,19930806,218,10
13443,1993,203,5,19930526,146,10
13443,1993,203,6,19930530,150,10
13443,1993,204,10,19930911,254,10
13443,1993,204,12,19930921,264,10
13443,1993,204,15,19930426,116,10
13443,1993,204,18,19930511,131,10
13443,1993,204,21,19930621,172,10
13443,1993,204,24,19930711,192,10
13443,1993,205,10,19930816,228,10
13443,1993,205,12,19930824,236,10
13443,1993,205,14,19930928,271,10
13443,1993,205,17,19930414,104,10
13443,1993,205,22,19930715,196,10
13443,1993,205,24,19930720,201,10
13443,1993,205,5,19930426,116,10
13443,1993,205,67,19930406,96,10
13443,1993,208,10,19930324,83,10
13443,1993,208,12,19930412,102,10
13443,1993,208,15,19930523,143,10
13443,1993,208,19,19930717,198,10
13443,1993,208,21,19930809,221,10
13443,1993,208,24,19930816,228,10
13443,1993,208,66,19930604,155,10
13443,1993,209,10,19930427,117,10
13443,1993,209,12,19930508,128,10
13443,1993,209,17,19930705,186,10
13443,1993,209,24,19930830,242,10
13443,1993,209,5,19930716,197,10
13443,1993,215,10,19930421,111,10
13443,1993,215,12,19930430,120,10
13443,1993,215,19,19930824,236,10
13443,1993,215,20,19930913,256,10
13443,1993,215,21,19930919,262,10
13443,1993,215,24,19930923,266,10
13443,1993,215,5,19930715,196,10
13443,1993,215,65,19930711,192,10
13443,1993,215,67,19930510,130,10
13443,1993,252,10,19930402,92,10
13443,1993,252,12,19930425,115,10
13443,1993,252,13,19930605,156,10
13443,1993,252,24,19930919,262,10
13443,1993,311,29,19930726,207,10
13443,1993,311,3,19930415,105,10
13443,1993,311,32,19931010,283,10
13443,1993,311,5,19930429,119,10
13443,1993,311,6,19930501,121,10
13443,1993,311,7,19930509,129,10
13443,1993,313,29,19930924,267,10
13443,1993,313,3,19930421,111,10
13443,1993,313,32,19931018,291,10
13443,1993,313,5,19930501,121,10
13443,1993,313,6,19930504,124,10
13443,1993,313,7,19930511,131,10
13443,1993,322,29,19930830,242,10
13443,1993,322,5,19930427,117,10
13443,1993,322,6,19930430,120,10
13443,1993,322,7,19930508,128,10
13443,1993,332,29,19930614,165,10
13443,1993,332,31,19930925,268,10
13443,1993,332,5,19930424,114,10
13443,1993,332,6,19930427,117,10
13443,1993,332,7,19930506,126,10
13443,1993,340,29,19930703,184,10
13443,1993,340,5,19930427,117,10
13443,1993,340,6,19930430,120,10
13443,1993,340,7,19930507,127,10
13443,1993,350,29,19930621,172,10
13443,1993,350,3,19930402,92,10
13443,1993,350,4,19930410,100,10
13443,1993,350,5,19930422,112,10
13443,1993,360,29,19930621,172,10
13443,1993,360,5,19930425,115,10
13443,1994,101,5,19940628,179,10
13443,1994,102,5,19940330,89,10
13443,1994,103,3,19940331,90,10
13443,1994,103,32,19941019,292,10
13443,1994,103,4,19940418,108,10
13443,1994,103,5,19940529,149,10
13443,1994,103,62,19940727,208,10
13443,1994,104,4,19940426,116,10
13443,1994,104,5,19940502,122,10
13443,1994,105,61,19940418,108,10
13443,1994,105,63,19941016,289,10
13443,1994,105,64,19941029,302,10
13443,1994,107,8,19940501,121,10
13443,1994,108,5,19940430,120,10
13443,1994,109,5,19940330,89,10
13443,1994,112,3,19940421,111,10
13443,1994,112,31,19941017,290,10
13443,1994,112,32,19941027,300,10
13443,1994,112,4,19940426,116,10
13443,1994,112,5,19940428,118,10
13443,1994,113,5,19940128,28,10
13443,1994,114,5,19940817,229,10
13443,1994,116,5,19940301,60,10
13443,1994,117,5,19940529,149,10
13443,1994,117,62,19940919,262,10
13443,1994,118,5,19940512,132,10
13443,1994,118,8,19940502,122,10
13443,1994,119,5,19940402,92,10
13443,1994,120,5,19940420,110,10
13443,1994,121,5,19940504,124,10
13443,1994,122,3,19940419,109,10
13443,1994,122,31,19940928,271,10
13443,1994,122,32,19941010,283,10
13443,1994,122,4,19940426,116,10
13443,1994,122,5,19940505,125,10
13443,1994,122,62,19940926,269,10
13443,1994,123,31,19940929,272,10
13443,1994,123,32,19941018,291,10
13443,1994,123,4,19940426,116,10
13443,1994,124,5,19940323,82,10
13443,1994,125,5,19940418,108,10
13443,1994,127,5,19940131,31,10
13443,1994,128,4,19940505,125,10
13443,1994,128,5,19940227,58,10
13443,1994,129,5,19940601,152,10
13443,1994,129,62,19940823,235,10
13443,1994,130,5,19940620,171,10
13443,1994,131,5,19940423,113,10
13443,1994,132,31,19941014,287,10
13443,1994,132,32,19941104,308,10
13443,1994,132,4,19940429,119,10
13443,1994,132,62,19940924,267,10
13443,1994,135,5,19940513,133,10
13443,1994,135,6,19940524,144,10
13443,1994,136,6,19940610,161,10
13443,1994,138,5,19940516,136,10
13443,1994,138,62,19940926,269,10
13443,1994,201,1,19940321,80,10
13443,1994,201,25,19940527,147,10
13443,1994,201,27,19940724,205,10
13443,1994,202,10,19940928,271,10
13443,1994,202,12,19941010,283,10
13443,1994,202,15,19940502,122,10
13443,1994,202,18,19940612,163,10
13443,1994,202,19,19940716,197,10
13443,1994,202,21,19940724,205,10
13443,1994,202,24,19940730,211,10
13443,1994,203,10,19940922,265,10
13443,1994,203,12,19941002,275,10
13443,1994,203,15,19940428,118,10
13443,1994,203,18,19940517,137,10
13443,1994,203,21,19940724,205,10
13443,1994,203,24,19940801,213,10
13443,1994,203,5,19940528,148,10
13443,1994,203,6,19940601,152,10
13443,1994,204,10,19940902,245,10
13443,1994,204,12,19940913,256,10
13443,1994,204,15,19940425,115,10
13443,1994,204,18,19940517,137,10
13443,1994,204,21,19940628,179,10
13443,1994,204,24,19940711,192,10
13443,1994,205,10,19940804,216,10
13443,1994,205,12,19940814,226,10
13443,1994,205,14,19940911,254,10
13443,1994,205,17,19940418,108,10
13443,1994,205,22,19940720,201,10
13443,1994,205,24,19940722,203,10
13443,1994,205,5,19940502,122,10
13443,1994,205,67,19940331,90,10
13443,1994,208,10,19940331,90,10
13443,1994,208,12,19940418,108,10
13443,1994,208,15,19940517,137,10
13443,1994,208,19,19940721,202,10
13443,1994,208,21,19940728,209,10
13443,1994,208,24,19940730,211,10
13443,1994,208,66,19940620,171,10
13443,1994,209,10,19940510,130,10
13443,1994,209,12,19940522,142,10
13443,1994,209,17,19940704,185,10
13443,1994,209,24,19940914,257,10
13443,1994,209,5,19940720,201,10
13443,1994,215,10,19940427,117,10
13443,1994,215,12,19940512,132,10
13443,1994,215,19,19940815,227,10
13443,1994,215,20,19940823,235,10
13443,1994,215,21,19940901,244,10
13443,1994,215,24,19940919,262,10
13443,1994,215,5,19940720,201,10
13443,1994,215,65,19940711,192,10
13443,1994,215,67,19940520,140,10
13443,1994,252,10,19940420,110,10
13443,1994,252,12,19940503,123,10
13443,1994,252,13,19940610,161,10
13443,1994,252,24,19941007,280,10
13443,1994,311,29,19940725,206,10
13443,1994,311,3,19940423,113,10
13443,1994,311,32,19941011,284,10
13443,1994,311,5,19940502,122,10
13443,1994,311,6,19940504,124,10
13443,1994,311,7,19940517,137,10
13443,1994,313,29,19940921,264,10
13443,1994,313,3,19940427,117,10
13443,1994,313,32,19941020,293,10
13443,1994,313,5,19940505,125,10
13443,1994,313,6,19940509,129,10
13443,1994,313,7,19940520,140,10
13443,1994,322,29,19940827,239,10
13443,1994,322,5,19940430,120,10
13443,1994,322,6,19940503,123,10
13443,1994,322,7,19940511,131,10
13443,1994,332,29,19940628,179,10
13443,1994,332,31,19941004,277,10
13443,1994,332,5,19940424,114,10
13443,1994,332,6,19940428,118,10
13443,1994,332,7,19940508,128,10
13443,1994,340,29,19940708,189,10
13443,1994,340,5,19940428,118,10
13443,1994,340,6,19940502,122,10
13443,1994,340,7,19940509,129,10
13443,1994,350,29,19940627,178,10
13443,1994,350,3,19940320,79,10
13443,1994,350,4,19940410,100,10
13443,1994,350,5,19940417,107,10
13443,1994,360,29,19940704,185,10
13443,1994,360,5,19940426,116,10
13443,1995,101,5,19950706,187,10
13443,1995,102,5,19950328,87,10
13443,1995,103,3,19950409,99,10
13443,1995,103,32,19951014,287,10
13443,1995,103,4,19950428,118,10
13443,1995,103,5,19950519,139,10
13443,1995,103,62,19950729,210,10
13443,1995,104,4,19950425,115,10
13443,1995,104,5,19950515,135,10
13443,1995,105,61,19950412,102,10
13443,1995,105,63,19951018,291,10
13443,1995,105,64,19951030,303,10
13443,1995,107,8,19950501,121,10
13443,1995,108,5,19950510,130,10
13443,1995,109,5,19950403,93,10
13443,1995,112,3,19950412,102,10
13443,1995,112,31,19951028,301,10
13443,1995,112,32,19951110,314,10
13443,1995,112,4,19950418,108,10
13443,1995,112,5,19950501,121,10
13443,1995,113,5,19950202,33,10
13443,1995,114,5,19950820,232,10
13443,1995,116,5,19950222,53,10
13443,1995,117,5,19950606,157,10
13443,1995,117,62,19950924,267,10
13443,1995,118,5,19950511,131,10
13443,1995,118,8,19950503,123,10
13443,1995,119,5,19950407,97,10
13443,1995,119,62,19951010,283,10
13443,1995,120,5,19950421,111,10
13443,1995,121,5,19950503,123,10
13443,1995,122,3,19950414,104,10
13443,1995,122,31,19951026,299,10
13443,1995,122,32,19951103,307,10
13443,1995,122,4,19950418,108,10
13443,1995,122,5,19950508,128,10
13443,1995,122,62,19950930,273,10
13443,1995,123,31,19951023,296,10
13443,1995,123,32,19951104,308,10
13443,1995,123,4,19950425,115,10
13443,1995,124,5,19950314,73,10
13443,1995,125,5,19950418,108,10
13443,1995,127,5,19950202,33,10
13443,1995,128,4,19950428,118,10
13443,1995,128,5,19950323,82,10
13443,1995,129,5,19950601,152,10
13443,1995,129,62,19950829,241,10
13443,1995,130,5,19950629,180,10
13443,1995,131,5,19950429,119,10
13443,1995,132,31,19951014,287,10
13443,1995,132,32,19951107,311,10
13443,1995,132,4,19950505,125,10
13443,1995,132,62,19950929,272,10
13443,1995,135,5,19950510,130,10
13443,1995,135,6,19950525,145,10
13443,1995,136,6,19950605,156,10
13443,1995,138,5,19950509,129,10
13443,1995,138,62,19950930,273,10
13443,1995,201,1,19950314,73,10
13443,1995,201,25,19950530,150,10
13443,1995,202,10,19950926,269,10
13443,1995,202,12,19951009,282,10
13443,1995,202,15,19950502,122,10
13443,1995,202,18,19950606,157,10
13443,1995,202,19,19950719,200,10
13443,1995,202,21,19950724,205,10
13443,1995,202,24,19950802,214,10
13443,1995,203,10,19950920,263,10
13443,1995,203,12,19950929,272,10
13443,1995,203,15,19950420,110,10
13443,1995,203,18,19950520,140,10
13443,1995,203,21,19950728,209,10
13443,1995,203,24,19950804,216,10
13443,1995,203,5,19950606,157,10
13443,1995,203,6,19950608,159,10
13443,1995,204,10,19950906,249,10
13443,1995,204,12,19950914,257,10
13443,1995,204,15,19950421,111,10
13443,1995,204,18,19950512,132,10
13443,1995,204,21,19950702,183,10
13443,1995,204,24,19950717,198,10
13443,1995,205,10,19950810,222,10
13443,1995,205,12,19950816,228,10
13443,1995,205,14,19950912,255,10
13443,1995,205,17,19950418,108,10
13443,1995,205,22,19950723,204,10
13443,1995,205,24,19950726,207,10
13443,1995,205,5,19950425,115,10
13443,1995,205,67,19950327,86,10
13443,1995,208,10,19950313,72,10
13443,1995,208,12,19950410,100,10
13443,1995,208,15,19950512,132,10
13443,1995,208,19,19950730,211,10
13443,1995,208,21,19950805,217,10
13443,1995,208,24,19950825,237,10
13443,1995,208,66,19950623,174,10
13443,1995,209,10,19950502,122,10
13443,1995,209,12,19950512,132,10
13443,1995,209,16,19950529,149,10
13443,1995,209,17,19950714,195,10
13443,1995,209,24,19951002,275,10
13443,1995,209,5,19950722,203,10
13443,1995,215,10,19950502,122,10
13443,1995,215,12,19950512,132,10
13443,1995,215,19,19950825,237,10
13443,1995,215,20,19950829,241,10
13443,1995,215,21,19950912,255,10
13443,1995,215,24,19950925,268,10
13443,1995,215,5,19950730,211,10
13443,1995,215,65,19950717,198,10
13443,1995,215,67,19950603,154,10
13443,1995,252,10,19950410,100,10
13443,1995,252,12,19950502,122,10
13443,1995,252,13,19950624,175,10
13443,1995,252,24,19951006,279,10
13443,1995,311,29,19950810,222,10
13443,1995,311,3,19950419,109,10
13443,1995,311,32,19951011,284,10
13443,1995,311,5,19950504,124,10
13443,1995,311,6,19950509,129,10
13443,1995,311,7,19950514,134,10
13443,1995,313,29,19950927,270,10
13443,1995,313,3,19950427,117,10
13443,1995,313,32,19951024,297,10
13443,1995,313,5,19950506,126,10
13443,1995,313,6,19950512,132,10
13443,1995,313,7,19950515,135,10
13443,1995,322,29,19950908,251,10
13443,1995,322,5,19950503,123,10
13443,1995,322,6,19950507,127,10
13443,1995,322,7,19950514,134,10
13443,1995,332,29,19950705,186,10
13443,1995,332,31,19951001,274,10
13443,1995,332,5,19950421,111,10
13443,1995,332,6,19950426,116,10
13443,1995,332,7,19950508,128,10
13443,1995,340,29,19950718,199,10
13443,1995,340,5,19950426,116,10
13443,1995,340,6,19950430,120,10
13443,1995,340,7,19950510,130,10
13443,1995,350,29,19950710,191,10
13443,1995,350,3,19950320,79,10
13443,1995,350,4,19950411,101,10
13443,1995,350,5,19950416,106,10
13443,1995,360,29,19950704,185,10
13443,1995,360,5,19950425,115,10
13443,1996,101,5,19960709,190,10
13443,1996,102,5,19960423,113,10
13443,1996,103,3,19960425,115,10
13443,1996,103,32,19961016,289,10
13443,1996,103,4,19960430,120,10
13443,1996,103,5,19960605,156,10
13443,1996,103,62,19960814,226,10
13443,1996,104,4,19960527,147,10
13443,1996,104,5,19960428,118,10
13443,1996,105,61,19960423,113,10
13443,1996,105,63,19961020,293,10
13443,1996,105,64,19961105,309,10
13443,1996,107,8,19960415,105,10
13443,1996,108,5,19960525,145,10
13443,1996,109,5,19960422,112,10
13443,1996,112,3,19960423,113,10
13443,1996,112,31,19961024,297,10
13443,1996,112,32,19961107,311,10
13443,1996,112,4,19960426,116,10
13443,1996,112,5,19960502,122,10
13443,1996,113,5,19960325,84,10
13443,1996,114,5,19960817,229,10
13443,1996,116,5,19960321,80,10
13443,1996,117,5,19960612,163,10
13443,1996,117,62,19961007,280,10
13443,1996,118,5,19960528,148,10
13443,1996,118,8,19960510,130,10
13443,1996,119,5,19960423,113,10
13443,1996,119,62,19961012,285,10
13443,1996,120,5,19960430,120,10
13443,1996,121,5,19960610,161,10
13443,1996,122,3,19960423,113,10
13443,1996,122,31,19961004,277,10
13443,1996,122,32,19961014,287,10
13443,1996,122,4,19960425,115,10
13443,1996,122,5,19960524,144,10
13443,1996,122,62,19960928,271,10
13443,1996,123,31,19961002,275,10
13443,1996,123,32,19961014,287,10
13443,1996,123,4,19960429,119,10
13443,1996,124,5,19960415,105,10
13443,1996,125,5,19960430,120,10
13443,1996,127,5,19960317,76,10
13443,1996,128,4,19960509,129,10
13443,1996,128,5,19960328,87,10
13443,1996,129,5,19960610,161,10
13443,1996,129,62,19960904,247,10
13443,1996,130,5,19960708,189,10
13443,1996,131,5,19960524,144,10
13443,1996,132,31,19961022,295,10
13443,1996,132,32,19961106,310,10
13443,1996,132,4,19960501,121,10
13443,1996,132,62,19961020,293,10
13443,1996,135,5,19960528,148,10
13443,1996,135,6,19960610,161,10
13443,1996,136,6,19960618,169,10
13443,1996,138,5,19960512,132,10
13443,1996,138,62,19961006,279,10
13443,1996,201,1,19960411,101,10
13443,1996,201,25,19960604,155,10
13443,1996,202,10,19961001,274,10
13443,1996,202,12,19961014,287,10
13443,1996,202,15,19960506,126,10
13443,1996,202,18,19960613,164,10
13443,1996,202,19,19960805,217,10
13443,1996,202,21,19960812,224,10
13443,1996,202,24,19960826,238,10
13443,1996,203,10,19960930,273,10
13443,1996,203,12,19961011,284,10
13443,1996,203,15,19960501,121,10
13443,1996,203,18,19960527,147,10
13443,1996,203,21,19960808,220,10
13443,1996,203,24,19960820,232,10
13443,1996,203,5,19960610,161,10
13443,1996,203,6,19960614,165,10
13443,1996,204,10,19960917,260,10
13443,1996,204,12,19960929,272,10
13443,1996,204,15,19960429,119,10
13443,1996,204,18,19960530,150,10
13443,1996,204,21,19960715,196,10
13443,1996,204,24,19960722,203,10
13443,1996,205,10,19960816,228,10
13443,1996,205,12,19960827,239,10
13443,1996,205,14,19961010,283,10
13443,1996,205,17,19960425,115,10
13443,1996,205,22,19960811,223,10
13443,1996,205,24,19960824,236,10
13443,1996,205,5,19960519,139,10
13443,1996,205,67,19960425,115,10
13443,1996,208,10,19960328,87,10
13443,1996,208,12,19960419,109,10
13443,1996,208,15,19960523,143,10
13443,1996,208,19,19960810,222,10
13443,1996,208,21,19960816,228,10
13443,1996,208,24,19960825,237,10
13443,1996,208,66,19960620,171,10
13443,1996,209,10,19960426,116,10
13443,1996,209,12,19960510,130,10
13443,1996,209,16,19960604,155,10
13443,1996,209,17,19960725,206,10
13443,1996,209,24,19961018,291,10
13443,1996,209,5,19960729,210,10
13443,1996,215,10,19960422,112,10
13443,1996,215,12,19960513,133,10
13443,1996,215,19,19960904,247,10
13443,1996,215,20,19960923,266,10
13443,1996,215,21,19961010,283,10
13443,1996,215,24,19961021,294,10
13443,1996,215,5,19960812,224,10
13443,1996,215,65,19960802,214,10
13443,1996,215,67,19960619,170,10
13443,1996,253,10,19960415,105,10
13443,1996,253,12,19960429,119,10
13443,1996,253,13,19960623,174,10
13443,1996,253,24,19961012,285,10
13443,1996,311,29,19960816,228,10
13443,1996,311,3,19960425,115,10
13443,1996,311,32,19961011,284,10
13443,1996,311,5,19960518,138,10
13443,1996,311,6,19960521,141,10
13443,1996,311,7,19960527,147,10
13443,1996,313,29,19961005,278,10
13443,1996,313,3,19960428,118,10
13443,1996,313,32,19961030,303,10
13443,1996,313,5,19960514,134,10
13443,1996,313,6,19960523,143,10
13443,1996,313,7,19960529,149,10
13443,1996,322,29,19961005,278,10
13443,1996,322,5,19960508,128,10
13443,1996,322,6,19960513,133,10
13443,1996,322,7,19960523,143,10
13443,1996,332,29,19960718,199,10
13443,1996,332,31,19961002,275,10
13443,1996,332,5,19960429,119,10
13443,1996,332,6,19960502,122,10
13443,1996,332,7,19960513,133,10
13443,1996,340,29,19960720,201,10
13443,1996,340,5,19960507,127,10
13443,1996,340,6,19960512,132,10
13443,1996,340,7,19960516,136,10
13443,1996,350,29,19960715,196,10
13443,1996,350,3,19960418,108,10
13443,1996,350,4,19960423,113,10
13443,1996,350,5,19960427,117,10
13443,1996,360,29,19960708,189,10
13443,1996,360,5,19960507,127,10
13443,1997,101,5,19970714,195,10
13443,1997,102,5,19970310,69,10
13443,1997,103,3,19970401,91,10
13443,1997,103,32,19971025,298,10
13443,1997,103,4,19970411,101,10
13443,1997,103,5,19970519,139,10
13443,1997,103,62,19970805,217,10
13443,1997,104,4,19970427,117,10
13443,1997,104,5,19970527,147,10
13443,1997,105,61,19970329,88,10
13443,1997,105,63,19971017,290,10
13443,1997,105,64,19971110,314,10
13443,1997,107,8,19970428,118,10
13443,1997,108,5,19970518,138,10
13443,1997,109,5,19970314,73,10
13443,1997,112,3,19970403,93,10
13443,1997,112,31,19970925,268,10
13443,1997,112,32,19971010,283,10
13443,1997,112,4,19970413,103,10
13443,1997,112,5,19970410,100,10
13443,1997,113,5,19970224,55,10
13443,1997,114,5,19970815,227,10
13443,1997,116,5,19970306,65,10
13443,1997,117,5,19970609,160,10
13443,1997,117,62,19970913,256,10
13443,1997,118,5,19970521,141,10
13443,1997,118,8,19970510,130,10
13443,1997,119,5,19970313,72,10
13443,1997,119,62,19971004,277,10
13443,1997,120,5,19970410,100,10
13443,1997,121,5,19970611,162,10
13443,1997,122,3,19970408,98,10
13443,1997,122,31,19971012,285,10
13443,1997,122,32,19971022,295,10
13443,1997,122,4,19970412,102,10
13443,1997,122,5,19970519,139,10
13443,1997,122,62,19971006,279,10
13443,1997,123,31,19970929,272,10
13443,1997,123,32,19971016,289,10
13443,1997,123,4,19970430,120,10
13443,1997,124,5,19970307,66,10
13443,1997,125,5,19970403,93,10
13443,1997,127,5,19970223,54,10
13443,1997,128,4,19970506,126,10
13443,1997,128,5,19970306,65,10
13443,1997,129,5,19970602,153,10
13443,1997,129,62,19970829,241,10
13443,1997,130,5,19970630,181,10
13443,1997,131,5,19970426,116,10
13443,1997,132,31,19971020,293,10
13443,1997,132,32,19971110,314,10
13443,1997,132,4,19970505,125,10
13443,1997,132,62,19971017,290,10
13443,1997,135,5,19970519,139,10
13443,1997,135,6,19970523,143,10
13443,1997,136,6,19970601,152,10
13443,1997,138,5,19970511,131,10
13443,1997,138,62,19970930,273,10
13443,1997,201,1,19970304,63,10
13443,1997,201,25,19970602,153,10
13443,1997,202,10,19970924,267,10
13443,1997,202,12,19971007,280,10
13443,1997,202,15,19970430,120,10
13443,1997,202,18,19970610,161,10
13443,1997,202,19,19970725,206,10
13443,1997,202,21,19970808,220,10
13443,1997,202,24,19970813,225,10
13443,1997,203,10,19970923,266,10
13443,1997,203,12,19971005,278,10
13443,1997,203,15,19970501,121,10
13443,1997,203,18,19970519,139,10
13443,1997,203,21,19970802,214,10
13443,1997,203,24,19970813,225,10
13443,1997,203,5,19970602,153,10
13443,1997,203,6,19970609,160,10
13443,1997,204,10,19970912,255,10
13443,1997,204,12,19970921,264,10
13443,1997,204,15,19970424,114,10
13443,1997,204,18,19970520,140,10
13443,1997,204,21,19970713,194,10
13443,1997,204,24,19970720,201,10
13443,1997,205,10,19970815,227,10
13443,1997,205,12,19970824,236,10
13443,1997,205,14,19970922,265,10
13443,1997,205,17,19970409,99,10
13443,1997,205,22,19970729,210,10
13443,1997,205,24,19970804,216,10
13443,1997,205,5,19970430,120,10
13443,1997,205,67,19970331,90,10
13443,1997,208,10,19970309,68,10
13443,1997,208,12,19970331,90,10
13443,1997,208,15,19970514,134,10
13443,1997,208,19,19970727,208,10
13443,1997,208,21,19970807,219,10
13443,1997,208,24,19970813,225,10
13443,1997,208,66,19970618,169,10
13443,1997,209,10,19970428,118,10
13443,1997,209,12,19970512,132,10
13443,1997,209,16,19970528,148,10
13443,1997,209,17,19970722,203,10
13443,1997,209,24,19970928,271,10
13443,1997,209,5,19970725,206,10
13443,1997,215,10,19970424,114,10
13443,1997,215,12,19970513,133,10
13443,1997,215,19,19970825,237,10
13443,1997,215,20,19970905,248,10
13443,1997,215,21,19970918,261,10
13443,1997,215,24,19970922,265,10
13443,1997,215,5,19970729,210,10
13443,1997,215,65,19970720,201,10
13443,1997,215,67,19970707,188,10
13443,1997,253,10,19970402,92,10
13443,1997,253,12,19970424,114,10
13443,1997,253,13,19970616,167,10
13443,1997,253,24,19971004,277,10
13443,1997,311,29,19970808,220,10
13443,1997,311,3,19970426,116,10
13443,1997,311,32,19971026,299,10
13443,1997,311,5,19970505,125,10
13443,1997,311,6,19970510,130,10
13443,1997,311,7,19970520,140,10
13443,1997,313,29,19970926,269,10
13443,1997,313,3,19970428,118,10
13443,1997,313,32,19971106,310,10
13443,1997,313,5,19970506,126,10
13443,1997,313,6,19970512,132,10
13443,1997,313,7,19970520,140,10
13443,1997,322,29,19970907,250,10
13443,1997,322,5,19970502,122,10
13443,1997,322,6,19970504,124,10
13443,1997,322,7,19970508,128,10
13443,1997,332,29,19970630,181,10
13443,1997,332,31,19970928,271,10
13443,1997,332,5,19970424,114,10
13443,1997,332,6,19970428,118,10
13443,1997,332,7,19970506,126,10
13443,1997,340,29,19970723,204,10
13443,1997,340,5,19970502,122,10
13443,1997,340,6,19970504,124,10
13443,1997,340,7,19970508,128,10
13443,1997,350,29,19970715,196,10
13443,1997,350,3,19970307,66,10
13443,1997,350,4,19970318,77,10
13443,1997,350,5,19970402,92,10
13443,1997,360,29,19970707,188,10
13443,1997,360,5,19970503,123,10
13443,1998,101,5,19980720,201,10
13443,1998,102,5,19980326,85,10
13443,1998,103,3,19980328,87,10
13443,1998,103,32,19981021,294,10
13443,1998,103,4,19980410,100,10
13443,1998,103,5,19980512,132,10
13443,1998,103,62,19980804,216,10
13443,1998,104,4,19980509,129,10
13443,1998,104,5,19980427,117,10
13443,1998,105,61,19980327,86,10
13443,1998,105,63,19981022,295,10
13443,1998,105,64,19981116,320,10
13443,1998,107,8,19980426,116,10
13443,1998,108,5,19980508,128,10
13443,1998,109,5,19980316,75,10
13443,1998,112,3,19980404,94,10
13443,1998,112,31,19980928,271,10
13443,1998,112,32,19981021,294,10
13443,1998,112,4,19980408,98,10
13443,1998,112,5,19980414,104,10
13443,1998,113,5,19980118,18,10
13443,1998,114,5,19980811,223,10
13443,1998,116,5,19980305,64,10
13443,1998,117,5,19980602,153,10
13443,1998,117,62,19980924,267,10
13443,1998,118,5,19980508,128,10
13443,1998,118,8,19980501,121,10
13443,1998,119,5,19980324,83,10
13443,1998,119,62,19980902,245,10
13443,1998,120,5,19980402,92,10
13443,1998,121,5,19980604,155,10
13443,1998,122,3,19980413,103,10
13443,1998,122,31,19981005,278,10
13443,1998,122,32,19981020,293,10
13443,1998,122,4,19980419,109,10
13443,1998,122,5,19980511,131,10
13443,1998,122,62,19980912,255,10
13443,1998,123,31,19981007,280,10
13443,1998,123,32,19981019,292,10
13443,1998,123,4,19980427,117,10
13443,1998,124,5,19980317,76,10
13443,1998,125,5,19980416,106,10
13443,1998,127,5,19980210,41,10
13443,1998,128,4,19980429,119,10
13443,1998,128,5,19980305,64,10
13443,1998,129,5,19980522,142,10
13443,1998,129,62,19980824,236,10
13443,1998,130,5,19980615,166,10
13443,1998,131,5,19980422,112,10
13443,1998,132,31,19981024,297,10
13443,1998,132,32,19981117,321,10
13443,1998,132,4,19980504,124,10
13443,1998,132,62,19981018,291,10
13443,1998,135,5,19980512,132,10
13443,1998,135,6,19980519,139,10
13443,1998,136,6,19980603,154,10
13443,1998,138,5,19980426,116,10
13443,1998,138,62,19980924,267,10
13443,1998,201,1,19980306,65,10
13443,1998,201,25,19980610,161,10
13443,1998,202,10,19981005,278,10
13443,1998,202,12,19981018,291,10
13443,1998,202,15,19980430,120,10
13443,1998,202,18,19980602,153,10
13443,1998,202,19,19980726,207,10
13443,1998,202,21,19980802,214,10
13443,1998,202,24,19980809,221,10
13443,1998,203,10,19980921,264,10
13443,1998,203,12,19981006,279,10
13443,1998,203,15,19980427,117,10
13443,1998,203,18,19980515,135,10
13443,1998,203,21,19980803,215,10
13443,1998,203,24,19980806,218,10
13443,1998,203,5,19980601,152,10
13443,1998,203,6,19980606,157,10
13443,1998,204,10,19980910,253,10
13443,1998,204,12,19980921,264,10
13443,1998,204,15,19980421,111,10
13443,1998,204,18,19980515,135,10
13443,1998,204,21,19980629,180,10
13443,1998,204,24,19980715,196,10
13443,1998,205,10,19980811,223,10
13443,1998,205,12,19980824,236,10
13443,1998,205,14,19981005,278,10
13443,1998,205,17,19980401,91,10
13443,1998,205,22,19980725,206,10
13443,1998,205,24,19980727,208,10
13443,1998,205,5,19980427,117,10
13443,1998,205,67,19980330,89,10
13443,1998,208,10,19980325,84,10
13443,1998,208,12,19980405,95,10
13443,1998,208,15,19980511,131,10
13443,1998,208,19,19980729,210,10
13443,1998,208,21,19980805,217,10
13443,1998,208,24,19980810,222,10
13443,1998,208,66,19980610,161,10
13443,1998,209,10,19980415,105,10
13443,1998,209,12,19980512,132,10
13443,1998,209,16,19980525,145,10
13443,1998,209,17,19980721,202,10
13443,1998,209,24,19980930,273,10
13443,1998,209,5,19980728,209,10
13443,1998,215,10,19980422,112,10
13443,1998,215,12,19980508,128,10
13443,1998,215,19,19980825,237,10
13443,1998,215,20,19980907,250,10
13443,1998,215,21,19980914,257,10
13443,1998,215,24,19981018,291,10
13443,1998,215,5,19980730,211,10
13443,1998,215,65,19980720,201,10
13443,1998,215,67,19980528,148,10
13443,1998,252,10,19980414,104,10
13443,1998,252,12,19980428,118,10
13443,1998,252,13,19980602,153,10
13443,1998,252,24,19981006,279,10
13443,1998,311,29,19980801,213,10
13443,1998,311,3,19980424,114,10
13443,1998,311,32,19981016,289,10
13443,1998,311,5,19980428,118,10
13443,1998,311,6,19980430,120,10
13443,1998,311,7,19980508,128,10
13443,1998,313,29,19980924,267,10
13443,1998,313,3,19980427,117,10
13443,1998,313,32,19981020,293,10
13443,1998,313,6,19980505,125,10
13443,1998,313,7,19980514,134,10
13443,1998,322,5,19980504,124,10
13443,1998,322,6,19980510,130,10
13443,1998,322,7,19980513,133,10
13443,1998,332,29,19980616,167,10
13443,1998,332,31,19981024,297,10
13443,1998,332,5,19980422,112,10
13443,1998,332,6,19980425,115,10
13443,1998,332,7,19980502,122,10
13443,1998,340,29,19980714,195,10
13443,1998,340,5,19980504,124,10
13443,1998,340,6,19980510,130,10
13443,1998,340,7,19980513,133,10
13443,1998,350,29,19980704,185,10
13443,1998,350,3,19980314,73,10
13443,1998,350,4,19980320,79,10
13443,1998,350,5,19980416,106,10
13443,1998,360,29,19980706,187,10
13443,1998,360,5,19980429,119,10
13443,1999,101,5,19990709,190,10
13443,1999,102,5,19990325,84,10
13443,1999,103,3,19990409,99,10
13443,1999,103,4,19990412,102,10
13443,1999,103,5,19990517,137,10
13443,1999,103,62,19990801,213,10
13443,1999,104,4,19990508,128,10
13443,1999,104,5,19990426,116,10
13443,1999,105,61,19990405,95,10
13443,1999,105,63,19991018,291,10
13443,1999,105,64,19991115,319,10
13443,1999,107,8,19990427,117,10
13443,1999,108,5,19990507,127,10
13443,1999,109,5,19990326,85,10
13443,1999,112,3,19990403,93,10
13443,1999,112,31,19990924,267,10
13443,1999,112,32,19991005,278,10
13443,1999,112,4,19990405,95,10
13443,1999,112,5,19990409,99,10
13443,1999,113,5,19990121,21,10
13443,1999,114,5,19990810,222,10
13443,1999,116,5,19990308,67,10
13443,1999,117,5,19990531,151,10
13443,1999,117,62,19990906,249,10
13443,1999,118,5,19990507,127,10
13443,1999,118,8,19990501,121,10
13443,1999,119,5,19990403,93,10
13443,1999,119,62,19990906,249,10
13443,1999,120,5,19990419,109,10
13443,1999,121,5,19990609,160,10
13443,1999,122,3,19990407,97,10
13443,1999,122,31,19991016,289,10
13443,1999,122,32,19991025,298,10
13443,1999,122,4,19990413,103,10
13443,1999,122,5,19990507,127,10
13443,1999,122,62,19990917,260,10
13443,1999,123,31,19991014,287,10
13443,1999,123,32,19991026,299,10
13443,1999,123,4,19990422,112,10
13443,1999,124,5,19990325,84,10
13443,1999,125,5,19990412,102,10
13443,1999,127,5,19990122,22,10
13443,1999,128,4,19990501,121,10
13443,1999,128,5,19990304,63,10
13443,1999,129,5,19990526,146,10
13443,1999,129,62,19990825,237,10
13443,1999,130,5,19990619,170,10
13443,1999,131,5,19990421,111,10
13443,1999,132,31,19991027,300,10
13443,1999,132,32,19991120,324,10
13443,1999,132,4,19990501,121,10
13443,1999,132,62,19991021,294,10
13443,1999,135,5,19990513,133,10
13443,1999,135,6,19990517,137,10
13443,1999,136,6,19990606,157,10
13443,1999,138,5,19990424,114,10
13443,1999,138,62,19990908,251,10
13443,1999,201,1,19990316,75,10
13443,1999,201,25,19990520,140,10
13443,1999,202,10,19990920,263,10
13443,1999,202,12,19991008,281,10
13443,1999,202,15,19990505,125,10
13443,1999,202,18,19990604,155,10
13443,1999,202,19,19990723,204,10
13443,1999,202,21,19990728,209,10
13443,1999,202,24,19990801,213,10
13443,1999,203,10,19990904,247,10
13443,1999,203,12,19990911,254,10
13443,1999,203,15,19990430,120,10
13443,1999,203,18,19990520,140,10
13443,1999,203,21,19990707,188,10
13443,1999,203,24,19990714,195,10
13443,1999,203,5,19990603,154,10
13443,1999,203,6,19990605,156,10
13443,1999,204,10,19990908,251,10
13443,1999,204,12,19990916,259,10
13443,1999,204,15,19990423,113,10
13443,1999,204,18,19990518,138,10
13443,1999,204,21,19990702,183,10
13443,1999,204,24,19990709,190,10
13443,1999,205,10,19990816,228,10
13443,1999,205,12,19990823,235,10
13443,1999,205,14,19990926,269,10
13443,1999,205,17,19990403,93,10
13443,1999,205,22,19990722,203,10
13443,1999,205,24,19990726,207,10
13443,1999,205,5,19990430,120,10
13443,1999,205,67,19990330,89,10
13443,1999,208,10,19990316,75,10
13443,1999,208,12,19990401,91,10
13443,1999,208,15,19990518,138,10
13443,1999,208,19,19990723,204,10
13443,1999,208,21,19990728,209,10
13443,1999,208,24,19990801,213,10
13443,1999,208,66,19990608,159,10
13443,1999,209,10,19990414,104,10
13443,1999,209,12,19990505,125,10
13443,1999,209,16,19990521,141,10
13443,1999,209,17,19990720,201,10
13443,1999,209,24,19990928,271,10
13443,1999,209,5,19990728,209,10
13443,1999,215,10,19990421,111,10
13443,1999,215,12,19990506,126,10
13443,1999,215,19,19990823,235,10
13443,1999,215,20,19990906,249,10
13443,1999,215,21,19990912,255,10
13443,1999,215,24,19990920,263,10
13443,1999,215,5,19990721,202,10
13443,1999,215,65,19990714,195,10
13443,1999,215,67,19990530,150,10
13443,1999,252,10,19990406,96,10
13443,1999,252,12,19990502,122,10
13443,1999,252,13,19990608,159,10
13443,1999,252,24,19991001,274,10
13443,1999,311,29,19990801,213,10
13443,1999,311,3,19990420,110,10
13443,1999,311,32,19991014,287,10
13443,1999,311,5,19990503,123,10
13443,1999,311,6,19990508,128,10
13443,1999,311,7,19990518,138,10
13443,1999,313,29,19991017,290,10
13443,1999,313,3,19990423,113,10
13443,1999,313,32,19991020,293,10
13443,1999,313,5,19990507,127,10
13443,1999,313,6,19990511,131,10
13443,1999,313,7,19990518,138,10
13443,1999,322,29,19990923,266,10
13443,1999,322,5,19990420,110,10
13443,1999,322,6,19990425,115,10
13443,1999,322,7,19990512,132,10
13443,1999,332,29,19990619,170,10
13443,1999,332,31,19991018,291,10
13443,1999,332,5,19990421,111,10
13443,1999,332,6,19990426,116,10
13443,1999,332,7,19990504,124,10
13443,1999,340,29,19990721,202,10
13443,1999,340,5,19990428,118,10
13443,1999,340,6,19990504,124,10
13443,1999,340,7,19990518,138,10
13443,1999,350,29,19990630,181,10
13443,1999,350,3,19990321,80,10
13443,1999,350,4,19990324,83,10
13443,1999,350,5,19990415,105,10
13443,1999,360,29,19990629,180,10
13443,1999,360,5,19990427,117,10
13443,2000,101,5,20000629,180,10
13443,2000,102,5,20000327,86,10
13443,2000,103,3,20000410,100,10
13443,2000,103,32,20000919,262,10
13443,2000,103,4,20000419,109,10
13443,2000,103,5,20000509,129,10
13443,2000,103,62,20000802,214,10
13443,2000,104,4,20000505,125,10
13443,2000,104,5,20000423,113,10
13443,2000,105,61,20000408,98,10
13443,2000,105,63,20001016,289,10
13443,2000,105,64,20001114,318,10
13443,2000,107,8,20000429,119,10
13443,2000,108,5,20000502,122,10
13443,2000,109,5,20000324,83,10
13443,2000,112,3,20000414,104,10
13443,2000,112,31,20000926,269,10
13443,2000,112,32,20001013,286,10
13443,2000,112,4,20000417,107,10
13443,2000,112,5,20000419,109,10
13443,2000,113,5,20000207,38,10
13443,2000,114,5,20000811,223,10
13443,2000,116,5,20000310,69,10
13443,2000,117,5,20000518,138,10
13443,2000,117,62,20000905,248,10
13443,2000,118,5,20000505,125,10
13443,2000,118,8,20000429,119,10
13443,2000,119,5,20000325,84,10
13443,2000,119,62,20000902,245,10
13443,2000,120,5,20000410,100,10
13443,2000,121,5,20000524,144,10
13443,2000,122,3,20000411,101,10
13443,2000,122,31,20000925,268,10
13443,2000,122,32,20001025,298,10
13443,2000,122,4,20000419,109,10
13443,2000,122,5,20000501,121,10
13443,2000,122,62,20000915,258,10
13443,2000,123,31,20001002,275,10
13443,2000,123,32,20001016,289,10
13443,2000,123,4,20000425,115,10
13443,2000,124,5,20000321,80,10
13443,2000,125,5,20000414,104,10
13443,2000,127,5,20000206,37,10
13443,2000,128,4,20000430,120,10
13443,2000,128,5,20000228,59,10
13443,2000,129,5,20000518,138,10
13443,2000,129,62,20000821,233,10
13443,2000,130,5,20000614,165,10
13443,2000,131,5,20000425,115,10
13443,2000,132,31,20001025,298,10
13443,2000,132,32,20001121,325,10
13443,2000,132,4,20000428,118,10
13443,2000,132,62,20000924,267,10
13443,2000,135,5,20000505,125,10
13443,2000,135,6,20000517,137,10
13443,2000,136,6,20000603,154,10
13443,2000,138,5,20000424,114,10
13443,2000,138,62,20000925,268,10
13443,2000,201,1,20000310,69,10
13443,2000,201,25,20000515,135,10
13443,2000,202,10,20000925,268,10
13443,2000,202,12,20001002,275,10
13443,2000,202,15,20000504,124,10
13443,2000,202,18,20000522,142,10
13443,2000,202,19,20000717,198,10
13443,2000,202,21,20000724,205,10
13443,2000,202,24,20000804,216,10
13443,2000,203,10,20000911,254,10
13443,2000,203,12,20000924,267,10
13443,2000,203,15,20000427,117,10
13443,2000,203,18,20000507,127,10
13443,2000,203,21,20000725,206,10
13443,2000,203,24,20000806,218,10
13443,2000,203,5,20000522,142,10
13443,2000,203,6,20000602,153,10
13443,2000,204,10,20000907,250,10
13443,2000,204,12,20000916,259,10
13443,2000,204,15,20000425,115,10
13443,2000,204,18,20000504,124,10
13443,2000,204,21,20000618,169,10
13443,2000,204,24,20000710,191,10
13443,2000,205,10,20000810,222,10
13443,2000,205,12,20000817,229,10
13443,2000,205,14,20000924,267,10
13443,2000,205,17,20000410,100,10
13443,2000,205,22,20000717,198,10
13443,2000,205,24,20000723,204,10
13443,2000,205,5,20000426,116,10
13443,2000,205,67,20000331,90,10
13443,2000,208,10,20000322,81,10
13443,2000,208,12,20000410,100,10
13443,2000,208,15,20000508,128,10
13443,2000,208,19,20000716,197,10
13443,2000,208,21,20000804,216,10
13443,2000,208,24,20000821,233,10
13443,2000,208,66,20000602,153,10
13443,2000,209,10,20000425,115,10
13443,2000,209,12,20000505,125,10
13443,2000,209,16,20000518,138,10
13443,2000,209,17,20000718,199,10
13443,2000,209,24,20000930,273,10
13443,2000,209,5,20000807,219,10
13443,2000,215,10,20000425,115,10
13443,2000,215,12,20000503,123,10
13443,2000,215,19,20000828,240,10
13443,2000,215,20,20000901,244,10
13443,2000,215,21,20000914,257,10
13443,2000,215,24,20000925,268,10
13443,2000,215,5,20000717,198,10
13443,2000,215,65,20000709,190,10
13443,2000,215,67,20000725,206,10
13443,2000,252,10,20000413,103,10
13443,2000,252,12,20000426,116,10
13443,2000,252,13,20000602,153,10
13443,2000,252,24,20001002,275,10
13443,2000,311,29,20000723,204,10
13443,2000,311,3,20000421,111,10
13443,2000,311,32,20001013,286,10
13443,2000,311,5,20000501,121,10
13443,2000,311,6,20000504,124,10
13443,2000,311,7,20000507,127,10
13443,2000,313,29,20001016,289,10
13443,2000,313,3,20000424,114,10
13443,2000,313,32,20001024,297,10
13443,2000,313,5,20000503,123,10
13443,2000,313,6,20000505,125,10
13443,2000,313,7,20000509,129,10
13443,2000,322,5,20000424,114,10
13443,2000,322,6,20000426,116,10
13443,2000,322,7,20000503,123,10
13443,2000,332,29,20000614,165,10
13443,2000,332,31,20001014,287,10
13443,2000,332,5,20000424,114,10
13443,2000,332,6,20000427,117,10
13443,2000,332,7,20000504,124,10
13443,2000,340,29,20000711,192,10
13443,2000,340,5,20000430,120,10
13443,2000,340,6,20000502,122,10
13443,2000,340,7,20000506,126,10
13443,2000,350,29,20000711,192,10
13443,2000,350,3,20000321,80,10
13443,2000,350,4,20000325,84,10
13443,2000,350,5,20000419,109,10
13443,2000,360,29,20000620,171,10
13443,2000,360,5,20000426,116,10
13443,2001,101,5,20010720,201,10
13443,2001,102,5,20010401,91,10
13443,2001,103,3,20010420,110,10
13443,2001,103,32,20010924,267,10
13443,2001,103,4,20010427,117,10
13443,2001,103,5,20010512,132,10
13443,2001,103,62,20010806,218,10
13443,2001,104,4,20010512,132,10
13443,2001,104,5,20010504,124,10
13443,2001,105,61,20010407,97,10
13443,2001,105,63,20011020,293,10
13443,2001,105,64,20011111,315,10
13443,2001,107,8,20010516,136,10
13443,2001,108,5,20010502,122,10
13443,2001,109,5,20010402,92,10
13443,2001,112,3,20010420,110,10
13443,2001,112,31,20011008,281,10
13443,2001,112,32,20011020,293,10
13443,2001,112,4,20010421,111,10
13443,2001,112,5,20010424,114,10
13443,2001,113,5,20010205,36,10
13443,2001,114,5,20010816,228,10
13443,2001,116,5,20010313,72,10
13443,2001,117,5,20010601,152,10
13443,2001,117,62,20010909,252,10
13443,2001,118,5,20010512,132,10
13443,2001,118,8,20010505,125,10
13443,2001,119,5,20010328,87,10
13443,2001,119,62,20010904,247,10
13443,2001,120,5,20010424,114,10
13443,2001,121,5,20010512,132,10
13443,2001,122,3,20010420,110,10
13443,2001,122,31,20010930,273,10
13443,2001,122,32,20011017,290,10
13443,2001,122,4,20010425,115,10
13443,2001,122,5,20010513,133,10
13443,2001,122,62,20010922,265,10
13443,2001,123,31,20011012,285,10
13443,2001,123,32,20011019,292,10
13443,2001,123,4,20010502,122,10
13443,2001,124,5,20010319,78,10
13443,2001,125,5,20010421,111,10
13443,2001,127,5,20010201,32,10
13443,2001,128,4,20010505,125,10
13443,2001,128,5,20010306,65,10
13443,2001,129,5,20010530,150,10
13443,2001,129,62,20010824,236,10
13443,2001,130,5,20010624,175,10
13443,2001,131,5,20010506,126,10
13443,2001,132,31,20011028,301,10
13443,2001,132,32,20011121,325,10
13443,2001,132,4,20010509,129,10
13443,2001,132,62,20011004,277,10
13443,2001,135,5,20010515,135,10
13443,2001,135,6,20010527,147,10
13443,2001,136,6,20010610,161,10
13443,2001,138,5,20010429,119,10
13443,2001,138,62,20010905,248,10
13443,2001,201,1,20010314,73,10
13443,2001,201,25,20010521,141,10
13443,2001,202,10,20011009,282,10
13443,2001,202,12,20011019,292,10
13443,2001,202,15,20010507,127,10
13443,2001,202,18,20010531,151,10
13443,2001,202,19,20010720,201,10
13443,2001,202,21,20010731,212,10
13443,2001,202,24,20010813,225,10
13443,2001,203,10,20011006,279,10
13443,2001,203,12,20011015,288,10
13443,2001,203,15,20010430,120,10
13443,2001,203,18,20010517,137,10
13443,2001,203,21,20010731,212,10
13443,2001,203,24,20010807,219,10
13443,2001,203,5,20010531,151,10
13443,2001,203,6,20010608,159,10
13443,2001,204,10,20010908,251,10
13443,2001,204,12,20010918,261,10
13443,2001,204,15,20010502,122,10
13443,2001,204,18,20010518,138,10
13443,2001,204,21,20010704,185,10
13443,2001,204,24,20010714,195,10
13443,2001,205,10,20010813,225,10
13443,2001,205,12,20010818,230,10
13443,2001,205,14,20010923,266,10
13443,2001,205,17,20010419,109,10
13443,2001,205,22,20010723,204,10
13443,2001,205,24,20010725,206,10
13443,2001,205,5,20010502,122,10
13443,2001,205,67,20010403,93,10
13443,2001,208,10,20010402,92,10
13443,2001,208,12,20010417,107,10
13443,2001,208,15,20010521,141,10
13443,2001,208,19,20010731,212,10
13443,2001,208,21,20010807,219,10
13443,2001,208,24,20010815,227,10
13443,2001,208,66,20010618,169,10
13443,2001,209,10,20010429,119,10
13443,2001,209,12,20010508,128,10
13443,2001,209,16,20010523,143,10
13443,2001,209,17,20010720,201,10
13443,2001,209,24,20011002,275,10
13443,2001,209,5,20010808,220,10
13443,2001,215,10,20010430,120,10
13443,2001,215,12,20010508,128,10
13443,2001,215,19,20010901,244,10
13443,2001,215,20,20010908,251,10
13443,2001,215,21,20010917,260,10
13443,2001,215,24,20011001,274,10
13443,2001,215,5,20010727,208,10
13443,2001,215,65,20010720,201,10
13443,2001,215,67,20010728,209,10
13443,2001,253,10,20010424,114,10
13443,2001,253,12,20010508,128,10
13443,2001,253,13,20010619,170,10
13443,2001,253,24,20011014,287,10
13443,2001,311,3,20010428,118,10
13443,2001,311,32,20011021,294,10
13443,2001,311,5,20010507,127,10
13443,2001,311,6,20010512,132,10
13443,2001,311,7,20010518,138,10
13443,2001,313,29,20011014,287,10
13443,2001,313,3,20010503,123,10
13443,2001,313,32,20011029,302,10
13443,2001,313,5,20010509,129,10
13443,2001,313,6,20010514,134,10
13443,2001,313,7,20010518,138,10
13443,2001,322,5,20010504,124,10
13443,2001,322,6,20010517,137,10
13443,2001,322,7,20010522,142,10
13443,2001,332,29,20010617,168,10
13443,2001,332,31,20011026,299,10
13443,2001,332,5,20010430,120,10
13443,2001,332,6,20010512,132,10
13443,2001,332,7,20010516,136,10
13443,2001,340,29,20010710,191,10
13443,2001,340,5,20010508,128,10
13443,2001,340,6,20010510,130,10
13443,2001,340,7,20010515,135,10
13443,2001,350,29,20010712,193,10
13443,2001,350,3,20010323,82,10
13443,2001,350,4,20010328,87,10
13443,2001,350,5,20010424,114,10
13443,2001,360,29,20010704,185,10
13443,2001,360,5,20010502,122,10
13443,2002,101,5,20020718,199,10
13443,2002,102,5,20020401,91,10
13443,2002,103,3,20020405,95,10
13443,2002,103,32,20020926,269,10
13443,2002,103,4,20020419,109,10
13443,2002,103,5,20020511,131,10
13443,2002,103,62,20020804,216,10
13443,2002,104,4,20020507,127,10
13443,2002,104,5,20020419,109,10
13443,2002,105,61,20020403,93,10
13443,2002,105,63,20021006,279,10
13443,2002,105,64,20021018,291,10
13443,2002,107,8,20020512,132,10
13443,2002,108,5,20020515,135,10
13443,2002,109,5,20020307,66,10
13443,2002,112,3,20020406,96,10
13443,2002,112,31,20021004,277,10
13443,2002,112,32,20021014,287,10
13443,2002,112,4,20020412,102,10
13443,2002,112,5,20020518,138,10
13443,2002,113,5,20020131,31,10
13443,2002,114,5,20020820,232,10
13443,2002,116,5,20020228,59,10
13443,2002,117,5,20020601,152,10
13443,2002,117,62,20020907,250,10
13443,2002,118,5,20020509,129,10
13443,2002,118,8,20020506,126,10
13443,2002,119,5,20020310,69,10
13443,2002,119,62,20020904,247,10
13443,2002,120,5,20020415,105,10
13443,2002,121,5,20020611,162,10
13443,2002,122,3,20020406,96,10
13443,2002,122,31,20020926,269,10
13443,2002,122,32,20021011,284,10
13443,2002,122,4,20020420,110,10
13443,2002,122,5,20020510,130,10
13443,2002,122,62,20020916,259,10
13443,2002,123,31,20021004,277,10
13443,2002,123,32,20021014,287,10
13443,2002,123,4,20020502,122,10
13443,2002,124,5,20020306,65,10
13443,2002,125,5,20020415,105,10
13443,2002,127,5,20020201,32,10
13443,2002,128,4,20020504,124,10
13443,2002,128,5,20020216,47,10
13443,2002,129,5,20020603,154,10
13443,2002,129,62,20020901,244,10
13443,2002,130,5,20020621,172,10
13443,2002,131,5,20020423,113,10
13443,2002,132,31,20021028,301,10
13443,2002,132,32,20021122,326,10
13443,2002,132,4,20020511,131,10
13443,2002,132,62,20020930,273,10
13443,2002,135,5,20020514,134,10
13443,2002,135,6,20020524,144,10
13443,2002,136,6,20020619,170,10
13443,2002,138,5,20020504,124,10
13443,2002,138,62,20020904,247,10
13443,2002,201,1,20020308,67,10
13443,2002,201,25,20020601,152,10
13443,2002,201,26,20020521,141,10
13443,2002,202,10,20020930,273,10
13443,2002,202,12,20021011,284,10
13443,2002,202,15,20020508,128,10
13443,2002,202,18,20020606,157,10
13443,2002,202,19,20020718,199,10
13443,2002,202,21,20020731,212,10
13443,2002,202,24,20020807,219,10
13443,2002,203,10,20020923,266,10
13443,2002,203,12,20020930,273,10
13443,2002,203,15,20020424,114,10
13443,2002,203,18,20020520,140,10
13443,2002,203,21,20020727,208,10
13443,2002,203,24,20020806,218,10
13443,2002,203,5,20020602,153,10
13443,2002,203,6,20020606,157,10
13443,2002,204,10,20020914,257,10
13443,2002,204,12,20020922,265,10
13443,2002,204,15,20020429,119,10
13443,2002,204,18,20020521,141,10
13443,2002,204,21,20020702,183,10
13443,2002,204,24,20020710,191,10
13443,2002,205,10,20020814,226,10
13443,2002,205,12,20020819,231,10
13443,2002,205,14,20020924,267,10
13443,2002,205,17,20020406,96,10
13443,2002,205,22,20020712,193,10
13443,2002,205,24,20020722,203,10
13443,2002,205,5,20020501,121,10
13443,2002,205,67,20020330,89,10
13443,2002,208,10,20020306,65,10
13443,2002,208,12,20020330,89,10
13443,2002,208,15,20020514,134,10
13443,2002,208,19,20020725,206,10
13443,2002,208,21,20020731,212,10
13443,2002,208,24,20020816,228,10
13443,2002,208,66,20020617,168,10
13443,2002,209,10,20020422,112,10
13443,2002,209,12,20020506,126,10
13443,2002,209,16,20020519,139,10
13443,2002,209,17,20020716,197,10
13443,2002,209,24,20021004,277,10
13443,2002,209,5,20020816,228,10
13443,2002,215,10,20020423,113,10
13443,2002,215,12,20020515,135,10
13443,2002,215,19,20020827,239,10
13443,2002,215,20,20020910,253,10
13443,2002,215,21,20020918,261,10
13443,2002,215,24,20021001,274,10
13443,2002,215,5,20020727,208,10
13443,2002,215,65,20020719,200,10
13443,2002,253,10,20020405,95,10
13443,2002,253,12,20020424,114,10
13443,2002,253,13,20020618,169,10
13443,2002,253,24,20021108,312,10
13443,2002,311,29,20020724,205,10
13443,2002,311,3,20020423,113,10
13443,2002,311,32,20020926,269,10
13443,2002,311,5,20020502,122,10
13443,2002,311,6,20020508,128,10
13443,2002,311,7,20020510,130,10
13443,2002,313,29,20021006,279,10
13443,2002,313,3,20020426,116,10
13443,2002,313,32,20021025,298,10
13443,2002,313,5,20020504,124,10
13443,2002,313,6,20020510,130,10
13443,2002,313,7,20020514,134,10
13443,2002,322,29,20020827,239,10
13443,2002,322,5,20020423,113,10
13443,2002,322,6,20020510,130,10
13443,2002,322,7,20020513,133,10
13443,2002,332,29,20020621,172,10
13443,2002,332,31,20021010,283,10
13443,2002,332,5,20020422,112,10
13443,2002,332,6,20020508,128,10
13443,2002,332,7,20020513,133,10
13443,2002,340,29,20020714,195,10
13443,2002,340,5,20020503,123,10
13443,2002,340,6,20020507,127,10
13443,2002,340,7,20020512,132,10
13443,2002,350,29,20020710,191,10
13443,2002,350,3,20020308,67,10
13443,2002,350,4,20020323,82,10
13443,2002,350,5,20020409,99,10
13443,2002,360,29,20020702,183,10
13443,2002,360,5,20020422,112,10
13443,2003,101,5,20030707,188,10
13443,2003,102,5,20030327,86,10
13443,2003,103,3,20030408,98,10
13443,2003,103,32,20031001,274,10
13443,2003,103,4,20030421,111,10
13443,2003,103,5,20030513,133,10
13443,2003,103,62,20030724,205,10
13443,2003,104,4,20030515,135,10
13443,2003,104,5,20030508,128,10
13443,2003,105,61,20030409,99,10
13443,2003,105,63,20030925,268,10
13443,2003,105,64,20031015,288,10
13443,2003,107,8,20030505,125,10
13443,2003,108,5,20030506,126,10
13443,2003,109,5,20030331,90,10
13443,2003,112,3,20030415,105,10
13443,2003,112,31,20030920,263,10
13443,2003,112,32,20031010,283,10
13443,2003,112,4,20030417,107,10
13443,2003,112,5,20030419,109,10
13443,2003,113,5,20030210,41,10
13443,2003,114,5,20030731,212,10
13443,2003,116,5,20030317,76,10
13443,2003,117,5,20030604,155,10
13443,2003,117,62,20030822,234,10
13443,2003,118,5,20030508,128,10
13443,2003,118,8,20030504,124,10
13443,2003,119,5,20030316,75,10
13443,2003,119,62,20030820,232,10
13443,2003,120,5,20030418,108,10
13443,2003,121,5,20030606,157,10
13443,2003,122,3,20030411,101,10
13443,2003,122,31,20030908,251,10
13443,2003,122,32,20030927,270,10
13443,2003,122,4,20030422,112,10
13443,2003,122,5,20030506,126,10
13443,2003,122,62,20030829,241,10
13443,2003,123,31,20030919,262,10
13443,2003,123,32,20031017,290,10
13443,2003,123,4,20030428,118,10
13443,2003,124,5,20030326,85,10
13443,2003,125,5,20030421,111,10
13443,2003,127,5,20030204,35,10
13443,2003,128,4,20030506,126,10
13443,2003,128,5,20030228,59,10
13443,2003,129,5,20030528,148,10
13443,2003,129,62,20030818,230,10
13443,2003,130,5,20030615,166,10
13443,2003,131,5,20030426,116,10
13443,2003,132,31,20030923,266,10
13443,2003,132,32,20031120,324,10
13443,2003,132,4,20030506,126,10
13443,2003,132,62,20030906,249,10
13443,2003,135,5,20030513,133,10
13443,2003,135,6,20030521,141,10
13443,2003,136,6,20030605,156,10
13443,2003,138,5,20030507,127,10
13443,2003,138,62,20030924,267,10
13443,2003,201,1,20030325,84,10
13443,2003,201,25,20030528,148,10
13443,2003,201,26,20030522,142,10
13443,2003,202,10,20030919,262,10
13443,2003,202,12,20030930,273,10
13443,2003,202,15,20030515,135,10
13443,2003,202,18,20030603,154,10
13443,2003,202,19,20030710,191,10
13443,2003,202,21,20030715,196,10
13443,2003,202,24,20030730,211,10
13443,2003,203,10,20030902,245,10
13443,2003,203,12,20030910,253,10
13443,2003,203,15,20030428,118,10
13443,2003,203,18,20030514,134,10
13443,2003,203,21,20030715,196,10
13443,2003,203,24,20030728,209,10
13443,2003,203,5,20030603,154,10
13443,2003,203,6,20030606,157,10
13443,2003,204,10,20030904,247,10
13443,2003,204,12,20030912,255,10
13443,2003,204,15,20030429,119,10
13443,2003,204,18,20030514,134,10
13443,2003,204,21,20030624,175,10
13443,2003,204,24,20030708,189,10
13443,2003,205,10,20030808,220,10
13443,2003,205,12,20030814,226,10
13443,2003,205,14,20030924,267,10
13443,2003,205,17,20030419,109,10
13443,2003,205,22,20030711,192,10
13443,2003,205,24,20030716,197,10
13443,2003,205,5,20030430,120,10
13443,2003,205,67,20030410,100,10
13443,2003,208,10,20030321,80,10
13443,2003,208,12,20030403,93,10
13443,2003,208,15,20030513,133,10
13443,2003,208,19,20030718,199,10
13443,2003,208,21,20030721,202,10
13443,2003,208,24,20030727,208,10
13443,2003,208,66,20030612,163,10
13443,2003,209,10,20030425,115,10
13443,2003,209,12,20030507,127,10
13443,2003,209,16,20030524,144,10
13443,2003,209,17,20030720,201,10
13443,2003,209,24,20030825,237,10
13443,2003,209,5,20030805,217,10
13443,2003,215,10,20030423,113,10
13443,2003,215,12,20030506,126,10
13443,2003,215,19,20030807,219,10
13443,2003,215,20,20030820,232,10
13443,2003,215,21,20030822,234,10
13443,2003,215,24,20030825,237,10
13443,2003,215,5,20030715,196,10
13443,2003,215,65,20030704,185,10
13443,2003,215,67,20030624,175,10
13443,2003,252,10,20030408,98,10
13443,2003,252,12,20030502,122,10
13443,2003,252,13,20030610,161,10
13443,2003,252,24,20031006,279,10
13443,2003,311,29,20030721,202,10
13443,2003,311,3,20030421,111,10
13443,2003,311,32,20031020,293,10
13443,2003,311,5,20030504,124,10
13443,2003,311,6,20030505,125,10
13443,2003,311,7,20030511,131,10
13443,2003,313,29,20031004,277,10
13443,2003,313,3,20030425,115,10
13443,2003,313,32,20031025,298,10
13443,2003,313,5,20030505,125,10
13443,2003,313,6,20030509,129,10
13443,2003,313,7,20030513,133,10
13443,2003,322,29,20030820,232,10
13443,2003,322,5,20030426,116,10
13443,2003,322,6,20030503,123,10
13443,2003,322,7,20030509,129,10
13443,2003,332,29,20030613,164,10
13443,2003,332,31,20031005,278,10
13443,2003,332,5,20030424,114,10
13443,2003,332,6,20030505,125,10
13443,2003,332,7,20030509,129,10
13443,2003,340,29,20030714,195,10
13443,2003,340,5,20030504,124,10
13443,2003,340,6,20030507,127,10
13443,2003,340,7,20030512,132,10
13443,2003,350,29,20030703,184,10
13443,2003,350,3,20030320,79,10
13443,2003,350,4,20030330,89,10
13443,2003,350,5,20030416,106,10
13443,2003,360,29,20030624,175,10
13443,2003,360,5,20030426,116,10
13443,2004,101,5,20040713,194,10
13443,2004,102,5,20040328,87,10
13443,2004,103,3,20040406,96,10
13443,2004,103,32,20041011,284,10
13443,2004,103,4,20040418,108,10
13443,2004,103,5,20040511,131,10
13443,2004,103,62,20040729,210,10
13443,2004,104,4,20040418,108,10
13443,2004,104,5,20040509,129,10
13443,2004,105,61,20040405,95,10
13443,2004,105,63,20040928,271,10
13443,2004,105,64,20041022,295,10
13443,2004,107,8,20040501,121,10
13443,2004,108,5,20040507,127,10
13443,2004,109,5,20040323,82,10
13443,2004,112,3,20040405,95,10
13443,2004,112,31,20040921,264,10
13443,2004,112,32,20041014,287,10
13443,2004,112,4,20040408,98,10
13443,2004,112,5,20040414,104,10
13443,2004,113,5,20040206,37,10
13443,2004,114,5,20040810,222,10
13443,2004,116,5,20040315,74,10
13443,2004,117,5,20040606,157,10
13443,2004,117,62,20040913,256,10
13443,2004,118,5,20040506,126,10
13443,2004,118,8,20040502,122,10
13443,2004,119,5,20040319,78,10
13443,2004,119,62,20040908,251,10
13443,2004,120,5,20040420,110,10
13443,2004,121,5,20040609,160,10
13443,2004,122,3,20040407,97,10
13443,2004,122,31,20040922,265,10
13443,2004,122,32,20041010,283,10
13443,2004,122,4,20040417,107,10
13443,2004,122,5,20040506,126,10
13443,2004,122,62,20040914,257,10
13443,2004,123,31,20040927,270,10
13443,2004,123,32,20041025,298,10
13443,2004,123,4,20040424,114,10
13443,2004,124,5,20040318,77,10
13443,2004,125,5,20040415,105,10
13443,2004,127,5,20040202,33,10
13443,2004,128,4,20040502,122,10
13443,2004,128,5,20040217,48,10
13443,2004,129,5,20040605,156,10
13443,2004,129,62,20040907,250,10
13443,2004,130,5,20040621,172,10
13443,2004,131,5,20040423,113,10
13443,2004,132,31,20041003,276,10
13443,2004,132,32,20041101,305,10
13443,2004,132,4,20040503,123,10
13443,2004,132,62,20040921,264,10
13443,2004,135,5,20040513,133,10
13443,2004,135,6,20040601,152,10
13443,2004,136,6,20040612,163,10
13443,2004,138,5,20040511,131,10
13443,2004,138,62,20040912,255,10
13443,2004,201,1,20040318,77,10
13443,2004,201,25,20040601,152,10
13443,2004,201,26,20040518,138,10
13443,2004,202,10,20040922,265,10
13443,2004,202,12,20041004,277,10
13443,2004,202,15,20040504,124,10
13443,2004,202,18,20040610,161,10
13443,2004,202,19,20040721,202,10
13443,2004,202,21,20040805,217,10
13443,2004,202,24,20040810,222,10
13443,2004,203,10,20040914,257,10
13443,2004,203,12,20040924,267,10
13443,2004,203,15,20040423,113,10
13443,2004,203,18,20040518,138,10
13443,2004,203,21,20040801,213,10
13443,2004,203,24,20040808,220,10
13443,2004,203,5,20040608,159,10
13443,2004,203,6,20040610,161,10
13443,2004,204,10,20040913,256,10
13443,2004,204,12,20040923,266,10
13443,2004,204,15,20040427,117,10
13443,2004,204,18,20040519,139,10
13443,2004,204,21,20040629,180,10
13443,2004,204,24,20040720,201,10
13443,2004,205,10,20040816,228,10
13443,2004,205,12,20040823,235,10
13443,2004,205,14,20040329,88,10
13443,2004,205,17,20040407,97,10
13443,2004,205,22,20040727,208,10
13443,2004,205,24,20040730,211,10
13443,2004,205,5,20040429,119,10
13443,2004,205,67,20040401,91,10
13443,2004,208,10,20040316,75,10
13443,2004,208,12,20040329,88,10
13443,2004,208,15,20040524,144,10
13443,2004,208,19,20040724,205,10
13443,2004,208,21,20040809,221,10
13443,2004,208,24,20040823,235,10
13443,2004,208,66,20040617,168,10
13443,2004,209,10,20040428,118,10
13443,2004,209,12,20040508,128,10
13443,2004,209,16,20040513,133,10
13443,2004,209,17,20040614,165,10
13443,2004,209,24,20040912,255,10
13443,2004,209,5,20040718,199,10
13443,2004,215,10,20040417,107,10
13443,2004,215,12,20040504,124,10
13443,2004,215,19,20040826,238,10
13443,2004,215,20,20040905,248,10
13443,2004,215,21,20040910,253,10
13443,2004,215,24,20040928,271,10
13443,2004,215,5,20040801,213,10
13443,2004,215,65,20040728,209,10
13443,2004,215,67,20040626,177,10
13443,2004,252,10,20040416,106,10
13443,2004,252,12,20040502,122,10
13443,2004,252,13,20040612,163,10
13443,2004,252,24,20041006,279,10
13443,2004,311,29,20040804,216,10
13443,2004,311,3,20040420,110,10
13443,2004,311,32,20041016,289,10
13443,2004,311,5,20040502,122,10
13443,2004,311,6,20040505,125,10
13443,2004,311,7,20040512,132,10
13443,2004,313,29,20041005,278,10
13443,2004,313,3,20040423,113,10
13443,2004,313,32,20041030,303,10
13443,2004,313,5,20040505,125,10
13443,2004,313,6,20040507,127,10
13443,2004,313,7,20040517,137,10
13443,2004,322,29,20040912,255,10
13443,2004,322,5,20040425,115,10
13443,2004,322,6,20040427,117,10
13443,2004,322,7,20040502,122,10
13443,2004,332,29,20040616,167,10
13443,2004,332,31,20040928,271,10
13443,2004,332,5,20040423,113,10
13443,2004,332,6,20040426,116,10
13443,2004,332,7,20040506,126,10
13443,2004,340,29,20040721,202,10
13443,2004,340,5,20040427,117,10
13443,2004,340,6,20040430,120,10
13443,2004,340,7,20040507,127,10
13443,2004,350,29,20040712,193,10
13443,2004,350,3,20040318,77,10
13443,2004,350,4,20040323,82,10
13443,2004,350,5,20040415,105,10
13443,2004,360,29,20040707,188,10
13443,2004,360,5,20040418,108,10
13444,1952,102,5,19520404,94,10
13444,1952,108,5,19520506,126,10
13444,1952,112,32,19521028,301,10
13444,1952,113,5,19520315,74,10
13444,1952,117,62,19520915,258,10
13444,1952,120,5,19520422,112,10
13444,1952,124,5,19520415,105,10
13444,1952,125,5,19520420,110,10
13444,1952,127,5,19520301,60,10
13444,1952,129,62,19520824,236,10
13444,1952,130,5,19520616,167,10
13444,1952,134,5,19520420,110,10
13444,1952,135,6,19520615,166,10
13444,1952,136,6,19520615,166,10
13444,1952,201,25,19520606,157,10
13444,1952,202,18,19520613,164,10
13444,1952,202,23,19520731,212,10
13444,1952,203,10,19520918,261,10
13444,1952,203,12,19521009,282,10
13444,1952,203,15,19520511,131,10
13444,1952,203,23,19520723,204,10
13444,1952,203,6,19520529,149,10
13444,1952,204,18,19520613,164,10
13444,1952,205,10,19520811,223,10
13444,1952,205,12,19520816,228,10
13444,1952,205,24,19520707,188,10
13444,1952,205,5,19520424,114,10
13444,1952,208,15,19520616,167,10
13444,1952,208,23,19520804,216,10
13444,1952,243,11,19520514,134,10
13444,1952,243,24,19520805,217,10
13444,1952,243,5,19520609,160,10
13444,1952,252,24,19521016,289,10
13444,1952,253,24,19521029,302,10
13444,1952,310,5,19520426,116,10
13444,1952,310,6,19520505,125,10
13444,1952,311,29,19520724,205,10
13444,1952,320,5,19520418,108,10
13444,1952,320,6,19520423,113,10
13444,1952,321,29,19520803,215,10
13444,1952,322,29,19520919,262,10
13444,1952,330,5,19520419,109,10
13444,1952,330,6,19520425,115,10
13444,1952,332,29,19520708,189,10
13444,1952,340,29,19520727,208,10
13444,1952,340,5,19520419,109,10
13444,1952,340,6,19520425,115,10
13444,1952,350,29,19520702,183,10
13444,1952,350,4,19520407,97,10
13444,1952,350,5,19520414,104,10
13444,1952,371,29,19520801,213,10
13444,1953,102,5,19530410,100,10
13444,1953,103,62,19530723,204,10
13444,1953,108,5,19530427,117,10
13444,1953,112,31,19530917,260,10
13444,1953,112,32,19531005,278,10
13444,1953,112,4,19530404,94,10
13444,1953,112,5,19530410,100,10
13444,1953,113,5,19530319,78,10
13444,1953,116,5,19530412,102,10
13444,1953,117,5,19530525,145,10
13444,1953,117,62,19530827,239,10
13444,1953,118,8,19530408,98,10
13444,1953,119,5,19530416,106,10
13444,1953,120,5,19530404,94,10
13444,1953,122,31,19530919,262,10
13444,1953,122,32,19531017,290,10
13444,1953,122,5,19530502,122,10
13444,1953,122,62,19530916,259,10
13444,1953,124,5,19530317,76,10
13444,1953,125,5,19530411,101,10
13444,1953,127,5,19530223,54,10
13444,1953,129,5,19530523,143,10
13444,1953,129,62,19530802,214,10
13444,1953,130,4,19530410,100,10
13444,1953,130,5,19530620,171,10
13444,1953,131,5,19530403,93,10
13444,1953,132,31,19530919,262,10
13444,1953,132,32,19530922,265,10
13444,1953,132,62,19530907,250,10
13444,1953,133,8,19530408,98,10
13444,1953,136,6,19530525,145,10
13444,1953,137,4,19530419,109,10
13444,1953,137,5,19530626,177,10
13444,1953,138,5,19530501,121,10
13444,1953,201,25,19530605,156,10
13444,1953,201,27,19530809,221,10
13444,1953,202,10,19531008,281,10
13444,1953,202,12,19531020,293,10
13444,1953,202,18,19530608,159,10
13444,1953,202,23,19530730,211,10
13444,1953,203,10,19530919,262,10
13444,1953,203,12,19530924,267,10
13444,1953,203,15,19530516,136,10
13444,1953,203,23,19530720,201,10
13444,1953,203,6,19530607,158,10
13444,1953,204,10,19530917,260,10
13444,1953,204,12,19530923,266,10
13444,1953,204,18,19530613,164,10
13444,1953,204,23,19530703,184,10
13444,1953,205,10,19530819,231,10
13444,1953,205,12,19530828,240,10
13444,1953,205,24,19530704,185,10
13444,1953,205,5,19530426,116,10
13444,1953,206,10,19530313,72,10
13444,1953,206,12,19530402,92,10
13444,1953,207,10,19530312,71,10
13444,1953,207,12,19530401,91,10
13444,1953,207,23,19530803,215,10
13444,1953,208,10,19530314,73,10
13444,1953,208,12,19530404,94,10
13444,1953,208,23,19530801,213,10
13444,1953,243,11,19530515,135,10
13444,1953,243,24,19530720,201,10
13444,1953,243,5,19530525,145,10
13444,1953,252,10,19530413,103,10
13444,1953,252,12,19530430,120,10
13444,1953,252,24,19530917,260,10
13444,1953,253,10,19530415,105,10
13444,1953,253,12,19530502,122,10
13444,1953,253,24,19531007,280,10
13444,1953,310,5,19530423,113,10
13444,1953,311,29,19530712,193,10
13444,1953,313,29,19530831,243,10
13444,1953,320,5,19530415,105,10
13444,1953,321,29,19530810,222,10
13444,1953,322,29,19530921,264,10
13444,1953,330,5,19530409,99,10
13444,1953,330,6,19530413,103,10
13444,1953,330,7,19530426,116,10
13444,1953,332,29,19530617,168,10
13444,1953,340,29,19530714,195,10
13444,1953,340,5,19530419,109,10
13444,1953,340,7,19530505,125,10
13444,1953,350,29,19530626,177,10
13444,1953,350,4,19530317,76,10
13444,1953,350,5,19530409,99,10
13444,1953,371,29,19530809,221,10
13444,1953,372,29,19530913,256,10
13444,1954,102,5,19540411,101,10
13444,1954,103,62,19540826,238,10
13444,1954,104,4,19540513,133,10
13444,1954,105,61,19540429,119,10
13444,1954,107,8,19540514,134,10
13444,1954,108,5,19540518,138,10
13444,1954,112,31,19540928,271,10
13444,1954,112,32,19541017,290,10
13444,1954,112,4,19540424,114,10
13444,1954,112,5,19540417,107,10
13444,1954,113,5,19540309,68,10
13444,1954,114,5,19540804,216,10
13444,1954,115,5,19540922,265,10
13444,1954,116,5,19540408,98,10
13444,1954,117,5,19540614,165,10
13444,1954,117,62,19540925,268,10
13444,1954,118,8,19540512,132,10
13444,1954,119,5,19540413,103,10
13444,1954,120,5,19540428,118,10
13444,1954,122,32,19541022,295,10
13444,1954,122,4,19540426,116,10
13444,1954,122,5,19540515,135,10
13444,1954,122,62,19540925,268,10
13444,1954,124,5,19540330,89,10
13444,1954,125,5,19540508,128,10
13444,1954,127,5,19540306,65,10
13444,1954,129,5,19540610,161,10
13444,1954,129,62,19540831,243,10
13444,1954,130,4,19540508,128,10
13444,1954,130,5,19540620,171,10
13444,1954,132,4,19540513,133,10
13444,1954,136,6,19540610,161,10
13444,1954,137,4,19540515,135,10
13444,1954,137,5,19540629,180,10
13444,1954,138,5,19540531,151,10
13444,1954,201,25,19540613,164,10
13444,1954,201,27,19540902,245,10
13444,1954,202,10,19541001,274,10
13444,1954,202,12,19541012,285,10
13444,1954,202,18,19540611,162,10
13444,1954,202,23,19540818,230,10
13444,1954,203,10,19540930,273,10
13444,1954,203,12,19541015,288,10
13444,1954,203,15,19540517,137,10
13444,1954,203,18,19540522,142,10
13444,1954,203,21,19540802,214,10
13444,1954,203,23,19540817,229,10
13444,1954,203,6,19540601,152,10
13444,1954,204,10,19540914,257,10
13444,1954,204,12,19540925,268,10
13444,1954,204,18,19540613,164,10
13444,1954,204,23,19540816,228,10
13444,1954,205,10,19540823,235,10
13444,1954,205,12,19540906,249,10
13444,1954,205,24,19540721,202,10
13444,1954,205,5,19540517,137,10
13444,1954,206,10,19540323,82,10
13444,1954,206,12,19540416,106,10
13444,1954,206,15,19540613,164,10
13444,1954,206,18,19540622,173,10
13444,1954,206,21,19540818,230,10
13444,1954,206,23,19540829,241,10
13444,1954,207,10,19540323,82,10
13444,1954,207,12,19540412,102,10
13444,1954,207,15,19540601,152,10
13444,1954,207,18,19540611,162,10
13444,1954,207,21,19540813,225,10
13444,1954,207,23,19540824,236,10
13444,1954,208,10,19540325,84,10
13444,1954,208,12,19540409,99,10
13444,1954,208,21,19540812,224,10
13444,1954,208,23,19540818,230,10
13444,1954,208,66,19540624,175,10
13444,1954,243,11,19540520,140,10
13444,1954,243,24,19540804,216,10
13444,1954,243,5,19540607,158,10
13444,1954,252,24,19540927,270,10
13444,1954,253,24,19541002,275,10
13444,1954,310,5,19540509,129,10
13444,1954,310,6,19540517,137,10
13444,1954,310,7,19540522,142,10
13444,1954,311,29,19540719,200,10
13444,1954,313,29,19540930,273,10
13444,1954,320,5,19540505,125,10
13444,1954,320,6,19540511,131,10
13444,1954,320,7,19540516,136,10
13444,1954,321,29,19540816,228,10
13444,1954,322,29,19540915,258,10
13444,1954,330,5,19540503,123,10
13444,1954,330,6,19540509,129,10
13444,1954,330,7,19540514,134,10
13444,1954,331,29,19540619,170,10
13444,1954,340,29,19540729,210,10
13444,1954,340,5,19540509,129,10
13444,1954,340,6,19540514,134,10
13444,1954,340,7,19540517,137,10
13444,1954,350,29,19540715,196,10
13444,1954,350,4,19540402,92,10
13444,1954,350,5,19540423,113,10
13444,1954,371,29,19540807,219,10
13444,1954,372,29,19540909,252,10
13444,1955,102,5,19550422,112,10
13444,1955,103,62,19550801,213,10
13444,1955,104,4,19550510,130,10
13444,1955,107,8,19550512,132,10
13444,1955,108,5,19550525,145,10
13444,1955,112,31,19551013,286,10
13444,1955,112,32,19551022,295,10
13444,1955,112,4,19550427,117,10
13444,1955,113,5,19550401,91,10
13444,1955,114,5,19550809,221,10
13444,1955,115,5,19550912,255,10
13444,1955,116,5,19550304,63,10
13444,1955,117,5,19550628,179,10
13444,1955,117,62,19551002,275,10
13444,1955,118,8,19550516,136,10
13444,1955,119,5,19550419,109,10
13444,1955,120,5,19550502,122,10
13444,1955,122,31,19551022,295,10
13444,1955,122,32,19551030,303,10
13444,1955,122,4,19550428,118,10
13444,1955,122,5,19550516,136,10
13444,1955,122,62,19551007,280,10
13444,1955,123,31,19551020,293,10
13444,1955,123,32,19551027,300,10
13444,1955,123,4,19550508,128,10
13444,1955,123,5,19550420,110,10
13444,1955,124,5,19550412,102,10
13444,1955,125,5,19550504,124,10
13444,1955,127,5,19550319,78,10
13444,1955,129,5,19550618,169,10
13444,1955,129,62,19550830,242,10
13444,1955,130,4,19550502,122,10
13444,1955,130,5,19550627,178,10
13444,1955,132,31,19551017,290,10
13444,1955,132,32,19551101,305,10
13444,1955,132,4,19550506,126,10
13444,1955,136,6,19550619,170,10
13444,1955,137,4,19550508,128,10
13444,1955,137,5,19550713,194,10
13444,1955,138,5,19550601,152,10
13444,1955,201,25,19550617,168,10
13444,1955,201,27,19550809,221,10
13444,1955,202,10,19551010,283,10
13444,1955,202,12,19551025,298,10
13444,1955,202,15,19550521,141,10
13444,1955,202,18,19550623,174,10
13444,1955,202,23,19550815,227,10
13444,1955,203,10,19550928,271,10
13444,1955,203,12,19551009,282,10
13444,1955,203,15,19550519,139,10
13444,1955,203,18,19550531,151,10
13444,1955,203,23,19550802,214,10
13444,1955,203,6,19550619,170,10
13444,1955,204,10,19550919,262,10
13444,1955,204,12,19550927,270,10
13444,1955,204,15,19550521,141,10
13444,1955,204,18,19550602,153,10
13444,1955,204,23,19550725,206,10
13444,1955,205,10,19550822,234,10
13444,1955,205,12,19550903,246,10
13444,1955,205,24,19550718,199,10
13444,1955,205,5,19550507,127,10
13444,1955,206,10,19550404,94,10
13444,1955,206,12,19550422,112,10
13444,1955,206,15,19550530,150,10
13444,1955,206,18,19550621,172,10
13444,1955,206,21,19550809,221,10
13444,1955,206,23,19550809,221,10
13444,1955,207,10,19550401,91,10
13444,1955,207,12,19550425,115,10
13444,1955,207,15,19550625,176,10
13444,1955,207,18,19550702,183,10
13444,1955,207,21,19550817,229,10
13444,1955,207,23,19550817,229,10
13444,1955,208,10,19550402,92,10
13444,1955,208,12,19550428,118,10
13444,1955,208,15,19550628,179,10
13444,1955,208,21,19550818,230,10
13444,1955,208,23,19550818,230,10
13444,1955,208,66,19550704,185,10
13444,1955,243,11,19550521,141,10
13444,1955,243,24,19550818,230,10
13444,1955,243,5,19550612,163,10
13444,1955,252,10,19550426,116,10
13444,1955,252,12,19550510,130,10
13444,1955,252,24,19551007,280,10
13444,1955,253,10,19550417,107,10
13444,1955,253,12,19550504,124,10
13444,1955,253,24,19551014,287,10
13444,1955,310,5,19550508,128,10
13444,1955,310,6,19550515,135,10
13444,1955,310,7,19550522,142,10
13444,1955,311,29,19550801,213,10
13444,1955,313,29,19550917,260,10
13444,1955,320,5,19550510,130,10
13444,1955,320,6,19550514,134,10
13444,1955,320,7,19550519,139,10
13444,1955,321,29,19550830,242,10
13444,1955,330,5,19550503,123,10
13444,1955,330,6,19550506,126,10
13444,1955,330,7,19550518,138,10
13444,1955,332,29,19550621,172,10
13444,1955,340,29,19550801,213,10
13444,1955,340,5,19550512,132,10
13444,1955,340,7,19550523,143,10
13444,1955,350,29,19550719,200,10
13444,1955,350,4,19550417,107,10
13444,1955,350,5,19550421,111,10
13444,1955,371,29,19550818,230,10
13444,1955,372,29,19550929,272,10
13444,1956,102,5,19560411,101,10
13444,1956,103,5,19560428,118,10
13444,1956,103,62,19560729,210,10
13444,1956,104,4,19560508,128,10
13444,1956,105,5,19560527,147,10
13444,1956,105,61,19560511,131,10
13444,1956,107,5,19560529,149,10
13444,1956,107,8,19560517,137,10
13444,1956,108,5,19560519,139,10
13444,1956,112,31,19560910,253,10
13444,1956,112,32,19561023,296,10
13444,1956,112,4,19560411,101,10
13444,1956,112,5,19560504,124,10
13444,1956,114,5,19560815,227,10
13444,1956,115,5,19560820,232,10
13444,1956,116,5,19560328,87,10
13444,1956,117,5,19560618,169,10
13444,1956,117,62,19560906,249,10
13444,1956,118,5,19560527,147,10
13444,1956,118,8,19560517,137,10
13444,1956,119,5,19560426,116,10
13444,1956,120,5,19560426,116,10
13444,1956,122,31,19560916,259,10
13444,1956,122,32,19561019,292,10
13444,1956,122,4,19560424,114,10
13444,1956,122,5,19560519,139,10
13444,1956,122,62,19560916,259,10
13444,1956,123,31,19561005,278,10
13444,1956,123,32,19561014,287,10
13444,1956,123,4,19560503,123,10
13444,1956,123,5,19560507,127,10
13444,1956,124,5,19560404,94,10
13444,1956,125,5,19560506,126,10
13444,1956,127,5,19560315,74,10
13444,1956,128,4,19560421,111,10
13444,1956,128,5,19560428,118,10
13444,1956,129,5,19560610,161,10
13444,1956,129,62,19560822,234,10
13444,1956,130,4,19560429,119,10
13444,1956,130,5,19560705,186,10
13444,1956,131,5,19560507,127,10
13444,1956,132,31,19561004,277,10
13444,1956,132,32,19561026,299,10
13444,1956,132,4,19560509,129,10
13444,1956,132,5,19560518,138,10
13444,1956,133,5,19560529,149,10
13444,1956,133,8,19560517,137,10
13444,1956,136,6,19560602,153,10
13444,1956,137,4,19560509,129,10
13444,1956,137,5,19560713,194,10
13444,1956,138,5,19560522,142,10
13444,1956,201,25,19560604,155,10
13444,1956,201,27,19560817,229,10
13444,1956,202,10,19561027,300,10
13444,1956,202,12,19561110,314,10
13444,1956,202,15,19560608,159,10
13444,1956,202,18,19560612,163,10
13444,1956,202,21,19560809,221,10
13444,1956,202,23,19560813,225,10
13444,1956,203,10,19561007,280,10
13444,1956,203,12,19561016,289,10
13444,1956,203,15,19560509,129,10
13444,1956,203,18,19560521,141,10
13444,1956,203,21,19560730,211,10
13444,1956,203,23,19560805,217,10
13444,1956,203,6,19560531,151,10
13444,1956,204,10,19560924,267,10
13444,1956,204,12,19561003,276,10
13444,1956,204,15,19560526,146,10
13444,1956,204,18,19560601,152,10
13444,1956,204,23,19560722,203,10
13444,1956,205,10,19560827,239,10
13444,1956,205,12,19560906,249,10
13444,1956,205,24,19560722,203,10
13444,1956,205,5,19560516,136,10
13444,1956,206,10,19560321,80,10
13444,1956,206,12,19560403,93,10
13444,1956,206,18,19560615,166,10
13444,1956,206,21,19560811,223,10
13444,1956,206,23,19560817,229,10
13444,1956,207,10,19560402,92,10
13444,1956,207,12,19560420,110,10
13444,1956,207,15,19560528,148,10
13444,1956,207,18,19560602,153,10
13444,1956,207,21,19560801,213,10
13444,1956,207,23,19560805,217,10
13444,1956,208,10,19560319,78,10
13444,1956,208,12,19560417,107,10
13444,1956,208,15,19560626,177,10
13444,1956,208,21,19560817,229,10
13444,1956,208,23,19560821,233,10
13444,1956,208,66,19560630,181,10
13444,1956,243,11,19560514,134,10
13444,1956,243,24,19560809,221,10
13444,1956,243,5,19560529,149,10
13444,1956,252,10,19560417,107,10
13444,1956,252,12,19560507,127,10
13444,1956,252,24,19561024,297,10
13444,1956,253,10,19560428,118,10
13444,1956,253,12,19560509,129,10
13444,1956,253,24,19561029,302,10
13444,1956,310,5,19560512,132,10
13444,1956,310,6,19560514,134,10
13444,1956,310,7,19560519,139,10
13444,1956,311,29,19560720,201,10
13444,1956,313,29,19560916,259,10
13444,1956,320,5,19560509,129,10
13444,1956,320,6,19560511,131,10
13444,1956,320,7,19560523,143,10
13444,1956,321,29,19560825,237,10
13444,1956,322,29,19560924,267,10
13444,1956,330,5,19560503,123,10
13444,1956,330,6,19560505,125,10
13444,1956,330,7,19560514,134,10
13444,1956,332,29,19560626,177,10
13444,1956,340,29,19560730,211,10
13444,1956,340,5,19560507,127,10
13444,1956,340,6,19560509,129,10
13444,1956,340,7,19560519,139,10
13444,1956,350,29,19560716,197,10
13444,1956,350,4,19560407,97,10
13444,1956,350,5,19560428,118,10
13444,1956,371,29,19560811,223,10
13444,1956,372,29,19560910,253,10
13444,1957,102,5,19570323,82,10
13444,1957,103,62,19570730,211,10
13444,1957,104,4,19570515,135,10
13444,1957,105,61,19570407,97,10
13444,1957,107,8,19570508,128,10
13444,1957,108,5,19570514,134,10
13444,1957,112,31,19570903,246,10
13444,1957,112,4,19570406,96,10
13444,1957,113,5,19570203,34,10
13444,1957,114,5,19570729,210,10
13444,1957,115,5,19570903,246,10
13444,1957,116,5,19570306,65,10
13444,1957,117,5,19570606,157,10
13444,1957,117,62,19570828,240,10
13444,1957,118,5,19570526,146,10
13444,1957,118,8,19570506,126,10
13444,1957,119,5,19570311,70,10
13444,1957,120,5,19570405,95,10
13444,1957,122,4,19570412,102,10
13444,1957,122,5,19570518,138,10
13444,1957,122,62,19570828,240,10
13444,1957,123,4,19570428,118,10
13444,1957,124,5,19570313,72,10
13444,1957,125,5,19570410,100,10
13444,1957,127,5,19570215,46,10
13444,1957,128,4,19570407,97,10
13444,1957,129,5,19570606,157,10
13444,1957,129,62,19570825,237,10
13444,1957,130,4,19570406,96,10
13444,1957,130,5,19570618,169,10
13444,1957,131,5,19570416,106,10
13444,1957,132,4,19570430,120,10
13444,1957,133,8,19570508,128,10
13444,1957,136,6,19570612,163,10
13444,1957,137,4,19570428,118,10
13444,1957,137,5,19570704,185,10
13444,1957,138,5,19570505,125,10
13444,1957,201,25,19570525,145,10
13444,1957,201,27,19570731,212,10
13444,1957,202,10,19571018,291,10
13444,1957,202,12,19571103,307,10
13444,1957,202,15,19570615,166,10
13444,1957,202,23,19570802,214,10
13444,1957,203,10,19571007,280,10
13444,1957,203,12,19571028,301,10
13444,1957,203,15,19570510,130,10
13444,1957,203,18,19570522,142,10
13444,1957,203,23,19570723,204,10
13444,1957,203,6,19570606,157,10
13444,1957,204,10,19571005,278,10
13444,1957,204,12,19571016,289,10
13444,1957,204,15,19570525,145,10
13444,1957,204,18,19570531,151,10
13444,1957,204,23,19570706,187,10
13444,1957,205,10,19570824,236,10
13444,1957,205,12,19570903,246,10
13444,1957,205,24,19570709,190,10
13444,1957,205,5,19570428,118,10
13444,1957,206,10,19570311,70,10
13444,1957,206,12,19570329,88,10
13444,1957,206,15,19570616,167,10
13444,1957,206,18,19570621,172,10
13444,1957,206,23,19570816,228,10
13444,1957,207,10,19570314,73,10
13444,1957,207,12,19570331,90,10
13444,1957,207,15,19570614,165,10
13444,1957,207,18,19570619,170,10
13444,1957,207,23,19570805,217,10
13444,1957,208,10,19570312,71,10
13444,1957,208,12,19570401,91,10
13444,1957,208,15,19570619,170,10
13444,1957,208,23,19570806,218,10
13444,1957,208,66,19570623,174,10
13444,1957,243,11,19570515,135,10
13444,1957,243,24,19570823,235,10
13444,1957,243,5,19570619,170,10
13444,1957,252,10,19570414,104,10
13444,1957,252,12,19570427,117,10
13444,1957,252,24,19571014,287,10
13444,1957,253,10,19570415,105,10
13444,1957,253,12,19570427,117,10
13444,1957,253,24,19571028,301,10
13444,1957,310,5,19570421,111,10
13444,1957,310,6,19570425,115,10
13444,1957,310,7,19570501,121,10
13444,1957,311,29,19570804,216,10
13444,1957,313,29,19570919,262,10
13444,1957,320,5,19570418,108,10
13444,1957,320,6,19570423,113,10
13444,1957,320,7,19570428,118,10
13444,1957,321,29,19570806,218,10
13444,1957,322,29,19570927,270,10
13444,1957,330,5,19570406,96,10
13444,1957,330,6,19570413,103,10
13444,1957,331,29,19570619,170,10
13444,1957,340,29,19570730,211,10
13444,1957,340,5,19570425,115,10
13444,1957,340,6,19570501,121,10
13444,1957,340,7,19570508,128,10
13444,1957,350,29,19570704,185,10
13444,1957,350,4,19570315,74,10
13444,1957,350,5,19570323,82,10
13444,1957,371,29,19570729,210,10
13444,1957,372,29,19570917,260,10
13444,1958,102,5,19580416,106,10
13444,1958,103,5,19580614,165,10
13444,1958,103,62,19580825,237,10
13444,1958,104,4,19580506,126,10
13444,1958,105,61,19580427,117,10
13444,1958,107,8,19580614,165,10
13444,1958,108,5,19580529,149,10
13444,1958,112,31,19581002,275,10
13444,1958,112,32,19581019,292,10
13444,1958,112,4,19580505,125,10
13444,1958,112,5,19580507,127,10
13444,1958,113,5,19580203,34,10
13444,1958,115,5,19580910,253,10
13444,1958,116,5,19580402,92,10
13444,1958,117,5,19580616,167,10
13444,1958,117,62,19580912,255,10
13444,1958,118,5,19580611,162,10
13444,1958,118,8,19580616,167,10
13444,1958,120,5,19580503,123,10
13444,1958,122,31,19580927,270,10
13444,1958,122,32,19581027,300,10
13444,1958,122,4,19580505,125,10
13444,1958,122,5,19580525,145,10
13444,1958,122,62,19580929,272,10
13444,1958,123,31,19581002,275,10
13444,1958,123,32,19581030,303,10
13444,1958,123,4,19580507,127,10
13444,1958,123,5,19580518,138,10
13444,1958,123,62,19580919,262,10
13444,1958,124,5,19580405,95,10
13444,1958,125,5,19580508,128,10
13444,1958,127,5,19580209,40,10
13444,1958,129,5,19580619,170,10
13444,1958,129,62,19580830,242,10
13444,1958,130,4,19580502,122,10
13444,1958,130,5,19580701,182,10
13444,1958,133,8,19580614,165,10
13444,1958,137,4,19580511,131,10
13444,1958,137,5,19580710,191,10
13444,1958,138,5,19580615,166,10
13444,1958,201,25,19580616,167,10
13444,1958,201,27,19580813,225,10
13444,1958,202,10,19581017,290,10
13444,1958,202,12,19581029,302,10
13444,1958,202,15,19580614,165,10
13444,1958,202,18,19580620,171,10
13444,1958,202,21,19580808,220,10
13444,1958,202,23,19580817,229,10
13444,1958,203,10,19580929,272,10
13444,1958,203,12,19581008,281,10
13444,1958,203,15,19580522,142,10
13444,1958,203,18,19580528,148,10
13444,1958,203,21,19580719,200,10
13444,1958,203,23,19580804,216,10
13444,1958,203,6,19580606,157,10
13444,1958,204,10,19580927,270,10
13444,1958,204,12,19581007,280,10
13444,1958,204,15,19580520,140,10
13444,1958,204,18,19580525,145,10
13444,1958,204,21,19580717,198,10
13444,1958,204,23,19580717,198,10
13444,1958,205,10,19580815,227,10
13444,1958,205,12,19580903,246,10
13444,1958,205,24,19580712,193,10
13444,1958,205,5,19580512,132,10
13444,1958,206,10,19580405,95,10
13444,1958,206,12,19580420,110,10
13444,1958,206,15,19580619,170,10
13444,1958,206,18,19580623,174,10
13444,1958,206,23,19580823,235,10
13444,1958,207,10,19580410,100,10
13444,1958,207,12,19580425,115,10
13444,1958,207,15,19580620,171,10
13444,1958,207,18,19580624,175,10
13444,1958,207,21,19580823,235,10
13444,1958,207,23,19580824,236,10
13444,1958,208,10,19580408,98,10
13444,1958,208,12,19580420,110,10
13444,1958,208,21,19580813,225,10
13444,1958,208,23,19580821,233,10
13444,1958,208,66,19580711,192,10
13444,1958,243,11,19580514,134,10
13444,1958,243,24,19580813,225,10
13444,1958,243,5,19580623,174,10
13444,1958,252,10,19580423,113,10
13444,1958,252,12,19580508,128,10
13444,1958,252,24,19581003,276,10
13444,1958,253,10,19580425,115,10
13444,1958,253,12,19580508,128,10
13444,1958,253,24,19581007,280,10
13444,1958,310,5,19580512,132,10
13444,1958,310,6,19580519,139,10
13444,1958,311,29,19580816,228,10
13444,1958,313,29,19580925,268,10
13444,1958,320,5,19580509,129,10
13444,1958,320,6,19580609,160,10
13444,1958,321,29,19580821,233,10
13444,1958,322,29,19580919,262,10
13444,1958,330,5,19580507,127,10
13444,1958,330,6,19580510,130,10
13444,1958,330,7,19580515,135,10
13444,1958,332,29,19580627,178,10
13444,1958,340,29,19580725,206,10
13444,1958,340,5,19580518,138,10
13444,1958,340,6,19580609,160,10
13444,1958,340,7,19580614,165,10
13444,1958,350,29,19580717,198,10
13444,1958,350,4,19580409,99,10
13444,1958,350,5,19580428,118,10
13444,1958,371,29,19580806,218,10
13444,1958,372,29,19580924,267,10
13444,1959,103,62,19590818,230,10
13444,1959,112,31,19591010,283,10
13444,1959,112,32,19591015,288,10
13444,1959,115,5,19590830,242,10
13444,1959,123,31,19591014,287,10
13444,1959,123,32,19591028,301,10
13444,1959,129,62,19590903,246,10
13444,1959,201,27,19590820,232,10
13444,1959,202,10,19591026,299,10
13444,1959,203,10,19591019,292,10
13444,1959,203,12,19591105,309,10
13444,1959,204,12,19591010,283,10
13444,1959,205,10,19590816,228,10
13444,1959,205,12,19590824,236,10
13444,1959,252,24,19591005,278,10
13444,1959,253,24,19591022,295,10
13444,1959,313,29,19590918,261,10
13444,1959,372,29,19590912,255,10
13444,1960,102,5,19600331,90,10
13444,1960,103,62,19600812,224,10
13444,1960,104,4,19600508,128,10
13444,1960,104,5,19600430,120,10
13444,1960,105,61,19600418,108,10
13444,1960,108,5,19600512,132,10
13444,1960,112,31,19601019,292,10
13444,1960,112,32,19601030,303,10
13444,1960,112,4,19600429,119,10
13444,1960,112,5,19600425,115,10
13444,1960,113,5,19600301,60,10
13444,1960,115,5,19600912,255,10
13444,1960,116,5,19600314,73,10
13444,1960,120,5,19600416,106,10
13444,1960,123,31,19600919,262,10
13444,1960,123,32,19601013,286,10
13444,1960,123,4,19600430,120,10
13444,1960,124,5,19600325,84,10
13444,1960,125,5,19600425,115,10
13444,1960,127,5,19600302,61,10
13444,1960,129,5,19600605,156,10
13444,1960,129,62,19600825,237,10
13444,1960,130,4,19600508,128,10
13444,1960,130,5,19600624,175,10
13444,1960,131,5,19600418,108,10
13444,1960,132,31,19601004,277,10
13444,1960,132,32,19601030,303,10
13444,1960,132,4,19600511,131,10
13444,1960,132,62,19600914,257,10
13444,1960,135,6,19600603,154,10
13444,1960,136,6,19600603,154,10
13444,1960,138,5,19600514,134,10
13444,1960,201,25,19600613,164,10
13444,1960,202,15,19600509,129,10
13444,1960,202,18,19600618,169,10
13444,1960,202,23,19600814,226,10
13444,1960,203,10,19601002,275,10
13444,1960,203,12,19601014,287,10
13444,1960,203,15,19600504,124,10
13444,1960,203,18,19600522,142,10
13444,1960,203,23,19600729,210,10
13444,1960,203,6,19600604,155,10
13444,1960,204,10,19600925,268,10
13444,1960,204,12,19601003,276,10
13444,1960,204,15,19600522,142,10
13444,1960,204,18,19600530,150,10
13444,1960,204,21,19600714,195,10
13444,1960,204,23,19600717,198,10
13444,1960,205,10,19600817,229,10
13444,1960,205,12,19600824,236,10
13444,1960,205,24,19600711,192,10
13444,1960,205,5,19600504,124,10
13444,1960,206,10,19600312,71,10
13444,1960,206,12,19600407,97,10
13444,1960,207,10,19600318,77,10
13444,1960,207,12,19600404,94,10
13444,1960,207,15,19600528,148,10
13444,1960,207,18,19600615,166,10
13444,1960,207,23,19600729,210,10
13444,1960,208,10,19600315,74,10
13444,1960,208,12,19600407,97,10
13444,1960,208,15,19600528,148,10
13444,1960,208,23,19600811,223,10
13444,1960,208,66,19600624,175,10
13444,1960,243,11,19600516,136,10
13444,1960,243,5,19600619,170,10
13444,1960,252,10,19600422,112,10
13444,1960,252,12,19600509,129,10
13444,1960,252,24,19601016,289,10
13444,1960,253,10,19600410,100,10
13444,1960,253,12,19600506,126,10
13444,1960,310,5,19600505,125,10
13444,1960,310,6,19600507,127,10
13444,1960,310,7,19600515,135,10
13444,1960,311,29,19600806,218,10
13444,1960,340,29,19600718,199,10
13444,1960,340,5,19600430,120,10
13444,1960,340,6,19600506,126,10
13444,1960,350,29,19600708,189,10
13444,1960,350,4,19600413,103,10
13444,1960,350,5,19600417,107,10
13444,1960,372,29,19600902,245,10
13444,1961,103,5,19610429,119,10
13444,1961,103,62,19610806,218,10
13444,1961,104,4,19610516,136,10
13444,1961,108,5,19610427,117,10
13444,1961,112,31,19611014,287,10
13444,1961,112,4,19610405,95,10
13444,1961,113,5,19610218,49,10
13444,1961,115,5,19610913,256,10
13444,1961,116,5,19610220,51,10
13444,1961,117,5,19610603,154,10
13444,1961,117,62,19610907,250,10
13444,1961,120,5,19610407,97,10
13444,1961,123,31,19611007,280,10
13444,1961,123,4,19610417,107,10
13444,1961,124,5,19610309,68,10
13444,1961,125,5,19610406,96,10
13444,1961,127,5,19610218,49,10
13444,1961,129,5,19610515,135,10
13444,1961,129,62,19610821,233,10
13444,1961,130,4,19610417,107,10
13444,1961,130,5,19610624,175,10
13444,1961,132,31,19611014,287,10
13444,1961,132,4,19610427,117,10
13444,1961,132,62,19610919,262,10
13444,1961,137,4,19610424,114,10
13444,1961,137,5,19610712,193,10
13444,1961,138,5,19610429,119,10
13444,1961,201,25,19610607,158,10
13444,1961,202,10,19611018,291,10
13444,1961,202,12,19611105,309,10
13444,1961,202,18,19610626,177,10
13444,1961,203,10,19610916,259,10
13444,1961,203,12,19610926,269,10
13444,1961,203,15,19610510,130,10
13444,1961,203,18,19610522,142,10
13444,1961,203,21,19610805,217,10
13444,1961,203,23,19610809,221,10
13444,1961,203,24,19610809,221,10
13444,1961,203,6,19610608,159,10
13444,1961,204,10,19610910,253,10
13444,1961,204,12,19610919,262,10
13444,1961,204,23,19610727,208,10
13444,1961,204,24,19610727,208,10
13444,1961,205,10,19610811,223,10
13444,1961,205,12,19610823,235,10
13444,1961,205,24,19610705,186,10
13444,1961,205,5,19610420,110,10
13444,1961,206,10,19610211,42,10
13444,1961,206,12,19610301,60,10
13444,1961,206,18,19610629,180,10
13444,1961,206,21,19610815,227,10
13444,1961,206,23,19610825,237,10
13444,1961,207,10,19610312,71,10
13444,1961,207,12,19610403,93,10
13444,1961,207,18,19610623,174,10
13444,1961,207,21,19610801,213,10
13444,1961,207,23,19610807,219,10
13444,1961,207,24,19610807,219,10
13444,1961,208,10,19610311,70,10
13444,1961,208,12,19610406,96,10
13444,1961,208,23,19610820,232,10
13444,1961,208,66,19610630,181,10
13444,1961,252,10,19610512,132,10
13444,1961,252,12,19610524,144,10
13444,1961,252,24,19611012,285,10
13444,1961,253,10,19610523,143,10
13444,1961,253,12,19610604,155,10
13444,1961,310,5,19610422,112,10
13444,1961,310,7,19610430,120,10
13444,1961,340,29,19610721,202,10
13444,1961,340,5,19610412,102,10
13444,1961,340,7,19610424,114,10
13444,1961,350,29,19610704,185,10
13444,1961,350,4,19610329,88,10
13444,1961,350,5,19610404,94,10
13444,1961,372,29,19610912,255,10
13444,1962,102,5,19620419,109,10
13444,1962,103,5,19620529,149,10
13444,1962,103,62,19620829,241,10
13444,1962,104,4,19620518,138,10
13444,1962,108,5,19620521,141,10
13444,1962,112,31,19621005,278,10
13444,1962,112,4,19620426,116,10
13444,1962,113,5,19620302,61,10
13444,1962,115,5,19620902,245,10
13444,1962,116,5,19620326,85,10
13444,1962,117,5,19620623,174,10
13444,1962,117,62,19620922,265,10
13444,1962,120,5,19620502,122,10
13444,1962,123,31,19620927,270,10
13444,1962,123,4,19620420,110,10
13444,1962,124,5,19620418,108,10
13444,1962,125,5,19620430,120,10
13444,1962,127,5,19620324,83,10
13444,1962,128,4,19620429,119,10
13444,1962,128,5,19620403,93,10
13444,1962,129,5,19620621,172,10
13444,1962,129,62,19620903,246,10
13444,1962,130,4,19620506,126,10
13444,1962,130,5,19620715,196,10
13444,1962,131,5,19620424,114,10
13444,1962,132,31,19621030,303,10
13444,1962,132,4,19620509,129,10
13444,1962,132,5,19620524,144,10
13444,1962,132,62,19621018,291,10
13444,1962,137,4,19620514,134,10
13444,1962,137,5,19620729,210,10
13444,1962,138,5,19620528,148,10
13444,1962,201,25,19620618,169,10
13444,1962,201,27,19620819,231,10
13444,1962,202,10,19621014,287,10
13444,1962,202,12,19621029,302,10
13444,1962,202,15,19620523,143,10
13444,1962,202,18,19620704,185,10
13444,1962,202,21,19620812,224,10
13444,1962,202,24,19620910,253,10
13444,1962,203,10,19620920,263,10
13444,1962,203,12,19620930,273,10
13444,1962,203,15,19620505,125,10
13444,1962,203,18,19620605,156,10
13444,1962,203,21,19620731,212,10
13444,1962,203,24,19620824,236,10
13444,1962,203,6,19620618,169,10
13444,1962,204,10,19620906,249,10
13444,1962,204,12,19620912,255,10
13444,1962,205,10,19620818,230,10
13444,1962,205,12,19620824,236,10
13444,1962,205,24,19620727,208,10
13444,1962,205,5,19620519,139,10
13444,1962,206,10,19620324,83,10
13444,1962,206,12,19620417,107,10
13444,1962,206,15,19620526,146,10
13444,1962,206,18,19620705,186,10
13444,1962,206,21,19620812,224,10
13444,1962,206,23,19620915,258,10
13444,1962,207,10,19620402,92,10
13444,1962,207,12,19620424,114,10
13444,1962,207,15,19620603,154,10
13444,1962,207,18,19620701,182,10
13444,1962,207,21,19620804,216,10
13444,1962,207,24,19620825,237,10
13444,1962,208,10,19620403,93,10
13444,1962,208,12,19620421,111,10
13444,1962,208,15,19620606,157,10
13444,1962,208,66,19620703,184,10
13444,1962,252,10,19620502,122,10
13444,1962,252,12,19620520,140,10
13444,1962,252,24,19621012,285,10
13444,1962,253,10,19620428,118,10
13444,1962,253,12,19620513,133,10
13444,1962,253,24,19621017,290,10
13444,1962,310,5,19620516,136,10
13444,1962,310,6,19620520,140,10
13444,1962,310,7,19620526,146,10
13444,1962,311,29,19620818,230,10
13444,1962,320,5,19620505,125,10
13444,1962,320,6,19620508,128,10
13444,1962,320,7,19620514,134,10
13444,1962,322,29,19621024,297,10
13444,1962,340,29,19620729,210,10
13444,1962,340,5,19620508,128,10
13444,1962,340,6,19620512,132,10
13444,1962,340,7,19620522,142,10
13444,1962,350,29,19620728,209,10
13444,1962,350,4,19620423,113,10
13444,1962,350,5,19620427,117,10
13444,1962,372,29,19620929,272,10
13444,1963,102,5,19630420,110,10
13444,1963,103,5,19630518,138,10
13444,1963,103,62,19630817,229,10
13444,1963,104,4,19630520,140,10
13444,1963,105,61,19630420,110,10
13444,1963,108,5,19630521,141,10
13444,1963,112,31,19631012,285,10
13444,1963,112,4,19630422,112,10
13444,1963,113,5,19630403,93,10
13444,1963,115,5,19630818,230,10
13444,1963,116,5,19630328,87,10
13444,1963,117,5,19630613,164,10
13444,1963,117,62,19630831,243,10
13444,1963,120,5,19630501,121,10
13444,1963,121,4,19630527,147,10
13444,1963,121,5,19630616,167,10
13444,1963,123,31,19630921,264,10
13444,1963,123,4,19630504,124,10
13444,1963,124,5,19630409,99,10
13444,1963,125,5,19630501,121,10
13444,1963,127,5,19630327,86,10
13444,1963,128,4,19630418,108,10
13444,1963,128,5,19630410,100,10
13444,1963,129,5,19630612,163,10
13444,1963,129,62,19630825,237,10
13444,1963,130,4,19630430,120,10
13444,1963,131,5,19630503,123,10
13444,1963,132,31,19631020,293,10
13444,1963,132,4,19630514,134,10
13444,1963,132,5,19630515,135,10
13444,1963,137,4,19630507,127,10
13444,1963,138,5,19630523,143,10
13444,1963,201,25,19630604,155,10
13444,1963,201,27,19630819,231,10
13444,1963,202,10,19631016,289,10
13444,1963,202,12,19631028,301,10
13444,1963,202,15,19630525,145,10
13444,1963,202,18,19630617,168,10
13444,1963,202,21,19630805,217,10
13444,1963,202,24,19630810,222,10
13444,1963,203,10,19630924,267,10
13444,1963,203,12,19631009,282,10
13444,1963,203,15,19630508,128,10
13444,1963,203,18,19630527,147,10
13444,1963,203,21,19630724,205,10
13444,1963,203,24,19630730,211,10
13444,1963,203,6,19630606,157,10
13444,1963,204,10,19630907,250,10
13444,1963,204,12,19630917,260,10
13444,1963,204,15,19630516,136,10
13444,1963,204,18,19630531,151,10
13444,1963,204,21,19630705,186,10
13444,1963,204,24,19630719,200,10
13444,1963,205,10,19630817,229,10
13444,1963,205,12,19630824,236,10
13444,1963,205,24,19630711,192,10
13444,1963,205,5,19630510,130,10
13444,1963,206,10,19630330,89,10
13444,1963,206,12,19630414,104,10
13444,1963,206,15,19630529,149,10
13444,1963,206,18,19630623,174,10
13444,1963,206,21,19630811,223,10
13444,1963,206,23,19630815,227,10
13444,1963,207,10,19630329,88,10
13444,1963,207,12,19630413,103,10
13444,1963,207,15,19630523,143,10
13444,1963,207,18,19630611,162,10
13444,1963,207,21,19630723,204,10
13444,1963,207,24,19630731,212,10
13444,1963,208,10,19630325,84,10
13444,1963,208,12,19630412,102,10
13444,1963,208,15,19630530,150,10
13444,1963,208,21,19630801,213,10
13444,1963,208,66,19630626,177,10
13444,1963,252,10,19630426,116,10
13444,1963,252,12,19630513,133,10
13444,1963,252,24,19631008,281,10
13444,1963,253,10,19630419,109,10
13444,1963,253,12,19630506,126,10
13444,1963,253,24,19631014,287,10
13444,1963,310,5,19630510,130,10
13444,1963,310,6,19630514,134,10
13444,1963,310,7,19630522,142,10
13444,1963,311,29,19630801,213,10
13444,1963,320,5,19630505,125,10
13444,1963,320,6,19630511,131,10
13444,1963,320,7,19630517,137,10
13444,1963,322,29,19631013,286,10
13444,1963,340,29,19630729,210,10
13444,1963,340,5,19630505,125,10
13444,1963,340,6,19630511,131,10
13444,1963,340,7,19630519,139,10
13444,1963,350,29,19630715,196,10
13444,1963,350,4,19630417,107,10
13444,1963,350,5,19630423,113,10
13444,1963,372,29,19630920,263,10
13444,1964,102,5,19640424,115,10
13444,1964,103,5,19640519,139,10
13444,1964,103,62,19640730,211,10
13444,1964,104,4,19640512,132,10
13444,1964,105,5,19640427,117,10
13444,1964,105,61,19640423,113,10
13444,1964,108,5,19640512,133,10
13444,1964,112,31,19640921,265,10
13444,1964,112,4,19640420,111,10
13444,1964,113,5,19640228,59,10
13444,1964,115,5,19640819,232,10
13444,1964,116,5,19640323,83,10
13444,1964,117,5,19640605,156,10
13444,1964,117,62,19640831,243,10
13444,1964,120,5,19640427,118,10
13444,1964,121,4,19640513,133,10
13444,1964,121,5,19640602,154,10
13444,1964,123,31,19640914,258,10
13444,1964,123,4,19640420,111,10
13444,1964,124,5,19640413,104,10
13444,1964,125,5,19640428,118,10
13444,1964,127,5,19640223,54,10
13444,1964,128,4,19640422,113,10
13444,1964,128,5,19640325,84,10
13444,1964,129,5,19640602,154,10
13444,1964,129,62,19640814,227,10
13444,1964,130,4,19640424,115,10
13444,1964,130,5,19640606,158,10
13444,1964,131,5,19640426,117,10
13444,1964,132,31,19640928,272,10
13444,1964,132,4,19640510,131,10
13444,1964,137,4,19640508,128,10
13444,1964,137,5,19640702,183,10
13444,1964,138,5,19640514,135,10
13444,1964,201,25,19640601,153,10
13444,1964,201,27,19640824,236,10
13444,1964,202,10,19641004,278,10
13444,1964,202,12,19641025,299,10
13444,1964,202,15,19640514,134,10
13444,1964,202,18,19640606,157,10
13444,1964,202,21,19640722,203,10
13444,1964,202,24,19640804,217,10
13444,1964,203,10,19640915,259,10
13444,1964,203,12,19640922,266,10
13444,1964,203,15,19640430,120,10
13444,1964,203,18,19640526,147,10
13444,1964,203,21,19640717,198,10
13444,1964,203,24,19640726,208,10
13444,1964,203,6,19640603,155,10
13444,1964,204,10,19640914,257,10
13444,1964,204,12,19640923,266,10
13444,1964,204,15,19640511,131,10
13444,1964,204,18,19640528,148,10
13444,1964,204,21,19640706,187,10
13444,1964,204,24,19640712,194,10
13444,1964,205,10,19640814,226,10
13444,1964,205,12,19640821,234,10
13444,1964,205,24,19640630,182,10
13444,1964,205,5,19640511,132,10
13444,1964,206,10,19640314,73,10
13444,1964,206,12,19640414,104,10
13444,1964,207,10,19640406,96,10
13444,1964,207,12,19640419,110,10
13444,1964,207,15,19640526,146,10
13444,1964,207,18,19640609,160,10
13444,1964,207,21,19640720,201,10
13444,1964,207,24,19640730,212,10
13444,1964,208,10,19640415,106,10
13444,1964,208,12,19640426,117,10
13444,1964,208,15,19640528,148,10
13444,1964,208,21,19640727,208,10
13444,1964,208,66,19640623,175,10
13444,1964,252,10,19640422,112,10
13444,1964,252,12,19640505,126,10
13444,1964,252,24,19640921,265,10
13444,1964,310,5,19640509,130,10
13444,1964,310,6,19640515,135,10
13444,1964,310,7,19640519,139,10
13444,1964,311,29,19640731,213,10
13444,1964,320,5,19640503,124,10
13444,1964,320,6,19640510,130,10
13444,1964,320,7,19640516,136,10
13444,1964,322,29,19640920,264,10
13444,1964,340,29,19640714,196,10
13444,1964,340,5,19640503,124,10
13444,1964,340,6,19640512,132,10
13444,1964,340,7,19640515,135,10
13444,1964,350,29,19640706,188,10
13444,1964,350,4,19640417,108,10
13444,1964,350,5,19640425,116,10
13444,1964,372,29,19640904,248,10
13444,1965,102,5,19650412,102,10
13444,1965,103,5,19650527,147,10
13444,1965,103,62,19650804,216,10
13444,1965,104,4,19650520,140,10
13444,1965,105,61,19650425,115,10
13444,1965,108,5,19650522,142,10
13444,1965,112,31,19651003,276,10
13444,1965,112,4,19650504,124,10
13444,1965,113,5,19650314,73,10
13444,1965,115,5,19650826,238,10
13444,1965,116,5,19650317,76,10
13444,1965,117,5,19650621,172,10
13444,1965,117,62,19650912,255,10
13444,1965,118,8,19650528,148,10
13444,1965,120,5,19650426,116,10
13444,1965,121,4,19650521,141,10
13444,1965,121,5,19650619,170,10
13444,1965,123,31,19650924,267,10
13444,1965,123,4,19650504,124,10
13444,1965,124,5,19650402,92,10
13444,1965,125,5,19650427,117,10
13444,1965,127,5,19650315,74,10
13444,1965,128,4,19650428,118,10
13444,1965,128,5,19650320,79,10
13444,1965,129,5,19650614,165,10
13444,1965,129,62,19650831,243,10
13444,1965,130,4,19650507,127,10
13444,1965,130,5,19650703,184,10
13444,1965,131,5,19650503,123,10
13444,1965,132,31,19651020,293,10
13444,1965,132,4,19650517,137,10
13444,1965,132,5,19650522,142,10
13444,1965,137,4,19650516,136,10
13444,1965,137,5,19650719,200,10
13444,1965,138,5,19650525,145,10
13444,1965,201,25,19650608,159,10
13444,1965,201,27,19650814,226,10
13444,1965,202,10,19651021,294,10
13444,1965,202,12,19651120,324,10
13444,1965,202,15,19650508,128,10
13444,1965,202,18,19650622,173,10
13444,1965,202,21,19650803,215,10
13444,1965,202,24,19650820,232,10
13444,1965,203,10,19650928,271,10
13444,1965,203,12,19651006,279,10
13444,1965,203,15,19650419,109,10
13444,1965,203,18,19650526,146,10
13444,1965,203,21,19650722,203,10
13444,1965,203,24,19650804,216,10
13444,1965,203,6,19650610,161,10
13444,1965,204,10,19650916,259,10
13444,1965,204,12,19650925,268,10
13444,1965,204,15,19650504,124,10
13444,1965,204,18,19650529,149,10
13444,1965,204,21,19650712,193,10
13444,1965,204,24,19650726,207,10
13444,1965,205,10,19650825,237,10
13444,1965,205,12,19650902,245,10
13444,1965,205,24,19650723,204,10
13444,1965,205,5,19650511,131,10
13444,1965,206,10,19650322,81,10
13444,1965,206,12,19650422,112,10
13444,1965,206,15,19650524,144,10
13444,1965,206,18,19650626,177,10
13444,1965,206,21,19650817,229,10
13444,1965,206,23,19650830,242,10
13444,1965,207,10,19650403,93,10
13444,1965,207,12,19650420,110,10
13444,1965,207,15,19650529,149,10
13444,1965,207,18,19650621,172,10
13444,1965,207,21,19650808,220,10
13444,1965,207,24,19650817,229,10
13444,1965,208,10,19650402,92,10
13444,1965,208,12,19650424,114,10
13444,1965,208,15,19650528,148,10
13444,1965,208,21,19650811,223,10
13444,1965,208,66,19650626,177,10
13444,1965,252,10,19650517,137,10
13444,1965,252,12,19650526,146,10
13444,1965,252,24,19651006,279,10
13444,1965,310,5,19650516,136,10
13444,1965,310,6,19650521,141,10
13444,1965,310,7,19650527,147,10
13444,1965,313,29,19651010,283,10
13444,1965,320,5,19650508,128,10
13444,1965,320,6,19650514,134,10
13444,1965,320,7,19650518,138,10
13444,1965,322,29,19651023,296,10
13444,1965,340,29,19650725,206,10
13444,1965,340,5,19650507,127,10
13444,1965,340,6,19650512,132,10
13444,1965,340,7,19650518,138,10
13444,1965,350,29,19650717,198,10
13444,1965,350,4,19650409,99,10
13444,1965,350,5,19650424,114,10
13444,1965,372,29,19650927,270,10
13444,1966,102,5,19660409,99,10
13444,1966,103,5,19660508,128,10
13444,1966,103,62,19660802,214,10
13444,1966,104,4,19660506,126,10
13444,1966,105,61,19660418,108,10
13444,1966,108,5,19660507,127,10
13444,1966,112,4,19660420,110,10
13444,1966,113,5,19660223,54,10
13444,1966,116,5,19660226,57,10
13444,1966,117,5,19660531,151,10
13444,1966,117,62,19660901,244,10
13444,1966,118,5,19660514,134,10
13444,1966,118,8,19660511,131,10
13444,1966,120,5,19660417,107,10
13444,1966,121,4,19660505,125,10
13444,1966,121,5,19660530,150,10
13444,1966,123,4,19660427,117,10
13444,1966,124,5,19660317,76,10
13444,1966,125,5,19660419,109,10
13444,1966,127,5,19660221,52,10
13444,1966,128,4,19660419,109,10
13444,1966,128,5,19660225,56,10
13444,1966,129,5,19660521,141,10
13444,1966,129,62,19660813,225,10
13444,1966,130,4,19660427,117,10
13444,1966,130,5,19660615,166,10
13444,1966,131,5,19660426,116,10
13444,1966,132,4,19660505,125,10
13444,1966,132,5,19660516,136,10
13444,1966,137,4,19660503,123,10
13444,1966,138,5,19660513,133,10
13444,1966,201,25,19660524,144,10
13444,1966,201,27,19660810,222,10
13444,1966,202,15,19660506,126,10
13444,1966,202,18,19660609,160,10
13444,1966,202,21,19660710,191,10
13444,1966,203,15,19660416,106,10
13444,1966,203,18,19660522,142,10
13444,1966,203,21,19660705,186,10
13444,1966,203,24,19660724,205,10
13444,1966,203,6,19660604,155,10
13444,1966,204,15,19660503,123,10
13444,1966,204,18,19660601,152,10
13444,1966,204,21,19660622,173,10
13444,1966,204,24,19660709,190,10
13444,1966,205,10,19660809,221,10
13444,1966,205,12,19660819,231,10
13444,1966,205,24,19660707,188,10
13444,1966,205,5,19660430,120,10
13444,1966,206,10,19660302,61,10
13444,1966,206,12,19660403,93,10
13444,1966,206,15,19660513,133,10
13444,1966,206,18,19660609,160,10
13444,1966,206,21,19660726,207,10
13444,1966,206,23,19660814,226,10
13444,1966,207,10,19660305,64,10
13444,1966,207,12,19660404,94,10
13444,1966,207,15,19660514,134,10
13444,1966,207,18,19660609,160,10
13444,1966,207,21,19660709,190,10
13444,1966,207,24,19660728,209,10
13444,1966,208,10,19660305,64,10
13444,1966,208,12,19660408,98,10
13444,1966,208,15,19660518,138,10
13444,1966,208,21,19660731,212,10
13444,1966,208,66,19660619,170,10
13444,1966,252,10,19660504,124,10
13444,1966,252,12,19660517,137,10
13444,1966,310,5,19660503,123,10
13444,1966,310,6,19660508,128,10
13444,1966,310,7,19660512,132,10
13444,1966,320,5,19660424,114,10
13444,1966,320,6,19660428,118,10
13444,1966,320,7,19660502,122,10
13444,1966,340,29,19660713,194,10
13444,1966,340,5,19660428,118,10
13444,1966,340,6,19660501,121,10
13444,1966,340,7,19660504,124,10
13444,1966,350,29,19660628,179,10
13444,1966,350,4,19660402,92,10
13444,1966,350,5,19660413,103,10
13444,1968,108,5,19680524,144,10
13444,1968,112,4,19680506,126,10
13444,1968,113,5,19680319,78,10
13444,1968,116,5,19680329,88,10
13444,1968,117,5,19680617,168,10
13444,1968,117,62,19680908,251,10
13444,1968,120,5,19680428,118,10
13444,1968,124,5,19680330,89,10
13444,1968,125,5,19680512,132,10
13444,1968,127,5,19680326,85,10
13444,1968,130,5,19680620,171,10
13444,1968,132,4,19680518,138,10
13444,1968,138,5,19680514,134,10
13444,1968,201,25,19680524,144,10
13444,1968,202,10,19681019,292,10
13444,1968,202,12,19681105,309,10
13444,1968,202,24,19680819,231,10
13444,1968,203,10,19680919,262,10
13444,1968,203,12,19681011,284,10
13444,1968,203,18,19680529,149,10
13444,1968,203,21,19680807,219,10
13444,1968,203,24,19680811,223,10
13444,1968,203,6,19680609,160,10
13444,1968,204,21,19680703,184,10
13444,1968,205,10,19680914,257,10
13444,1968,205,12,19680914,257,10
13444,1968,205,24,19680719,200,10
13444,1968,205,5,19680509,129,10
13444,1968,206,12,19680317,76,10
13444,1968,207,10,19680419,109,10
13444,1968,208,12,19680419,109,10
13444,1968,252,12,19680502,122,10
13444,1968,310,5,19680507,127,10
13444,1968,320,5,19680505,125,10
13444,1968,330,5,19680429,119,10
13444,1968,330,7,19680429,119,10
13444,1968,331,29,19680612,163,10
13444,1968,340,5,19680419,109,10
13444,1968,340,7,19680429,119,10
13444,1968,350,29,19680719,200,10
13444,1968,350,4,19680415,105,10
13444,1971,102,5,19710402,92,10
13444,1971,103,5,19710529,149,10
13444,1971,103,62,19710811,223,10
13444,1971,104,4,19710511,131,10
13444,1971,105,61,19710419,109,10
13444,1971,107,5,19710602,153,10
13444,1971,107,8,19710427,117,10
13444,1971,108,5,19710513,133,10
13444,1971,112,31,19711017,290,10
13444,1971,112,4,19710410,100,10
13444,1971,113,5,19710315,74,10
13444,1971,114,5,19710717,198,10
13444,1971,115,5,19710903,246,10
13444,1971,116,5,19710319,78,10
13444,1971,117,5,19710601,152,10
13444,1971,117,62,19710924,267,10
13444,1971,118,5,19710531,151,10
13444,1971,118,8,19710424,114,10
13444,1971,119,5,19710401,91,10
13444,1971,120,5,19710420,110,10
13444,1971,121,4,19710511,131,10
13444,1971,121,5,19710601,152,10
13444,1971,122,31,19711009,282,10
13444,1971,122,4,19710416,106,10
13444,1971,122,5,19710515,135,10
13444,1971,122,62,19711002,275,10
13444,1971,123,31,19710927,270,10
13444,1971,123,4,19710509,129,10
13444,1971,123,62,19710927,270,10
13444,1971,124,5,19710404,94,10
13444,1971,125,5,19710422,112,10
13444,1971,127,5,19710226,57,10
13444,1971,128,4,19710407,97,10
13444,1971,128,5,19710325,84,10
13444,1971,129,5,19710601,152,10
13444,1971,129,62,19710904,247,10
13444,1971,130,4,19710502,122,10
13444,1971,130,5,19710615,166,10
13444,1971,132,31,19711017,290,10
13444,1971,132,4,19710507,127,10
13444,1971,132,5,19710524,144,10
13444,1971,132,62,19711001,274,10
13444,1971,135,6,19710606,157,10
13444,1971,136,6,19710601,152,10
13444,1971,137,4,19710516,136,10
13444,1971,137,5,19710702,183,10
13444,1971,138,5,19710515,135,10
13444,1971,201,25,19710601,152,10
13444,1971,201,27,19710813,225,10
13444,1971,202,10,19711017,290,10
13444,1971,202,12,19711106,310,10
13444,1971,202,15,19710527,147,10
13444,1971,202,18,19710604,155,10
13444,1971,202,21,19710806,218,10
13444,1971,202,24,19710814,226,10
13444,1971,203,10,19710930,273,10
13444,1971,203,12,19711014,287,10
13444,1971,203,15,19710505,125,10
13444,1971,203,18,19710525,145,10
13444,1971,203,21,19710729,210,10
13444,1971,203,24,19710807,219,10
13444,1971,203,6,19710601,152,10
13444,1971,204,10,19710915,258,10
13444,1971,204,12,19710929,272,10
13444,1971,204,15,19710515,135,10
13444,1971,204,18,19710515,135,10
13444,1971,204,21,19710711,192,10
13444,1971,204,24,19710718,199,10
13444,1971,205,10,19710822,234,10
13444,1971,205,12,19710902,245,10
13444,1971,205,24,19710707,188,10
13444,1971,205,5,19710504,124,10
13444,1971,206,10,19710227,58,10
13444,1971,206,15,19710602,153,10
13444,1971,206,18,19710606,157,10
13444,1971,206,21,19710815,227,10
13444,1971,206,24,19710820,232,10
13444,1971,207,10,19710323,82,10
13444,1971,207,12,19710406,96,10
13444,1971,207,15,19710603,154,10
13444,1971,207,18,19710609,160,10
13444,1971,207,21,19710731,212,10
13444,1971,207,24,19710805,217,10
13444,1971,208,10,19710315,74,10
13444,1971,208,12,19710410,100,10
13444,1971,208,21,19710818,230,10
13444,1971,208,24,19710828,240,10
13444,1971,208,66,19710606,157,10
13444,1971,215,10,19710504,124,10
13444,1971,215,24,19710930,273,10
13444,1971,215,6,19710808,220,10
13444,1971,215,65,19710703,184,10
13444,1971,215,67,19710629,180,10
13444,1971,243,11,19710512,132,10
13444,1971,243,24,19710727,208,10
13444,1971,243,5,19710523,143,10
13444,1971,252,10,19710407,97,10
13444,1971,252,12,19710421,111,10
13444,1971,252,24,19711008,281,10
13444,1971,253,10,19710408,98,10
13444,1971,253,24,19711027,300,10
13444,1971,310,5,19710502,122,10
13444,1971,310,6,19710509,129,10
13444,1971,310,7,19710515,135,10
13444,1971,311,29,19710725,206,10
13444,1971,313,29,19711012,285,10
13444,1971,320,5,19710423,113,10
13444,1971,320,6,19710501,121,10
13444,1971,320,7,19710509,129,10
13444,1971,321,29,19710811,223,10
13444,1971,322,29,19711012,285,10
13444,1971,330,5,19710415,105,10
13444,1971,330,6,19710420,110,10
13444,1971,330,7,19710501,121,10
13444,1971,331,29,19710704,185,10
13444,1971,340,29,19710714,195,10
13444,1971,340,5,19710423,113,10
13444,1971,340,6,19710430,120,10
13444,1971,340,7,19710510,130,10
13444,1971,350,29,19710719,200,10
13444,1971,350,4,19710403,93,10
13444,1971,350,5,19710419,109,10
13444,1971,371,29,19710816,228,10
13444,1971,372,29,19710913,256,10
13444,1972,102,5,19720403,93,10
13444,1972,103,5,19720515,135,10
13444,1972,103,62,19720805,217,10
13444,1972,104,4,19720507,127,10
13444,1972,105,5,19720423,113,10
13444,1972,105,61,19720409,99,10
13444,1972,107,5,19720610,161,10
13444,1972,107,8,19720429,119,10
13444,1972,108,5,19720515,135,10
13444,1972,112,31,19721009,282,10
13444,1972,112,4,19720414,104,10
13444,1972,113,5,19720304,63,10
13444,1972,114,5,19720811,223,10
13444,1972,115,5,19720906,249,10
13444,1972,116,5,19720313,72,10
13444,1972,117,5,19720607,158,10
13444,1972,117,62,19720913,256,10
13444,1972,118,5,19720610,161,10
13444,1972,118,8,19720429,119,10
13444,1972,119,5,19720319,78,10
13444,1972,120,5,19720409,99,10
13444,1972,121,4,19720511,131,10
13444,1972,121,5,19720617,168,10
13444,1972,122,31,19721013,286,10
13444,1972,122,4,19720422,112,10
13444,1972,122,5,19720517,137,10
13444,1972,122,62,19721006,279,10
13444,1972,123,31,19720928,271,10
13444,1972,123,4,19720418,108,10
13444,1972,123,5,19720504,124,10
13444,1972,123,62,19720916,259,10
13444,1972,124,5,19720322,81,10
13444,1972,125,5,19720417,107,10
13444,1972,127,5,19720214,45,10
13444,1972,128,4,19720415,105,10
13444,1972,128,5,19720325,84,10
13444,1972,129,5,19720531,151,10
13444,1972,129,62,19720903,246,10
13444,1972,130,4,19720421,111,10
13444,1972,130,5,19720624,175,10
13444,1972,131,5,19720508,128,10
13444,1972,132,31,19721017,290,10
13444,1972,132,4,19720506,126,10
13444,1972,132,5,19720509,129,10
13444,1972,132,62,19720924,267,10
13444,1972,134,5,19720505,125,10
13444,1972,135,6,19720613,164,10
13444,1972,136,6,19720610,161,10
13444,1972,137,4,19720502,122,10
13444,1972,137,5,19720705,186,10
13444,1972,138,5,19720518,138,10
13444,1972,201,25,19720604,155,10
13444,1972,201,27,19720721,202,10
13444,1972,202,10,19721030,303,10
13444,1972,202,12,19721122,326,10
13444,1972,202,15,19720511,131,10
13444,1972,202,18,19720531,151,10
13444,1972,202,21,19720807,219,10
13444,1972,202,24,19720819,231,10
13444,1972,203,10,19721006,279,10
13444,1972,203,12,19721017,290,10
13444,1972,203,15,19720510,130,10
13444,1972,203,18,19720519,139,10
13444,1972,203,21,19720805,217,10
13444,1972,203,24,19720817,229,10
13444,1972,203,6,19720606,157,10
13444,1972,204,10,19720918,261,10
13444,1972,204,12,19721011,284,10
13444,1972,204,15,19720515,135,10
13444,1972,204,18,19720529,149,10
13444,1972,204,21,19720725,206,10
13444,1972,204,24,19720730,211,10
13444,1972,205,10,19720829,241,10
13444,1972,205,12,19720926,269,10
13444,1972,205,24,19720723,204,10
13444,1972,205,5,19720505,125,10
13444,1972,206,10,19720215,46,10
13444,1972,206,12,19720315,74,10
13444,1972,206,15,19720520,140,10
13444,1972,206,18,19720620,171,10
13444,1972,206,21,19720819,231,10
13444,1972,206,24,19720825,237,10
13444,1972,207,10,19720221,52,10
13444,1972,207,12,19720322,81,10
13444,1972,207,15,19720522,142,10
13444,1972,207,18,19720610,161,10
13444,1972,207,21,19720809,221,10
13444,1972,207,24,19720812,224,10
13444,1972,208,10,19720219,50,10
13444,1972,208,12,19720320,79,10
13444,1972,208,15,19720524,144,10
13444,1972,208,21,19720813,225,10
13444,1972,208,24,19720827,239,10
13444,1972,208,66,19720618,169,10
13444,1972,215,10,19720427,117,10
13444,1972,215,12,19720511,131,10
13444,1972,215,24,19720903,246,10
13444,1972,215,6,19720811,223,10
13444,1972,215,65,19720806,218,10
13444,1972,215,67,19720704,185,10
13444,1972,243,11,19720514,134,10
13444,1972,243,24,19720821,233,10
13444,1972,243,5,19720614,165,10
13444,1972,252,10,19720420,110,10
13444,1972,252,12,19720504,124,10
13444,1972,252,24,19721001,274,10
13444,1972,253,10,19720420,110,10
13444,1972,253,12,19720504,124,10
13444,1972,253,24,19721109,313,10
13444,1972,310,5,19720502,122,10
13444,1972,310,6,19720506,126,10
13444,1972,310,7,19720510,130,10
13444,1972,311,29,19720807,219,10
13444,1972,313,29,19721001,274,10
13444,1972,320,5,19720426,116,10
13444,1972,320,6,19720503,123,10
13444,1972,320,7,19720509,129,10
13444,1972,321,29,19720809,221,10
13444,1972,322,29,19721009,282,10
13444,1972,330,5,19720415,105,10
13444,1972,330,6,19720430,120,10
13444,1972,330,7,19720505,125,10
13444,1972,332,29,19720708,189,10
13444,1972,340,29,19720725,206,10
13444,1972,340,5,19720422,112,10
13444,1972,340,6,19720505,125,10
13444,1972,340,7,19720508,128,10
13444,1972,350,29,19720723,204,10
13444,1972,350,4,19720331,90,10
13444,1972,350,5,19720411,101,10
13444,1972,371,29,19720827,239,10
13444,1972,372,29,19720911,254,10
13444,1973,102,5,19730325,84,10
13444,1973,103,5,19730515,135,10
13444,1973,103,62,19730809,221,10
13444,1973,104,4,19730504,124,10
13444,1973,105,5,19730503,123,10
13444,1973,105,61,19730425,115,10
13444,1973,107,5,19730501,121,10
13444,1973,107,8,19730513,133,10
13444,1973,108,5,19730520,140,10
13444,1973,112,31,19731008,281,10
13444,1973,112,4,19730429,119,10
13444,1973,113,5,19730322,81,10
13444,1973,114,5,19730811,223,10
13444,1973,115,5,19730915,258,10
13444,1973,116,5,19730313,72,10
13444,1973,117,5,19730609,160,10
13444,1973,117,62,19730921,264,10
13444,1973,118,5,19730608,159,10
13444,1973,118,8,19730515,135,10
13444,1973,119,5,19730413,103,10
13444,1973,120,5,19730429,119,10
13444,1973,121,4,19730517,137,10
13444,1973,121,5,19730612,163,10
13444,1973,122,31,19731012,285,10
13444,1973,122,4,19730503,123,10
13444,1973,122,5,19730520,140,10
13444,1973,122,62,19731006,279,10
13444,1973,123,31,19731014,287,10
13444,1973,123,4,19730428,118,10
13444,1973,123,5,19730430,120,10
13444,1973,123,62,19730922,265,10
13444,1973,124,5,19730327,86,10
13444,1973,125,5,19730501,121,10
13444,1973,127,5,19730219,50,10
13444,1973,128,4,19730507,127,10
13444,1973,128,5,19730323,82,10
13444,1973,129,5,19730613,164,10
13444,1973,129,62,19730903,246,10
13444,1973,130,4,19730430,120,10
13444,1973,130,5,19730618,169,10
13444,1973,131,5,19730427,117,10
13444,1973,132,31,19731018,291,10
13444,1973,132,4,19730510,130,10
13444,1973,132,5,19730506,126,10
13444,1973,132,62,19731007,280,10
13444,1973,134,5,19730509,129,10
13444,1973,135,6,19730605,156,10
13444,1973,136,6,19730609,160,10
13444,1973,137,4,19730502,122,10
13444,1973,137,5,19730626,177,10
13444,1973,138,5,19730520,140,10
13444,1973,201,25,19730605,156,10
13444,1973,201,27,19730814,226,10
13444,1973,202,10,19731027,300,10
13444,1973,202,12,19731111,315,10
13444,1973,202,15,19730523,143,10
13444,1973,202,18,19730611,162,10
13444,1973,202,21,19730802,214,10
13444,1973,202,24,19730806,218,10
13444,1973,203,15,19730512,132,10
13444,1973,203,18,19730520,140,10
13444,1973,203,21,19730729,210,10
13444,1973,203,24,19730814,226,10
13444,1973,203,6,19730610,161,10
13444,1973,204,10,19730924,267,10
13444,1973,204,12,19731009,282,10
13444,1973,204,15,19730514,134,10
13444,1973,204,18,19730523,143,10
13444,1973,204,21,19730713,194,10
13444,1973,204,24,19730719,200,10
13444,1973,205,10,19730814,226,10
13444,1973,205,12,19730902,245,10
13444,1973,205,24,19730730,211,10
13444,1973,205,5,19730513,133,10
13444,1973,206,10,19730226,57,10
13444,1973,206,12,19730402,92,10
13444,1973,206,15,19730527,147,10
13444,1973,206,18,19730613,164,10
13444,1973,206,21,19730726,207,10
13444,1973,206,24,19730802,214,10
13444,1973,207,10,19730314,73,10
13444,1973,207,12,19730331,90,10
13444,1973,207,15,19730525,145,10
13444,1973,207,18,19730611,162,10
13444,1973,207,21,19730726,207,10
13444,1973,207,24,19730802,214,10
13444,1973,208,10,19730315,74,10
13444,1973,208,12,19730405,95,10
13444,1973,208,21,19730805,217,10
13444,1973,208,24,19730810,222,10
13444,1973,208,66,19730625,176,10
13444,1973,215,10,19730521,141,10
13444,1973,215,24,19730912,255,10
13444,1973,215,6,19730808,220,10
13444,1973,215,65,19730720,201,10
13444,1973,215,67,19730709,190,10
13444,1973,243,11,19730523,143,10
13444,1973,243,24,19730804,216,10
13444,1973,243,5,19730601,152,10
13444,1973,252,10,19730427,117,10
13444,1973,252,12,19730510,130,10
13444,1973,252,24,19731011,284,10
13444,1973,253,10,19730427,117,10
13444,1973,253,12,19730510,130,10
13444,1973,253,24,19731026,299,10
13444,1973,310,5,19730506,126,10
13444,1973,310,6,19730514,134,10
13444,1973,310,7,19730521,141,10
13444,1973,311,29,19730719,200,10
13444,1973,313,29,19731024,297,10
13444,1973,320,5,19730504,124,10
13444,1973,320,6,19730506,126,10
13444,1973,320,7,19730518,138,10
13444,1973,321,29,19730729,210,10
13444,1973,322,29,19730921,264,10
13444,1973,330,5,19730503,123,10
13444,1973,330,6,19730505,125,10
13444,1973,330,7,19730516,136,10
13444,1973,332,29,19730706,187,10
13444,1973,340,29,19730722,203,10
13444,1973,340,5,19730506,126,10
13444,1973,340,6,19730509,129,10
13444,1973,340,7,19730517,137,10
13444,1973,350,29,19730721,202,10
13444,1973,350,4,19730408,98,10
13444,1973,350,5,19730430,120,10
13444,1973,371,29,19730828,240,10
13444,1973,372,29,19730920,263,10
13444,1974,102,5,19740328,87,10
13444,1974,103,5,19740520,140,10
13444,1974,103,62,19740817,229,10
13444,1974,104,4,19740515,135,10
13444,1974,105,5,19740403,93,10
13444,1974,105,61,19740402,92,10
13444,1974,107,5,19740601,152,10
13444,1974,107,8,19740506,126,10
13444,1974,108,5,19740516,136,10
13444,1974,112,31,19740929,272,10
13444,1974,112,4,19740331,90,10
13444,1974,113,5,19740213,44,10
13444,1974,114,5,19740810,222,10
13444,1974,115,5,19740912,255,10
13444,1974,116,5,19740303,62,10
13444,1974,117,5,19740615,166,10
13444,1974,117,62,19740920,263,10
13444,1974,118,5,19740529,149,10
13444,1974,118,8,19740512,132,10
13444,1974,119,5,19740414,104,10
13444,1974,120,5,19740402,92,10
13444,1974,121,4,19740604,155,10
13444,1974,122,31,19741001,274,10
13444,1974,122,4,19740408,98,10
13444,1974,122,5,19740520,140,10
13444,1974,122,62,19740922,265,10
13444,1974,123,31,19741012,285,10
13444,1974,123,4,19740403,93,10
13444,1974,123,5,19740507,127,10
13444,1974,123,62,19740913,256,10
13444,1974,124,5,19740314,73,10
13444,1974,125,5,19740407,97,10
13444,1974,127,5,19740201,32,10
13444,1974,128,4,19740409,99,10
13444,1974,128,5,19740321,80,10
13444,1974,129,5,19740607,158,10
13444,1974,129,62,19740910,253,10
13444,1974,130,4,19740407,97,10
13444,1974,130,5,19740712,193,10
13444,1974,131,5,19740426,116,10
13444,1974,132,31,19741025,298,10
13444,1974,132,4,19740502,122,10
13444,1974,132,5,19740508,128,10
13444,1974,132,62,19741017,290,10
13444,1974,134,5,19740404,94,10
13444,1974,135,6,19740618,169,10
13444,1974,136,6,19740614,165,10
13444,1974,137,4,19740418,108,10
13444,1974,137,5,19740717,198,10
13444,1974,138,5,19740511,131,10
13444,1974,201,25,19740604,155,10
13444,1974,201,27,19740728,209,10
13444,1974,202,10,19741115,319,10
13444,1974,202,12,19741121,325,10
13444,1974,202,15,19740420,110,10
13444,1974,202,18,19740612,163,10
13444,1974,202,21,19740818,230,10
13444,1974,202,24,19740822,234,10
13444,1974,203,15,19740409,99,10
13444,1974,203,18,19740527,147,10
13444,1974,203,21,19740816,228,10
13444,1974,203,24,19740822,234,10
13444,1974,203,6,19740609,160,10
13444,1974,204,10,19740912,255,10
13444,1974,204,12,19740926,269,10
13444,1974,204,15,19740411,101,10
13444,1974,204,18,19740513,133,10
13444,1974,204,21,19740719,200,10
13444,1974,204,24,19740719,200,10
13444,1974,205,10,19740830,242,10
13444,1974,205,12,19740908,251,10
13444,1974,205,24,19740801,213,10
13444,1974,205,5,19740426,116,10
13444,1974,206,10,19740321,80,10
13444,1974,206,12,19740406,96,10
13444,1974,206,15,19740530,150,10
13444,1974,206,18,19740621,172,10
13444,1974,206,21,19740825,237,10
13444,1974,207,10,19740219,50,10
13444,1974,207,12,19740323,82,10
13444,1974,207,15,19740524,144,10
13444,1974,207,18,19740611,162,10
13444,1974,207,21,19740820,232,10
13444,1974,207,24,19740824,236,10
13444,1974,208,10,19740215,46,10
13444,1974,208,12,19740321,80,10
13444,1974,208,15,19740527,147,10
13444,1974,208,21,19740824,236,10
13444,1974,208,24,19740831,243,10
13444,1974,208,66,19740622,173,10
13444,1974,215,10,19740513,133,10
13444,1974,215,12,19740525,145,10
13444,1974,215,24,19741020,293,10
13444,1974,215,6,19740808,220,10
13444,1974,215,65,19740729,210,10
13444,1974,215,67,19740627,178,10
13444,1974,243,11,19740513,133,10
13444,1974,243,24,19740805,217,10
13444,1974,243,5,19740603,154,10
13444,1974,252,10,19740408,98,10
13444,1974,252,12,19740426,116,10
13444,1974,252,24,19741017,290,10
13444,1974,253,10,19740419,109,10
13444,1974,253,12,19740510,130,10
13444,1974,253,24,19741021,294,10
13444,1974,310,5,19740420,110,10
13444,1974,310,6,19740430,120,10
13444,1974,310,7,19740513,133,10
13444,1974,311,29,19740726,207,10
13444,1974,313,29,19741027,300,10
13444,1974,320,5,19740410,100,10
13444,1974,320,6,19740412,102,10
13444,1974,320,7,19740420,110,10
13444,1974,321,29,19740802,214,10
13444,1974,322,29,19740922,265,10
13444,1974,330,5,19740409,99,10
13444,1974,330,6,19740413,103,10
13444,1974,330,7,19740418,108,10
13444,1974,332,29,19740709,190,10
13444,1974,340,29,19740729,210,10
13444,1974,340,5,19740414,104,10
13444,1974,340,6,19740418,108,10
13444,1974,340,7,19740426,116,10
13444,1974,350,29,19740719,200,10
13444,1974,350,4,19740324,83,10
13444,1974,350,5,19740402,92,10
13444,1974,371,29,19740819,231,10
13444,1974,372,29,19740901,244,10
13444,1975,102,5,19750408,98,10
13444,1975,103,5,19750518,138,10
13444,1975,103,62,19750908,251,10
13444,1975,104,4,19750507,127,10
13444,1975,105,61,19750420,110,10
13444,1975,107,8,19750505,125,10
13444,1975,108,5,19750513,133,10
13444,1975,112,31,19750927,270,10
13444,1975,112,4,19750423,113,10
13444,1975,113,5,19750209,40,10
13444,1975,114,5,19750803,215,10
13444,1975,115,5,19750909,252,10
13444,1975,116,5,19750228,59,10
13444,1975,117,5,19750611,162,10
13444,1975,117,62,19750922,265,10
13444,1975,118,5,19750520,140,10
13444,1975,118,8,19750510,130,10
13444,1975,119,5,19750309,68,10
13444,1975,120,5,19750418,108,10
13444,1975,121,4,19750514,134,10
13444,1975,121,5,19750616,167,10
13444,1975,122,31,19751002,275,10
13444,1975,122,4,19750427,117,10
13444,1975,122,5,19750513,133,10
13444,1975,122,62,19750926,269,10
13444,1975,123,31,19750929,272,10
13444,1975,123,4,19750424,114,10
13444,1975,124,5,19750302,61,10
13444,1975,125,5,19750426,116,10
13444,1975,127,5,19750201,32,10
13444,1975,128,4,19750410,100,10
13444,1975,128,5,19750316,75,10
13444,1975,129,5,19750607,158,10
13444,1975,129,62,19750905,248,10
13444,1975,130,4,19750422,112,10
13444,1975,130,5,19750624,175,10
13444,1975,131,5,19750512,132,10
13444,1975,132,31,19751027,300,10
13444,1975,132,4,19750508,128,10
13444,1975,132,5,19750511,131,10
13444,1975,132,62,19751007,280,10
13444,1975,134,5,19750420,110,10
13444,1975,135,6,19750616,167,10
13444,1975,136,6,19750609,160,10
13444,1975,137,4,19750430,120,10
13444,1975,137,5,19750707,188,10
13444,1975,138,5,19750514,134,10
13444,1975,201,25,19750529,149,10
13444,1975,201,27,19750723,204,10
13444,1975,202,10,19751006,279,10
13444,1975,202,12,19751027,300,10
13444,1975,202,15,19750520,140,10
13444,1975,202,18,19750613,164,10
13444,1975,202,21,19750802,214,10
13444,1975,202,24,19750806,218,10
13444,1975,204,10,19750917,260,10
13444,1975,204,12,19751003,276,10
13444,1975,204,15,19750419,109,10
13444,1975,204,18,19750526,146,10
13444,1975,204,21,19750717,198,10
13444,1975,204,24,19750723,204,10
13444,1975,205,24,19750729,210,10
13444,1975,205,5,19750430,120,10
13444,1975,206,10,19750315,74,10
13444,1975,206,12,19750401,91,10
13444,1975,206,15,19750527,147,10
13444,1975,206,18,19750618,169,10
13444,1975,206,21,19750813,225,10
13444,1975,206,24,19750821,233,10
13444,1975,207,10,19750310,69,10
13444,1975,207,12,19750416,106,10
13444,1975,207,15,19750523,143,10
13444,1975,207,18,19750617,168,10
13444,1975,207,21,19750729,210,10
13444,1975,207,24,19750809,221,10
13444,1975,208,10,19750305,64,10
13444,1975,208,12,19750410,100,10
13444,1975,208,15,19750518,138,10
13444,1975,208,21,19750804,216,10
13444,1975,208,24,19750812,224,10
13444,1975,208,66,19750620,171,10
13444,1975,215,10,19750506,126,10
13444,1975,215,12,19750525,145,10
13444,1975,215,24,19751002,275,10
13444,1975,215,6,19750806,218,10
13444,1975,215,65,19750726,207,10
13444,1975,215,67,19750619,170,10
13444,1975,243,11,19750510,130,10
13444,1975,243,24,19750725,206,10
13444,1975,243,5,19750608,159,10
13444,1975,252,10,19750427,117,10
13444,1975,252,12,19750506,126,10
13444,1975,252,24,19751012,285,10
13444,1975,253,10,19750427,117,10
13444,1975,253,12,19750506,126,10
13444,1975,253,24,19751009,282,10
13444,1975,310,5,19750508,128,10
13444,1975,310,6,19750505,125,10
13444,1975,310,7,19750513,133,10
13444,1975,311,29,19750803,215,10
13444,1975,313,29,19751020,293,10
13444,1975,320,5,19750423,113,10
13444,1975,320,6,19750428,118,10
13444,1975,320,7,19750506,126,10
13444,1975,321,29,19750822,234,10
13444,1975,322,29,19751021,294,10
13444,1975,330,5,19750429,119,10
13444,1975,330,6,19750501,121,10
13444,1975,330,7,19750509,129,10
13444,1975,332,29,19750717,198,10
13444,1975,340,29,19750715,196,10
13444,1975,340,5,19750430,120,10
13444,1975,340,6,19750429,119,10
13444,1975,340,7,19750508,128,10
13444,1975,350,29,19750729,210,10
13444,1975,350,4,19750408,98,10
13444,1975,350,5,19750428,118,10
13444,1975,371,29,19750824,236,10
13444,1975,372,29,19750918,261,10
13444,1976,102,5,19760405,95,10
13444,1976,103,5,19760524,144,10
13444,1976,103,62,19760807,219,10
13444,1976,104,4,19760514,134,10
13444,1976,105,5,19760505,125,10
13444,1976,105,61,19760428,118,10
13444,1976,107,5,19760602,153,10
13444,1976,107,8,19760504,124,10
13444,1976,108,5,19760518,138,10
13444,1976,112,31,19760928,271,10
13444,1976,112,4,19760425,115,10
13444,1976,113,5,19760228,59,10
13444,1976,114,5,19760730,211,10
13444,1976,115,5,19760907,250,10
13444,1976,116,5,19760313,72,10
13444,1976,117,5,19760609,160,10
13444,1976,117,62,19760909,252,10
13444,1976,118,5,19760529,149,10
13444,1976,118,8,19760508,128,10
13444,1976,119,5,19760414,104,10
13444,1976,120,5,19760424,114,10
13444,1976,121,4,19760513,133,10
13444,1976,121,5,19760613,164,10
13444,1976,122,31,19761002,275,10
13444,1976,122,4,19760427,117,10
13444,1976,122,5,19760516,136,10
13444,1976,122,62,19760913,256,10
13444,1976,123,31,19760916,259,10
13444,1976,123,4,19760425,115,10
13444,1976,123,5,19760508,128,10
13444,1976,123,62,19760916,259,10
13444,1976,124,5,19760409,99,10
13444,1976,125,5,19760425,115,10
13444,1976,127,5,19760222,53,10
13444,1976,128,4,19760414,104,10
13444,1976,128,5,19760320,79,10
13444,1976,129,5,19760606,157,10
13444,1976,129,62,19760903,246,10
13444,1976,130,4,19760423,113,10
13444,1976,130,5,19760625,176,10
13444,1976,131,5,19760428,118,10
13444,1976,132,31,19761028,301,10
13444,1976,132,4,19760509,129,10
13444,1976,132,5,19760511,131,10
13444,1976,132,62,19760919,262,10
13444,1976,134,5,19760502,122,10
13444,1976,135,6,19760617,168,10
13444,1976,136,6,19760610,161,10
13444,1976,137,4,19760508,128,10
13444,1976,137,5,19760702,183,10
13444,1976,138,5,19760515,135,10
13444,1976,201,25,19760605,156,10
13444,1976,202,10,19760915,258,10
13444,1976,202,12,19760930,273,10
13444,1976,202,15,19760504,124,10
13444,1976,202,18,19760616,167,10
13444,1976,202,21,19760730,211,10
13444,1976,202,24,19760813,225,10
13444,1976,204,10,19760905,248,10
13444,1976,204,12,19760930,273,10
13444,1976,204,15,19760426,116,10
13444,1976,204,18,19760513,133,10
13444,1976,204,21,19760705,186,10
13444,1976,204,24,19760708,189,10
13444,1976,206,10,19760304,63,10
13444,1976,206,12,19760408,98,10
13444,1976,206,15,19760520,140,10
13444,1976,206,18,19760607,158,10
13444,1976,206,21,19760807,219,10
13444,1976,206,24,19760813,225,10
13444,1976,207,10,19760324,83,10
13444,1976,207,12,19760410,100,10
13444,1976,207,15,19760519,139,10
13444,1976,207,18,19760614,165,10
13444,1976,207,21,19760730,211,10
13444,1976,207,24,19760803,215,10
13444,1976,215,10,19760427,117,10
13444,1976,215,12,19760508,128,10
13444,1976,215,24,19760906,249,10
13444,1976,215,6,19760806,218,10
13444,1976,215,65,19760728,209,10
13444,1976,215,67,19760608,159,10
13444,1976,243,11,19760510,130,10
13444,1976,243,24,19760723,204,10
13444,1976,243,5,19760531,151,10
13444,1976,252,10,19760414,104,10
13444,1976,252,12,19760509,129,10
13444,1976,252,24,19761006,279,10
13444,1976,253,10,19760414,104,10
13444,1976,253,12,19760508,128,10
13444,1976,253,24,19761020,293,10
13444,1976,310,5,19760505,125,10
13444,1976,310,6,19760508,128,10
13444,1976,310,7,19760515,135,10
13444,1976,311,29,19760805,217,10
13444,1976,313,29,19761011,284,10
13444,1976,320,5,19760503,123,10
13444,1976,320,6,19760506,126,10
13444,1976,320,7,19760508,128,10
13444,1976,321,29,19760814,226,10
13444,1976,322,29,19761026,299,10
13444,1976,330,5,19760502,122,10
13444,1976,330,6,19760505,125,10
13444,1976,330,7,19760508,128,10
13444,1976,332,29,19760702,183,10
13444,1976,340,29,19760718,199,10
13444,1976,340,5,19760504,124,10
13444,1976,340,6,19760506,126,10
13444,1976,340,7,19760514,134,10
13444,1976,350,29,19760706,187,10
13444,1976,350,4,19760330,89,10
13444,1976,350,5,19760424,114,10
13444,1976,371,29,19760817,229,10
13444,1977,102,5,19770324,83,10
13444,1977,103,5,19770522,142,10
13444,1977,103,62,19770819,231,10
13444,1977,104,4,19770504,124,10
13444,1977,105,5,19770420,110,10
13444,1977,105,61,19770417,107,10
13444,1977,107,5,19770611,162,10
13444,1977,107,8,19770505,125,10
13444,1977,108,5,19770515,135,10
13444,1977,112,31,19771011,284,10
13444,1977,112,4,19770425,115,10
13444,1977,113,5,19770214,45,10
13444,1977,114,5,19770802,214,10
13444,1977,115,5,19770913,256,10
13444,1977,116,5,19770305,64,10
13444,1977,117,5,19770612,163,10
13444,1977,117,62,19770918,261,10
13444,1977,118,5,19770607,158,10
13444,1977,118,8,19770514,134,10
13444,1977,119,5,19770412,102,10
13444,1977,120,5,19770409,99,10
13444,1977,121,4,19770520,140,10
13444,1977,121,5,19770612,163,10
13444,1977,122,31,19771007,280,10
13444,1977,122,4,19770501,121,10
13444,1977,122,5,19770515,135,10
13444,1977,122,62,19771002,275,10
13444,1977,123,31,19770929,272,10
13444,1977,123,4,19770429,119,10
13444,1977,123,5,19770508,128,10
13444,1977,123,62,19770929,272,10
13444,1977,124,5,19770312,71,10
13444,1977,125,5,19770418,108,10
13444,1977,127,5,19770209,40,10
13444,1977,128,5,19770223,54,10
13444,1977,129,5,19770609,160,10
13444,1977,129,62,19770912,255,10
13444,1977,130,4,19770507,127,10
13444,1977,130,5,19770622,173,10
13444,1977,131,5,19770503,123,10
13444,1977,132,31,19771012,285,10
13444,1977,132,4,19770515,135,10
13444,1977,132,5,19770518,138,10
13444,1977,134,5,19770427,117,10
13444,1977,135,6,19770615,166,10
13444,1977,136,6,19770609,160,10
13444,1977,137,4,19770426,116,10
13444,1977,137,5,19770706,187,10
13444,1977,138,5,19770515,135,10
13444,1977,201,25,19770530,150,10
13444,1977,201,27,19770720,201,10
13444,1977,202,10,19771022,295,10
13444,1977,202,12,19771111,315,10
13444,1977,202,15,19770519,139,10
13444,1977,202,18,19770604,155,10
13444,1977,202,21,19770809,221,10
13444,1977,202,24,19770823,235,10
13444,1977,204,10,19771001,274,10
13444,1977,204,12,19771016,289,10
13444,1977,204,15,19770510,130,10
13444,1977,204,18,19770604,155,10
13444,1977,204,21,19770713,194,10
13444,1977,204,24,19770721,202,10
13444,1977,207,10,19770314,73,10
13444,1977,207,12,19770325,84,10
13444,1977,207,15,19770523,143,10
13444,1977,207,18,19770619,170,10
13444,1977,207,21,19770807,219,10
13444,1977,208,10,19770304,63,10
13444,1977,208,12,19770319,78,10
13444,1977,208,15,19770523,143,10
13444,1977,208,21,19770828,240,10
13444,1977,208,24,19770907,250,10
13444,1977,215,10,19770502,122,10
13444,1977,215,12,19770513,133,10
13444,1977,215,24,19770912,255,10
13444,1977,215,6,19770806,218,10
13444,1977,215,65,19770630,181,10
13444,1977,215,67,19770617,168,10
13444,1977,243,11,19770517,137,10
13444,1977,243,24,19770728,209,10
13444,1977,243,5,19770607,158,10
13444,1977,252,10,19770503,123,10
13444,1977,252,12,19770515,135,10
13444,1977,252,24,19771015,288,10
13444,1977,253,10,19770503,123,10
13444,1977,253,12,19770515,135,10
13444,1977,253,24,19771012,285,10
13444,1977,310,5,19770506,126,10
13444,1977,310,6,19770509,129,10
13444,1977,310,7,19770512,132,10
13444,1977,311,29,19770804,216,10
13444,1977,313,29,19771018,291,10
13444,1977,320,5,19770429,119,10
13444,1977,320,6,19770503,123,10
13444,1977,320,7,19770503,123,10
13444,1977,321,29,19770826,238,10
13444,1977,322,29,19771017,290,10
13444,1977,330,5,19770421,111,10
13444,1977,330,6,19770427,117,10
13444,1977,330,7,19770510,130,10
13444,1977,332,29,19770704,185,10
13444,1977,340,29,19770719,200,10
13444,1977,340,5,19770502,122,10
13444,1977,340,6,19770505,125,10
13444,1977,340,7,19770509,129,10
13444,1977,350,29,19770709,190,10
13444,1977,350,4,19770315,74,10
13444,1977,350,5,19770418,108,10
13444,1977,371,29,19770902,245,10
13444,1977,372,29,19770913,256,10
13444,1978,102,5,19780417,107,10
13444,1978,103,5,19780525,145,10
13444,1978,103,62,19780813,225,10
13444,1978,104,4,19780512,132,10
13444,1978,105,5,19780425,115,10
13444,1978,105,61,19780422,112,10
13444,1978,107,5,19780614,165,10
13444,1978,107,8,19780512,132,10
13444,1978,108,5,19780522,142,10
13444,1978,112,31,19781008,281,10
13444,1978,112,4,19780426,116,10
13444,1978,113,5,19780305,64,10
13444,1978,114,5,19780808,220,10
13444,1978,115,5,19780910,253,10
13444,1978,116,5,19780310,69,10
13444,1978,117,5,19780608,159,10
13444,1978,117,62,19780920,263,10
13444,1978,118,5,19780608,159,10
13444,1978,118,8,19780518,138,10
13444,1978,119,5,19780314,73,10
13444,1978,120,5,19780412,102,10
13444,1978,121,4,19780523,143,10
13444,1978,121,5,19780610,161,10
13444,1978,122,31,19781009,282,10
13444,1978,122,4,19780426,116,10
13444,1978,122,5,19780519,139,10
13444,1978,122,62,19781005,278,10
13444,1978,123,31,19780920,263,10
13444,1978,123,4,19780501,121,10
13444,1978,123,5,19780510,130,10
13444,1978,123,62,19780926,269,10
13444,1978,124,5,19780327,86,10
13444,1978,125,5,19780423,113,10
13444,1978,127,5,19780223,54,10
13444,1978,128,4,19780411,101,10
13444,1978,128,5,19780313,72,10
13444,1978,129,5,19780608,159,10
13444,1978,129,62,19780916,259,10
13444,1978,130,4,19780503,123,10
13444,1978,130,5,19780628,179,10
13444,1978,132,31,19781016,289,10
13444,1978,132,4,19780508,128,10
13444,1978,132,5,19780503,123,10
13444,1978,132,62,19780926,269,10
13444,1978,134,5,19780429,119,10
13444,1978,135,6,19780618,169,10
13444,1978,136,6,19780612,163,10
13444,1978,137,4,19780504,124,10
13444,1978,137,5,19780713,194,10
13444,1978,138,5,19780520,140,10
13444,1978,201,25,19780530,150,10
13444,1978,201,27,19780813,225,10
13444,1978,202,10,19780928,271,10
13444,1978,202,12,19781022,295,10
13444,1978,202,18,19780607,158,10
13444,1978,202,21,19780818,230,10
13444,1978,203,21,19780722,203,10
13444,1978,203,24,19780804,216,10
13444,1978,204,10,19780905,248,10
13444,1978,204,12,19780930,273,10
13444,1978,204,15,19780509,129,10
13444,1978,204,18,19780602,153,10
13444,1978,204,21,19780721,202,10
13444,1978,204,24,19780731,212,10
13444,1978,206,10,19780310,69,10
13444,1978,206,12,19780331,90,10
13444,1978,206,18,19780608,159,10
13444,1978,206,21,19780827,239,10
13444,1978,207,10,19780308,67,10
13444,1978,207,12,19780324,83,10
13444,1978,207,18,19780617,168,10
13444,1978,207,21,19780806,218,10
13444,1978,207,24,19780823,235,10
13444,1978,208,10,19780315,74,10
13444,1978,208,12,19780403,93,10
13444,1978,208,21,19780902,245,10
13444,1978,208,24,19780911,254,10
13444,1978,208,66,19780621,172,10
13444,1978,215,10,19780427,117,10
13444,1978,215,12,19780509,129,10
13444,1978,215,24,19780926,269,10
13444,1978,215,6,19780831,243,10
13444,1978,215,65,19780729,210,10
13444,1978,215,67,19780611,162,10
13444,1978,252,10,19780420,110,10
13444,1978,252,12,19780510,130,10
13444,1978,252,24,19781004,277,10
13444,1978,253,10,19780412,102,10
13444,1978,253,12,19780508,128,10
13444,1978,253,24,19781007,280,10
13444,1978,310,5,19780508,128,10
13444,1978,310,6,19780512,132,10
13444,1978,310,7,19780518,138,10
13444,1978,311,29,19780818,230,10
13444,1978,313,29,19781020,293,10
13444,1978,320,5,19780430,120,10
13444,1978,320,6,19780510,130,10
13444,1978,320,7,19780517,137,10
13444,1978,321,29,19780826,238,10
13444,1978,322,29,19781030,303,10
13444,1978,330,5,19780503,123,10
13444,1978,330,6,19780510,130,10
13444,1978,330,7,19780517,137,10
13444,1978,332,29,19780720,201,10
13444,1978,340,29,19780729,210,10
13444,1978,340,5,19780508,128,10
13444,1978,340,6,19780514,134,10
13444,1978,340,7,19780519,139,10
13444,1978,350,29,19780719,200,10
13444,1978,350,4,19780402,92,10
13444,1978,350,5,19780428,118,10
13444,1978,371,29,19780822,234,10
13444,1978,372,29,19780911,254,10
13444,1979,102,5,19790410,100,10
13444,1979,103,5,19790525,145,10
13444,1979,103,62,19790906,249,10
13444,1979,104,4,19790520,140,10
13444,1979,105,5,19790421,111,10
13444,1979,105,61,19790418,108,10
13444,1979,107,8,19790517,137,10
13444,1979,108,5,19790521,141,10
13444,1979,112,4,19790423,113,10
13444,1979,114,5,19790820,232,10
13444,1979,116,5,19790329,88,10
13444,1979,117,5,19790607,158,10
13444,1979,117,62,19790919,262,10
13444,1979,118,8,19790525,145,10
13444,1979,120,5,19790501,121,10
13444,1979,121,5,19790611,162,10
13444,1979,122,4,19790424,114,10
13444,1979,122,5,19790522,142,10
13444,1979,122,62,19790917,260,10
13444,1979,123,4,19790428,118,10
13444,1979,123,5,19790506,126,10
13444,1979,124,5,19790411,101,10
13444,1979,125,5,19790509,129,10
13444,1979,127,5,19790304,63,10
13444,1979,128,4,19790418,108,10
13444,1979,128,5,19790409,99,10
13444,1979,129,5,19790607,158,10
13444,1979,129,62,19790907,250,10
13444,1979,130,4,19790504,124,10
13444,1979,130,5,19790616,167,10
13444,1979,132,4,19790515,135,10
13444,1979,132,5,19790519,139,10
13444,1979,136,6,19790606,157,10
13444,1979,137,4,19790510,130,10
13444,1979,137,5,19790621,172,10
13444,1979,138,5,19790527,147,10
13444,1979,201,25,19790526,146,10
13444,1979,202,10,19791008,281,10
13444,1979,202,12,19791105,309,10
13444,1979,202,15,19790523,143,10
13444,1979,202,18,19790621,172,10
13444,1979,202,21,19790818,230,10
13444,1979,202,24,19790818,230,10
13444,1979,204,10,19790912,255,10
13444,1979,204,12,19790925,268,10
13444,1979,204,15,19790522,142,10
13444,1979,204,18,19790618,169,10
13444,1979,204,21,19790726,207,10
13444,1979,204,24,19790727,208,10
13444,1979,206,10,19790404,94,10
13444,1979,206,12,19790520,140,10
13444,1979,206,15,19790630,181,10
13444,1979,206,18,19790630,181,10
13444,1979,207,10,19790412,102,10
13444,1979,207,12,19790429,119,10
13444,1979,207,15,19790625,176,10
13444,1979,207,18,19790625,176,10
13444,1979,207,21,19790829,241,10
13444,1979,207,24,19790829,241,10
13444,1979,208,10,19790411,101,10
13444,1979,208,12,19790504,124,10
13444,1979,208,21,19790914,257,10
13444,1979,208,24,19790914,257,10
13444,1979,208,66,19790629,180,10
13444,1979,215,10,19790518,138,10
13444,1979,215,24,19790920,263,10
13444,1979,215,6,19790820,232,10
13444,1979,243,11,19790514,134,10
13444,1979,243,24,19790815,227,10
13444,1979,243,5,19790530,150,10
13444,1979,252,10,19790502,122,10
13444,1979,252,12,19790520,140,10
13444,1979,252,24,19791006,279,10
13444,1979,253,10,19790502,122,10
13444,1979,253,12,19790520,140,10
13444,1979,253,24,19791002,275,10
13444,1979,310,5,19790515,135,10
13444,1979,310,6,19790518,138,10
13444,1979,310,7,19790522,142,10
13444,1979,311,29,19790728,209,10
13444,1979,313,29,19791005,278,10
13444,1979,320,5,19790514,134,10
13444,1979,320,6,19790520,140,10
13444,1979,320,7,19790524,144,10
13444,1979,322,29,19791007,280,10
13444,1979,330,5,19790508,128,10
13444,1979,330,6,19790513,133,10
13444,1979,330,7,19790518,138,10
13444,1979,331,29,19790622,173,10
13444,1979,332,29,19790724,205,10
13444,1979,340,29,19790727,208,10
13444,1979,340,5,19790512,132,10
13444,1979,340,6,19790515,135,10
13444,1979,340,7,19790520,140,10
13444,1979,350,29,19790719,200,10
13444,1979,350,4,19790406,96,10
13444,1979,350,5,19790501,121,10
13444,1979,371,29,19790816,228,10
13444,1979,372,29,19790915,258,10
13444,1980,102,5,19800403,93,10
13444,1980,103,5,19800524,144,10
13444,1980,103,62,19800813,225,10
13444,1980,104,4,19800526,146,10
13444,1980,105,61,19800512,132,10
13444,1980,107,8,19800514,134,10
13444,1980,108,5,19800521,141,10
13444,1980,112,31,19801001,274,10
13444,1980,112,4,19800426,116,10
13444,1980,113,5,19800228,59,10
13444,1980,114,5,19800820,232,10
13444,1980,116,5,19800315,74,10
13444,1980,117,5,19800621,172,10
13444,1980,117,62,19800915,258,10
13444,1980,120,5,19800420,110,10
13444,1980,121,5,19800610,161,10
13444,1980,122,4,19800424,114,10
13444,1980,122,5,19800522,142,10
13444,1980,123,4,19800423,113,10
13444,1980,124,5,19800320,79,10
13444,1980,125,5,19800426,116,10
13444,1980,127,5,19800220,51,10
13444,1980,128,4,19800510,130,10
13444,1980,128,5,19800403,93,10
13444,1980,129,5,19800615,166,10
13444,1980,129,62,19800915,258,10
13444,1980,130,4,19800508,128,10
13444,1980,130,5,19800703,184,10
13444,1980,132,4,19800513,133,10
13444,1980,132,62,19801025,298,10
13444,1980,136,6,19800619,170,10
13444,1980,137,4,19800511,131,10
13444,1980,137,5,19800722,203,10
13444,1980,138,5,19800525,145,10
13444,1980,201,25,19800608,159,10
13444,1980,201,27,19800723,204,10
13444,1980,202,10,19801014,287,10
13444,1980,202,12,19801024,297,10
13444,1980,202,15,19800612,163,10
13444,1980,202,18,19800612,163,10
13444,1980,202,21,19800822,234,10
13444,1980,202,24,19800826,238,10
13444,1980,204,10,19800927,270,10
13444,1980,204,12,19801007,280,10
13444,1980,204,15,19800526,146,10
13444,1980,204,18,19800526,146,10
13444,1980,204,21,19800725,206,10
13444,1980,204,24,19800727,208,10
13444,1980,206,10,19800406,96,10
13444,1980,206,12,19800418,108,10
13444,1980,206,15,19800620,171,10
13444,1980,206,18,19800620,171,10
13444,1980,206,21,19800829,241,10
13444,1980,206,24,19800905,248,10
13444,1980,207,10,19800322,81,10
13444,1980,207,12,19800414,104,10
13444,1980,207,15,19800608,159,10
13444,1980,207,18,19800608,159,10
13444,1980,207,21,19800815,227,10
13444,1980,207,24,19800817,229,10
13444,1980,208,10,19800318,77,10
13444,1980,208,12,19800331,90,10
13444,1980,208,21,19800914,257,10
13444,1980,208,24,19800920,263,10
13444,1980,208,66,19800617,168,10
13444,1980,215,10,19800505,125,10
13444,1980,215,12,19800525,145,10
13444,1980,215,24,19800929,272,10
13444,1980,215,6,19800828,240,10
13444,1980,215,67,19800615,166,10
13444,1980,243,11,19800527,147,10
13444,1980,243,24,19800820,232,10
13444,1980,243,5,19800616,167,10
13444,1980,252,10,19800506,126,10
13444,1980,252,12,19800523,143,10
13444,1980,252,24,19801010,283,10
13444,1980,253,10,19800418,108,10
13444,1980,253,12,19800525,145,10
13444,1980,253,24,19801016,289,10
13444,1980,310,5,19800516,136,10
13444,1980,310,6,19800512,132,10
13444,1980,310,7,19800523,143,10
13444,1980,311,29,19800811,223,10
13444,1980,320,5,19800507,127,10
13444,1980,320,6,19800513,133,10
13444,1980,320,7,19800522,142,10
13444,1980,321,29,19800817,229,10
13444,1980,322,29,19800912,255,10
13444,1980,330,5,19800425,115,10
13444,1980,330,6,19800501,121,10
13444,1980,330,7,19800508,128,10
13444,1980,331,29,19800709,190,10
13444,1980,340,29,19800725,206,10
13444,1980,340,5,19800502,122,10
13444,1980,340,6,19800510,130,10
13444,1980,340,7,19800519,139,10
13444,1980,350,29,19800726,207,10
13444,1980,350,4,19800413,103,10
13444,1980,350,5,19800424,114,10
13444,1980,371,29,19800914,257,10
13444,1980,372,29,19800927,270,10
13444,1981,102,5,19810329,88,10
13444,1981,103,5,19810519,139,10
13444,1981,103,62,19810804,216,10
13444,1981,104,4,19810515,135,10
13444,1981,105,61,19810405,95,10
13444,1981,107,8,19810514,134,10
13444,1981,108,5,19810514,134,10
13444,1981,112,31,19810915,258,10
13444,1981,112,4,19810407,97,10
13444,1981,113,5,19810318,77,10
13444,1981,116,5,19810314,73,10
13444,1981,117,5,19810610,161,10
13444,1981,118,8,19810512,132,10
13444,1981,120,5,19810407,97,10
13444,1981,122,31,19811002,275,10
13444,1981,122,4,19810408,98,10
13444,1981,122,5,19810515,135,10
13444,1981,123,31,19810916,259,10
13444,1981,123,4,19810414,104,10
13444,1981,124,5,19810313,72,10
13444,1981,125,5,19810406,96,10
13444,1981,127,5,19810304,63,10
13444,1981,128,4,19810408,98,10
13444,1981,128,5,19810319,78,10
13444,1981,129,5,19810601,152,10
13444,1981,129,62,19810829,241,10
13444,1981,130,4,19810404,94,10
13444,1981,132,31,19810923,266,10
13444,1981,132,4,19810514,134,10
13444,1981,136,6,19810605,156,10
13444,1981,137,4,19810420,110,10
13444,1981,138,5,19810526,146,10
13444,1981,201,25,19810525,145,10
13444,1981,201,27,19810723,204,10
13444,1981,202,10,19811010,283,10
13444,1981,202,12,19811110,314,10
13444,1981,202,21,19810822,234,10
13444,1981,202,24,19810814,226,10
13444,1981,203,10,19811005,278,10
13444,1981,203,12,19811014,287,10
13444,1981,204,10,19811012,285,10
13444,1981,204,12,19811024,297,10
13444,1981,204,15,19810506,126,10
13444,1981,204,18,19810519,139,10
13444,1981,204,21,19810726,207,10
13444,1981,204,24,19810722,203,10
13444,1981,207,10,19810330,89,10
13444,1981,207,12,19810410,100,10
13444,1981,207,21,19810812,224,10
13444,1981,207,24,19810817,229,10
13444,1981,208,10,19810323,82,10
13444,1981,208,12,19810404,94,10
13444,1981,208,21,19810827,239,10
13444,1981,208,24,19810901,244,10
13444,1981,215,10,19810504,124,10
13444,1981,215,12,19810516,136,10
13444,1981,215,24,19810926,269,10
13444,1981,215,6,19810809,221,10
13444,1981,215,67,19810614,165,10
13444,1981,243,11,19810518,138,10
13444,1981,243,24,19810811,223,10
13444,1981,243,5,19810612,163,10
13444,1981,252,10,19810430,120,10
13444,1981,252,12,19810513,133,10
13444,1981,252,24,19811007,280,10
13444,1981,253,10,19810420,110,10
13444,1981,253,12,19810511,131,10
13444,1981,253,24,19811006,279,10
13444,1981,310,5,19810503,123,10
13444,1981,310,6,19810506,126,10
13444,1981,310,7,19810512,132,10
13444,1981,311,29,19810728,209,10
13444,1981,313,29,19810929,272,10
13444,1981,320,5,19810503,123,10
13444,1981,320,6,19810508,128,10
13444,1981,320,7,19810511,131,10
13444,1981,321,29,19810917,260,10
13444,1981,330,5,19810406,96,10
13444,1981,330,6,19810412,102,10
13444,1981,330,7,19810419,109,10
13444,1981,331,29,19810625,176,10
13444,1981,332,29,19810704,185,10
13444,1981,340,29,19810713,194,10
13444,1981,340,5,19810427,117,10
13444,1981,340,6,19810430,120,10
13444,1981,340,7,19810502,122,10
13444,1981,350,29,19810715,196,10
13444,1981,350,4,19810320,79,10
13444,1981,350,5,19810411,101,10
13444,1981,372,29,19810909,252,10
13444,1982,102,5,19820328,87,10
13444,1982,103,62,19820827,239,10
13444,1982,107,8,19820515,135,10
13444,1982,108,5,19820518,138,10
13444,1982,112,31,19820922,265,10
13444,1982,112,4,19820425,115,10
13444,1982,114,5,19820811,223,10
13444,1982,116,5,19820318,77,10
13444,1982,117,5,19820616,167,10
13444,1982,118,8,19820515,135,10
13444,1982,120,5,19820422,112,10
13444,1982,122,31,19820928,271,10
13444,1982,122,4,19820428,118,10
13444,1982,122,62,19820921,264,10
13444,1982,124,5,19820327,86,10
13444,1982,127,5,19820212,43,10
13444,1982,129,5,19820617,168,10
13444,1982,129,62,19820901,244,10
13444,1982,130,5,19820623,174,10
13444,1982,132,31,19820928,271,10
13444,1982,132,4,19820514,134,10
13444,1982,132,62,19820923,266,10
13444,1982,202,18,19820601,152,10
13444,1982,203,10,19820920,263,10
13444,1982,203,12,19821002,275,10
13444,1982,204,24,19820709,190,10
13444,1982,207,10,19820315,74,10
13444,1982,207,12,19820401,91,10
13444,1982,207,18,19820610,161,10
13444,1982,207,24,19820802,214,10
13444,1982,215,65,19820722,203,10
13444,1982,253,13,19820616,167,10
13444,1982,310,5,19820512,132,10
13444,1982,311,29,19820804,216,10
13444,1982,320,5,19820513,133,10
13444,1982,330,5,19820426,116,10
13444,1982,331,29,19820619,170,10
13444,1982,340,29,19820719,200,10
13444,1982,340,5,19820509,129,10
13444,1982,350,29,19820628,179,10
13444,1982,350,4,19820331,90,10
13444,1982,350,5,19820412,102,10
13444,1982,372,29,19820913,256,10
13444,1983,102,5,19830414,104,10
13444,1983,103,62,19830830,242,10
13444,1983,107,8,19830511,131,10
13444,1983,108,5,19830520,140,10
13444,1983,112,31,19830913,256,10
13444,1983,112,4,19830420,110,10
13444,1983,113,5,19830201,32,10
13444,1983,114,5,19830808,220,10
13444,1983,116,5,19830304,63,10
13444,1983,117,5,19830613,164,10
13444,1983,118,8,19830513,133,10
13444,1983,120,5,19830418,108,10
13444,1983,121,5,19830612,163,10
13444,1983,122,31,19830925,268,10
13444,1983,122,4,19830422,112,10
13444,1983,122,5,19830509,129,10
13444,1983,122,62,19830912,255,10
13444,1983,124,5,19830410,100,10
13444,1983,129,5,19830608,159,10
13444,1983,129,62,19830901,244,10
13444,1983,130,5,19830622,173,10
13444,1983,132,4,19830504,124,10
13444,1983,132,62,19830923,266,10
13444,1983,136,6,19830610,161,10
13444,1983,202,18,19830609,160,10
13444,1983,203,10,19830920,263,10
13444,1983,203,12,19831002,275,10
13444,1983,204,24,19830715,196,10
13444,1983,207,10,19830310,69,10
13444,1983,207,12,19830406,96,10
13444,1983,207,18,19830612,163,10
13444,1983,207,24,19830802,214,10
13444,1983,208,66,19830611,162,10
13444,1983,215,65,19830726,207,10
13444,1983,253,13,19830705,186,10
13444,1983,310,5,19830508,128,10
13444,1983,311,29,19830728,209,10
13444,1983,313,29,19831001,274,10
13444,1983,320,5,19830427,117,10
13444,1983,322,29,19831007,280,10
13444,1983,330,5,19830427,117,10
13444,1983,331,29,19830624,175,10
13444,1983,340,29,19830719,200,10
13444,1983,340,5,19830505,125,10
13444,1983,350,29,19830710,191,10
13444,1983,350,4,19830329,88,10
13444,1983,350,5,19830412,102,10
13444,1983,372,29,19830911,254,10
13444,1984,102,5,19840420,110,10
13444,1984,103,62,19840818,230,10
13444,1984,107,8,19840518,138,10
13444,1984,108,5,19840521,141,10
13444,1984,112,31,19840930,273,10
13444,1984,112,4,19840503,123,10
13444,1984,113,5,19840406,96,10
13444,1984,114,5,19840822,234,10
13444,1984,116,5,19840405,95,10
13444,1984,117,5,19840622,173,10
13444,1984,118,8,19840520,140,10
13444,1984,120,5,19840421,111,10
13444,1984,122,31,19840921,264,10
13444,1984,122,4,19840510,130,10
13444,1984,122,5,19840520,140,10
13444,1984,127,5,19840302,61,10
13444,1984,129,5,19840623,174,10
13444,1984,129,62,19840915,258,10
13444,1984,130,5,19840719,200,10
13444,1984,132,4,19840507,127,10
13444,1984,132,62,19841003,276,10
13444,1984,136,6,19840610,161,10
13444,1984,202,18,19840613,164,10
13444,1984,203,10,19840921,264,10
13444,1984,203,12,19841001,274,10
13444,1984,203,18,19840515,135,10
13444,1984,203,24,19840826,238,10
13444,1984,203,6,19840606,157,10
13444,1984,204,24,19840730,211,10
13444,1984,207,10,19840317,76,10
13444,1984,207,12,19840415,105,10
13444,1984,207,24,19840831,243,10
13444,1984,208,66,19840605,156,10
13444,1984,215,65,19840825,237,10
13444,1984,310,5,19840518,138,10
13444,1984,311,29,19840906,249,10
13444,1984,313,29,19841014,287,10
13444,1984,320,5,19840505,125,10
13444,1984,322,29,19841017,290,10
13444,1984,330,5,19840504,124,10
13444,1984,331,29,19840717,198,10
13444,1984,340,29,19840815,227,10
13444,1984,340,5,19840519,139,10
13444,1984,350,29,19840717,198,10
13444,1984,350,4,19840414,104,10
13444,1984,350,5,19840502,122,10
13444,1984,372,29,19840927,270,10
13444,1985,102,5,19850414,104,10
13444,1985,103,62,19850823,235,10
13444,1985,107,8,19850510,130,10
13444,1985,108,5,19850516,136,10
13444,1985,112,31,19851007,280,10
13444,1985,112,4,19850420,110,10
13444,1985,113,5,19850403,93,10
13444,1985,114,5,19850828,240,10
13444,1985,116,5,19850402,92,10
13444,1985,117,5,19850608,159,10
13444,1985,118,8,19850512,132,10
13444,1985,120,5,19850416,106,10
13444,1985,122,31,19850925,268,10
13444,1985,122,4,19850504,124,10
13444,1985,122,5,19850512,132,10
13444,1985,122,62,19850919,262,10
13444,1985,124,5,19850402,92,10
13444,1985,127,5,19850306,65,10
13444,1985,129,5,19850609,160,10
13444,1985,129,62,19850918,261,10
13444,1985,130,5,19850703,184,10
13444,1985,132,31,19851020,293,10
13444,1985,132,4,19850512,132,10
13444,1985,132,62,19851011,284,10
13444,1985,202,18,19850617,168,10
13444,1985,203,18,19850603,154,10
13444,1985,203,24,19850822,234,10
13444,1985,203,6,19850620,171,10
13444,1985,204,24,19850723,204,10
13444,1985,205,5,19850506,126,10
13444,1985,207,10,19850312,71,10
13444,1985,207,18,19850628,179,10
13444,1985,207,24,19850824,236,10
13444,1985,208,66,19850617,168,10
13444,1985,215,65,19850731,212,10
13444,1985,253,13,19850708,189,10
13444,1985,310,5,19850511,131,10
13444,1985,313,29,19851017,290,10
13444,1985,320,5,19850509,129,10
13444,1985,322,29,19851014,287,10
13444,1985,330,5,19850503,123,10
13444,1985,331,29,19850630,181,10
13444,1985,340,29,19850719,200,10
13444,1985,340,5,19850508,128,10
13444,1985,350,29,19850718,199,10
13444,1985,350,4,19850405,95,10
13444,1985,350,5,19850424,114,10
13444,1985,372,29,19850923,266,10
13444,1986,102,5,19860414,104,10
13444,1986,107,8,19860508,128,10
13444,1986,108,5,19860514,134,10
13444,1986,112,31,19860917,260,10
13444,1986,112,4,19860501,121,10
13444,1986,114,5,19860814,226,10
13444,1986,118,8,19860510,130,10
13444,1986,120,5,19860428,118,10
13444,1986,122,31,19860922,265,10
13444,1986,122,4,19860507,127,10
13444,1986,122,5,19860514,134,10
13444,1986,122,62,19860909,252,10
13444,1986,124,5,19860417,107,10
13444,1986,127,5,19860312,71,10
13444,1986,129,62,19860903,246,10
13444,1986,132,62,19860921,264,10
13444,1986,138,5,19860513,133,10
13444,1986,203,24,19860810,222,10
13444,1986,207,10,19860319,78,10
13444,1986,207,12,19860414,104,10
13444,1986,207,24,19860809,221,10
13444,1986,310,5,19860513,133,10
13444,1986,311,29,19860810,222,10
13444,1986,313,29,19860930,273,10
13444,1986,320,5,19860509,129,10
13444,1986,330,5,19860506,126,10
13444,1986,331,29,19860628,179,10
13444,1986,350,4,19860415,105,10
13444,1986,350,5,19860502,122,10
13444,1987,102,5,19870421,111,10
13444,1987,103,62,19870807,219,10
13444,1987,107,8,19870512,132,10
13444,1987,108,5,19870513,133,10
13444,1987,112,31,19870930,273,10
13444,1987,112,4,19870420,110,10
13444,1987,113,5,19870401,91,10
13444,1987,114,5,19870819,231,10
13444,1987,116,5,19870331,90,10
13444,1987,117,5,19870629,180,10
13444,1987,118,8,19870512,132,10
13444,1987,120,5,19870423,113,10
13444,1987,122,31,19871015,288,10
13444,1987,122,4,19870424,114,10
13444,1987,122,5,19870511,131,10
13444,1987,122,62,19871009,282,10
13444,1987,124,5,19870407,97,10
13444,1987,127,5,19870226,57,10
13444,1987,129,5,19870623,174,10
13444,1987,129,62,19870913,256,10
13444,1987,130,5,19870716,197,10
13444,1987,132,31,19871021,294,10
13444,1987,132,4,19870510,130,10
13444,1987,136,6,19870625,176,10
13444,1987,138,5,19870430,120,10
13444,1987,202,18,19870704,185,10
13444,1987,204,24,19870729,210,10
13444,1987,207,10,19870407,97,10
13444,1987,207,12,19870418,108,10
13444,1987,207,18,19870627,178,10
13444,1987,207,24,19870818,230,10
13444,1987,208,66,19870710,191,10
13444,1987,215,65,19870807,219,10
13444,1987,310,5,19870515,135,10
13444,1987,311,29,19870811,223,10
13444,1987,313,29,19871008,281,10
13444,1987,320,5,19870513,133,10
13444,1987,322,29,19871027,300,10
13444,1987,330,5,19870430,120,10
13444,1987,331,29,19870717,198,10
13444,1987,340,29,19870801,213,10
13444,1987,340,5,19870514,134,10
13444,1987,350,29,19870722,203,10
13444,1987,350,4,19870410,100,10
13444,1987,350,5,19870424,114,10
13444,1987,371,29,19870916,259,10
13444,1987,372,29,19870923,266,10
13444,1988,102,5,19880418,108,10
13444,1988,103,62,19880809,221,10
13444,1988,107,8,19880510,130,10
13444,1988,108,5,19880511,131,10
13444,1988,112,31,19881003,276,10
13444,1988,112,4,19880423,113,10
13444,1988,114,5,19880816,228,10
13444,1988,116,5,19880325,84,10
13444,1988,117,5,19880608,159,10
13444,1988,118,8,19880509,129,10
13444,1988,122,31,19880916,259,10
13444,1988,122,4,19880426,116,10
13444,1988,122,5,19880512,132,10
13444,1988,122,62,19880908,251,10
13444,1988,124,5,19880321,80,10
13444,1988,127,5,19880129,29,10
13444,1988,129,5,19880516,136,10
13444,1988,129,62,19880901,244,10
13444,1988,130,5,19880712,193,10
13444,1988,132,31,19881012,285,10
13444,1988,132,4,19880510,130,10
13444,1988,132,62,19881005,278,10
13444,1988,202,18,19880617,168,10
13444,1988,204,24,19880712,193,10
13444,1988,207,10,19880331,90,10
13444,1988,207,12,19880415,105,10
13444,1988,207,18,19880614,165,10
13444,1988,207,24,19880815,227,10
13444,1988,208,66,19880616,167,10
13444,1988,215,65,19880710,191,10
13444,1988,253,13,19880616,167,10
13444,1988,310,5,19880503,123,10
13444,1988,311,29,19880717,198,10
13444,1988,313,29,19881007,280,10
13444,1988,320,5,19880429,119,10
13444,1988,322,29,19881011,284,10
13444,1988,340,29,19880720,201,10
13444,1988,340,5,19880502,122,10
13444,1988,350,29,19880701,182,10
13444,1988,350,4,19880329,88,10
13444,1988,350,5,19880427,117,10
13444,1988,371,29,19880829,241,10
13444,1988,372,29,19880906,249,10
13444,1989,107,8,19890502,122,10
13444,1989,108,5,19890506,126,10
13444,1989,112,31,19890925,268,10
13444,1989,112,4,19890414,104,10
13444,1989,113,5,19890130,30,10
13444,1989,114,5,19890807,219,10
13444,1989,116,5,19890308,67,10
13444,1989,118,8,19890502,122,10
13444,1989,122,31,19891003,276,10
13444,1989,122,4,19890413,103,10
13444,1989,122,5,19890507,127,10
13444,1989,122,62,19890927,270,10
13444,1989,124,5,19890307,66,10
13444,1989,127,5,19890207,38,10
13444,1989,129,62,19890905,248,10
13444,1989,130,5,19890616,167,10
13444,1989,132,31,19891010,283,10
13444,1989,132,4,19890428,118,10
13444,1989,132,62,19890928,271,10
13444,1989,136,6,19890610,161,10
13444,1989,138,5,19890513,133,10
13444,1989,204,24,19890714,195,10
13444,1989,207,18,19890617,168,10
13444,1989,207,24,19890808,220,10
13444,1989,310,5,19890501,121,10
13444,1989,311,29,19890726,207,10
13444,1989,313,29,19891002,275,10
13444,1989,320,5,19890417,107,10
13444,1989,330,5,19890411,101,10
13444,1989,331,29,19890623,174,10
13444,1989,340,5,19890421,111,10
13444,1989,350,29,19890629,180,10
13444,1989,350,4,19890311,70,10
13444,1990,107,8,19900509,129,10
13444,1990,108,5,19900508,128,10
13444,1990,112,4,19900424,114,10
13444,1990,113,5,19900203,34,10
13444,1990,114,5,19900726,207,10
13444,1990,116,5,19900309,68,10
13444,1990,117,5,19900608,159,10
13444,1990,118,8,19900509,129,10
13444,1990,120,5,19900330,89,10
13444,1990,122,4,19900426,116,10
13444,1990,122,5,19900511,131,10
13444,1990,124,5,19900222,53,10
13444,1990,127,5,19900207,38,10
13444,1990,129,5,19900606,157,10
13444,1990,130,5,19900607,158,10
13444,1990,132,4,19900503,123,10
13444,1990,136,6,19900614,165,10
13444,1990,138,5,19900514,134,10
13444,1990,202,18,19900608,159,10
13444,1990,203,18,19900508,128,10
13444,1990,203,24,19900822,234,10
13444,1990,203,6,19900528,148,10
13444,1990,204,24,19900716,197,10
13444,1990,207,10,19900316,75,10
13444,1990,207,12,19900330,89,10
13444,1990,207,18,19900604,155,10
13444,1990,207,24,19900811,223,10
13444,1990,208,66,19900611,162,10
13444,1990,215,65,19900727,208,10
13444,1990,253,13,19900626,177,10
13444,1990,310,5,19900423,113,10
13444,1990,320,5,19900406,96,10
13444,1990,330,5,19900403,93,10
13444,1990,331,29,19900625,176,10
13444,1990,340,29,19900725,206,10
13444,1990,340,5,19900418,108,10
13444,1990,350,29,19900701,182,10
13444,1990,350,4,19900302,61,10
13444,1990,371,29,19900808,220,10
15465,1955,105,61,19550514,134,10
15465,1955,107,8,19550517,137,10
15465,1955,108,5,19550531,151,10
15465,1955,112,31,19551023,296,10
15465,1955,112,32,19551026,299,10
15465,1955,112,4,19550502,122,10
15465,1955,112,5,19550502,122,10
15465,1955,113,5,19550325,84,10
15465,1955,114,5,19550814,226,10
15465,1955,115,5,19550909,252,10
15465,1955,116,5,19550413,103,10
15465,1955,117,5,19550625,176,10
15465,1955,117,62,19551007,280,10
15465,1955,118,8,19550514,134,10
15465,1955,120,5,19550504,124,10
15465,1955,122,31,19551024,297,10
15465,1955,122,32,19551026,299,10
15465,1955,122,4,19550507,127,10
15465,1955,122,5,19550520,140,10
15465,1955,122,62,19551010,283,10
15465,1955,123,32,19551103,307,10
15465,1955,123,4,19550507,127,10
15465,1955,124,5,19550326,85,10
15465,1955,125,5,19550510,130,10
15465,1955,127,5,19550323,82,10
15465,1955,129,5,19550630,181,10
15465,1955,129,62,19550923,266,10
15465,1955,130,5,19550701,182,10
15465,1955,136,6,19550608,159,10
15465,1955,137,5,19550708,189,10
15465,1955,138,5,19550530,150,10
15465,1955,201,25,19550609,160,10
15465,1955,201,27,19550901,244,10
15465,1955,202,10,19551015,288,10
15465,1955,202,12,19551030,303,10
15465,1955,202,15,19550530,150,10
15465,1955,202,18,19550606,157,10
15465,1955,202,21,19550813,225,10
15465,1955,202,23,19550818,230,10
15465,1955,203,10,19550924,267,10
15465,1955,203,12,19551021,294,10
15465,1955,203,15,19550525,145,10
15465,1955,203,18,19550530,150,10
15465,1955,203,21,19550808,220,10
15465,1955,203,23,19550813,225,10
15465,1955,203,6,19550617,168,10
15465,1955,204,10,19550919,262,10
15465,1955,204,12,19551011,284,10
15465,1955,204,18,19550601,152,10
15465,1955,204,21,19550717,198,10
15465,1955,204,23,19550721,202,10
15465,1955,205,10,19550831,243,10
15465,1955,205,12,19550920,263,10
15465,1955,205,24,19550720,201,10
15465,1955,205,5,19550518,138,10
15465,1955,207,10,19550404,94,10
15465,1955,207,12,19550418,108,10
15465,1955,207,21,19550807,219,10
15465,1955,207,23,19550810,222,10
15465,1955,208,15,19550604,155,10
15465,1955,208,21,19550818,230,10
15465,1955,208,23,19550826,238,10
15465,1955,208,66,19550704,185,10
15465,1955,252,10,19550427,117,10
15465,1955,252,12,19550529,149,10
15465,1955,252,24,19550929,272,10
15465,1955,253,10,19550423,113,10
15465,1955,253,24,19551018,291,10
15465,1955,310,5,19550515,135,10
15465,1955,310,6,19550519,139,10
15465,1955,310,7,19550530,150,10
15465,1955,311,29,19550807,219,10
15465,1955,313,29,19551016,289,10
15465,1955,320,5,19550511,131,10
15465,1955,320,6,19550518,138,10
15465,1955,330,5,19550501,121,10
15465,1955,330,6,19550505,125,10
15465,1955,330,7,19550512,132,10
15465,1955,332,29,19550706,187,10
15465,1955,340,29,19550805,217,10
15465,1955,340,5,19550506,126,10
15465,1955,340,6,19550510,130,10
15465,1955,340,7,19550519,139,10
15465,1955,350,29,19550804,216,10
15465,1955,350,5,19550501,121,10
15465,1955,372,29,19550919,262,10
15465,1956,102,5,19560425,115,10
15465,1956,105,61,19560426,116,10
15465,1956,108,5,19560526,146,10
15465,1956,112,4,19560504,124,10
15465,1956,112,5,19560430,120,10
15465,1956,114,5,19560817,229,10
15465,1956,115,5,19560916,259,10
15465,1956,116,5,19560326,85,10
15465,1956,117,5,19560622,173,10
15465,1956,117,62,19560927,270,10
15465,1956,118,8,19560512,132,10
15465,1956,120,5,19560511,131,10
15465,1956,122,31,19560921,264,10
15465,1956,122,32,19560923,266,10
15465,1956,122,4,19560510,130,10
15465,1956,122,5,19560525,145,10
15465,1956,122,62,19560917,260,10
15465,1956,123,31,19560929,272,10
15465,1956,123,32,19561021,294,10
15465,1956,123,62,19560924,267,10
15465,1956,124,5,19560327,86,10
15465,1956,125,5,19560509,129,10
15465,1956,127,5,19560321,80,10
15465,1956,129,5,19560623,174,10
15465,1956,129,62,19560918,261,10
15465,1956,130,5,19560703,184,10
15465,1956,135,6,19560605,156,10
15465,1956,136,6,19560621,172,10
15465,1956,137,5,19560712,193,10
15465,1956,138,5,19560601,152,10
15465,1956,201,25,19560616,167,10
15465,1956,201,27,19560916,259,10
15465,1956,202,10,19561107,311,10
15465,1956,202,12,19561107,312,10
15465,1956,202,15,19560529,149,10
15465,1956,202,18,19560625,176,10
15465,1956,202,21,19560820,232,10
15465,1956,202,23,19560820,232,10
15465,1956,203,10,19560928,271,10
15465,1956,203,12,19561022,295,10
15465,1956,203,15,19560522,142,10
15465,1956,203,18,19560529,149,10
15465,1956,203,21,19560807,219,10
15465,1956,203,23,19560809,221,10
15465,1956,203,6,19560616,167,10
15465,1956,204,10,19560920,263,10
15465,1956,204,12,19561011,284,10
15465,1956,204,15,19560525,145,10
15465,1956,204,18,19560531,151,10
15465,1956,204,21,19560725,206,10
15465,1956,204,23,19560725,206,10
15465,1956,205,10,19560830,242,10
15465,1956,205,12,19560918,261,10
15465,1956,205,24,19560718,199,10
15465,1956,205,5,19560508,128,10
15465,1956,206,10,19560320,79,10
15465,1956,206,12,19560425,115,10
15465,1956,206,15,19560621,172,10
15465,1956,206,21,19560827,239,10
15465,1956,206,23,19560829,241,10
15465,1956,207,10,19560322,81,10
15465,1956,207,12,19560422,112,10
15465,1956,207,15,19560615,166,10
15465,1956,207,21,19560814,226,10
15465,1956,207,23,19560814,226,10
15465,1956,208,10,19560325,84,10
15465,1956,208,15,19560616,167,10
15465,1956,208,21,19560826,238,10
15465,1956,208,23,19560827,239,10
15465,1956,208,66,19560624,175,10
15465,1956,252,10,19560428,118,10
15465,1956,252,12,19560523,143,10
15465,1956,252,24,19561017,290,10
15465,1956,253,10,19560525,145,10
15465,1956,253,24,19561022,295,10
15465,1956,310,5,19560514,134,10
15465,1956,310,6,19560518,138,10
15465,1956,310,7,19560525,145,10
15465,1956,311,29,19560808,220,10
15465,1956,313,29,19561020,293,10
15465,1956,320,5,19560515,135,10
15465,1956,320,6,19560517,137,10
15465,1956,320,7,19560526,146,10
15465,1956,322,29,19560917,260,10
15465,1956,330,5,19560503,123,10
15465,1956,330,6,19560507,127,10
15465,1956,330,7,19560520,140,10
15465,1956,331,29,19560630,181,10
15465,1956,332,29,19560708,189,10
15465,1956,340,29,19560807,219,10
15465,1956,340,5,19560507,127,10
15465,1956,340,6,19560511,131,10
15465,1956,340,7,19560522,142,10
15465,1956,350,29,19560811,223,10
15465,1956,350,5,19560516,136,10
15465,1956,371,29,19560826,238,10
15465,1956,372,29,19560929,272,10
15465,1957,105,61,19570427,117,10
15465,1957,107,8,19570518,138,10
15465,1957,108,5,19570514,134,10
15465,1957,112,31,19571001,274,10
15465,1957,112,32,19571011,284,10
15465,1957,112,4,19570414,104,10
15465,1957,113,5,19570210,41,10
15465,1957,114,5,19570817,229,10
15465,1957,115,5,19570816,228,10
15465,1957,116,5,19570315,74,10
15465,1957,117,5,19570612,163,10
15465,1957,117,62,19570924,267,10
15465,1957,120,5,19570412,102,10
15465,1957,122,31,19571001,274,10
15465,1957,122,32,19571006,279,10
15465,1957,122,4,19570428,118,10
15465,1957,122,5,19570518,138,10
15465,1957,124,5,19570301,60,10
15465,1957,125,5,19570413,103,10
15465,1957,127,5,19570216,47,10
15465,1957,129,5,19570610,161,10
15465,1957,129,62,19570912,255,10
15465,1957,130,4,19570430,120,10
15465,1957,130,5,19570706,187,10
15465,1957,132,4,19570505,125,10
15465,1957,135,6,19570620,171,10
15465,1957,136,6,19570615,166,10
15465,1957,137,4,19570421,111,10
15465,1957,137,5,19570629,180,10
15465,1957,138,5,19570517,137,10
15465,1957,201,25,19570607,158,10
15465,1957,201,27,19570819,231,10
15465,1957,202,10,19571029,302,10
15465,1957,202,12,19571119,323,10
15465,1957,203,10,19571006,279,10
15465,1957,203,12,19571017,290,10
15465,1957,203,15,19570515,135,10
15465,1957,203,18,19570525,145,10
15465,1957,203,21,19570730,211,10
15465,1957,203,23,19570730,211,10
15465,1957,203,6,19570609,160,10
15465,1957,204,10,19570926,269,10
15465,1957,204,12,19571012,285,10
15465,1957,204,15,19570519,139,10
15465,1957,204,18,19570527,147,10
15465,1957,204,21,19570712,193,10
15465,1957,204,23,19570712,193,10
15465,1957,205,10,19570824,236,10
15465,1957,205,12,19570911,254,10
15465,1957,205,24,19570630,181,10
15465,1957,205,5,19570429,119,10
15465,1957,206,12,19570424,114,10
15465,1957,206,15,19570602,153,10
15465,1957,206,18,19570619,170,10
15465,1957,206,21,19570805,217,10
15465,1957,206,23,19570807,219,10
15465,1957,207,10,19570314,73,10
15465,1957,207,12,19570420,110,10
15465,1957,207,15,19570606,157,10
15465,1957,207,18,19570616,167,10
15465,1957,207,21,19570727,208,10
15465,1957,207,23,19570727,208,10
15465,1957,208,12,19570420,110,10
15465,1957,208,15,19570610,161,10
15465,1957,208,21,19570806,218,10
15465,1957,208,23,19570806,218,10
15465,1957,208,66,19570621,172,10
15465,1957,243,11,19570521,141,10
15465,1957,243,24,19570825,237,10
15465,1957,243,5,19570622,173,10
15465,1957,252,10,19570411,101,10
15465,1957,252,12,19570517,137,10
15465,1957,252,24,19571007,280,10
15465,1957,253,10,19570413,103,10
15465,1957,253,12,19570517,137,10
15465,1957,253,24,19571021,294,10
15465,1957,310,5,19570503,123,10
15465,1957,310,6,19570507,127,10
15465,1957,310,7,19570514,134,10
15465,1957,311,29,19570810,222,10
15465,1957,313,29,19571008,281,10
15465,1957,320,5,19570502,122,10
15465,1957,320,6,19570506,126,10
15465,1957,320,7,19570511,131,10
15465,1957,321,29,19570914,257,10
15465,1957,330,5,19570417,107,10
15465,1957,330,6,19570421,111,10
15465,1957,330,7,19570506,126,10
15465,1957,332,29,19570706,187,10
15465,1957,340,5,19570423,113,10
15465,1957,340,6,19570427,117,10
15465,1957,340,7,19570506,126,10
15465,1957,350,4,19570323,82,10
15465,1957,350,5,19570419,109,10
15465,1957,371,29,19570821,233,10
15465,1958,102,5,19580416,106,10
15465,1958,104,4,19580513,133,10
15465,1958,105,61,19580509,129,10
15465,1958,107,8,19580515,135,10
15465,1958,108,5,19580523,143,10
15465,1958,112,31,19581024,297,10
15465,1958,112,32,19581029,302,10
15465,1958,112,4,19580507,127,10
15465,1958,112,5,19580407,97,10
15465,1958,113,5,19580216,47,10
15465,1958,114,5,19580814,226,10
15465,1958,115,5,19580913,256,10
15465,1958,116,5,19580415,105,10
15465,1958,117,5,19580607,158,10
15465,1958,117,62,19581013,286,10
15465,1958,118,8,19580515,135,10
15465,1958,120,5,19580506,126,10
15465,1958,121,5,19580617,168,10
15465,1958,122,31,19581021,294,10
15465,1958,122,32,19581030,303,10
15465,1958,122,4,19580513,133,10
15465,1958,122,5,19580523,143,10
15465,1958,122,62,19580920,263,10
15465,1958,123,31,19581023,296,10
15465,1958,123,32,19581031,304,10
15465,1958,123,4,19580509,129,10
15465,1958,123,62,19581016,289,10
15465,1958,124,5,19580425,115,10
15465,1958,125,5,19580508,128,10
15465,1958,127,5,19580219,50,10
15465,1958,129,5,19580619,170,10
15465,1958,129,62,19580908,251,10
15465,1958,130,5,19580701,182,10
15465,1958,132,31,19581024,297,10
15465,1958,132,32,19581031,304,10
15465,1958,136,6,19580620,171,10
15465,1958,137,5,19580709,190,10
15465,1958,138,5,19580526,146,10
15465,1958,201,25,19580522,142,10
15465,1958,201,27,19580905,248,10
15465,1958,202,15,19580615,166,10
15465,1958,202,18,19580630,181,10
15465,1958,202,21,19580813,225,10
15465,1958,202,23,19580813,225,10
15465,1958,203,10,19580928,271,10
15465,1958,203,12,19581010,283,10
15465,1958,203,15,19580514,134,10
15465,1958,203,18,19580523,143,10
15465,1958,203,21,19580806,218,10
15465,1958,203,23,19580806,218,10
15465,1958,203,6,19580606,157,10
15465,1958,204,10,19580919,262,10
15465,1958,204,12,19581001,274,10
15465,1958,205,10,19580829,241,10
15465,1958,205,12,19580915,258,10
15465,1958,205,24,19580719,200,10
15465,1958,205,5,19580515,135,10
15465,1958,207,10,19580417,107,10
15465,1958,207,12,19580430,120,10
15465,1958,207,15,19580608,159,10
15465,1958,207,18,19580611,162,10
15465,1958,207,21,19580726,207,10
15465,1958,207,23,19580726,207,10
15465,1958,208,10,19580424,114,10
15465,1958,208,12,19580507,127,10
15465,1958,208,21,19580823,235,10
15465,1958,208,23,19580823,235,10
15465,1958,208,66,19580706,187,10
15465,1958,243,24,19580903,246,10
15465,1958,243,5,19580703,184,10
15465,1958,252,10,19580506,126,10
15465,1958,252,12,19580514,134,10
15465,1958,252,24,19581006,279,10
15465,1958,253,10,19580507,127,10
15465,1958,253,12,19580514,134,10
15465,1958,253,24,19581016,289,10
15465,1958,310,5,19580516,136,10
15465,1958,310,6,19580518,138,10
15465,1958,310,7,19580524,144,10
15465,1958,311,29,19580828,240,10
15465,1958,313,29,19581020,293,10
15465,1958,320,5,19580511,131,10
15465,1958,320,6,19580518,138,10
15465,1958,320,7,19580524,144,10
15465,1958,322,29,19580919,262,10
15465,1958,330,5,19580505,125,10
15465,1958,330,6,19580508,128,10
15465,1958,330,7,19580515,135,10
15465,1958,331,29,19580728,209,10
15465,1958,332,29,19580720,201,10
15465,1958,340,29,19580807,219,10
15465,1958,340,5,19580515,135,10
15465,1958,340,6,19580521,141,10
15465,1958,340,7,19580531,151,10
15465,1958,350,29,19580805,217,10
15465,1958,350,4,19580424,114,10
15465,1958,350,5,19580509,129,10
15465,1958,371,29,19580908,251,10
15465,1958,372,29,19580926,269,10
15465,1959,102,5,19590407,97,10
15465,1959,103,62,19590815,227,10
15465,1959,105,61,19590408,98,10
15465,1959,107,8,19590423,113,10
15465,1959,108,5,19590511,131,10
15465,1959,112,31,19591009,282,10
15465,1959,112,32,19591019,292,10
15465,1959,112,4,19590410,100,10
15465,1959,112,5,19590402,92,10
15465,1959,113,5,19590223,54,10
15465,1959,114,5,19590823,235,10
15465,1959,115,5,19590824,236,10
15465,1959,116,5,19590315,74,10
15465,1959,117,5,19590523,143,10
15465,1959,117,62,19590916,259,10
15465,1959,120,5,19590415,105,10
15465,1959,121,4,19590430,120,10
15465,1959,122,31,19591011,284,10
15465,1959,122,32,19591020,293,10
15465,1959,122,4,19590418,108,10
15465,1959,122,5,19590430,120,10
15465,1959,122,62,19590820,232,10
15465,1959,123,31,19591013,286,10
15465,1959,123,32,19591031,304,10
15465,1959,123,4,19590419,109,10
15465,1959,123,5,19590419,109,10
15465,1959,124,5,19590312,71,10
15465,1959,125,5,19590410,100,10
15465,1959,127,5,19590303,62,10
15465,1959,129,5,19590601,152,10
15465,1959,129,62,19590822,234,10
15465,1959,130,4,19590417,107,10
15465,1959,130,5,19590618,169,10
15465,1959,132,31,19591009,282,10
15465,1959,132,32,19591031,304,10
15465,1959,133,8,19590423,113,10
15465,1959,135,6,19590616,167,10
15465,1959,136,6,19590601,152,10
15465,1959,137,4,19590422,112,10
15465,1959,137,5,19590704,185,10
15465,1959,138,5,19590508,128,10
15465,1959,201,25,19590527,147,10
15465,1959,202,21,19590725,206,10
15465,1959,202,23,19590804,216,10
15465,1959,203,10,19591024,297,10
15465,1959,203,12,19591128,332,10
15465,1959,203,15,19590418,108,10
15465,1959,203,18,19590511,131,10
15465,1959,203,21,19590707,188,10
15465,1959,203,23,19590722,203,10
15465,1959,203,6,19590519,139,10
15465,1959,204,10,19591008,281,10
15465,1959,204,12,19591115,319,10
15465,1959,204,15,19590426,116,10
15465,1959,204,18,19590517,137,10
15465,1959,204,21,19590704,185,10
15465,1959,204,23,19590708,189,10
15465,1959,205,10,19590827,239,10
15465,1959,205,12,19590912,255,10
15465,1959,205,24,19590708,189,10
15465,1959,205,5,19590424,114,10
15465,1959,206,15,19590528,148,10
15465,1959,206,21,19590729,210,10
15465,1959,206,23,19590812,224,10
15465,1959,207,10,19590309,68,10
15465,1959,207,12,19590402,92,10
15465,1959,207,15,19590601,152,10
15465,1959,207,18,19590611,162,10
15465,1959,207,21,19590707,188,10
15465,1959,207,23,19590712,193,10
15465,1959,208,10,19590303,62,10
15465,1959,208,12,19590401,91,10
15465,1959,208,15,19590602,153,10
15465,1959,208,21,19590716,197,10
15465,1959,208,23,19590723,204,10
15465,1959,208,66,19590615,166,10
15465,1959,215,10,19590509,129,10
15465,1959,215,21,19590908,251,10
15465,1959,215,24,19590908,251,10
15465,1959,215,6,19590723,204,10
15465,1959,243,11,19590514,134,10
15465,1959,243,24,19590818,230,10
15465,1959,243,5,19590628,179,10
15465,1959,252,10,19590404,94,10
15465,1959,252,12,19590427,117,10
15465,1959,252,24,19591008,281,10
15465,1959,253,10,19590401,91,10
15465,1959,253,12,19590422,112,10
15465,1959,253,24,19591001,274,10
15465,1959,310,5,19590423,113,10
15465,1959,310,6,19590425,115,10
15465,1959,310,7,19590509,129,10
15465,1959,311,29,19590730,211,10
15465,1959,313,29,19590920,263,10
15465,1959,320,5,19590417,107,10
15465,1959,320,6,19590422,112,10
15465,1959,320,7,19590501,121,10
15465,1959,322,29,19590906,249,10
15465,1959,330,5,19590409,99,10
15465,1959,330,6,19590415,105,10
15465,1959,330,7,19590420,110,10
15465,1959,331,29,19590613,164,10
15465,1959,340,29,19590628,179,10
15465,1959,340,5,19590419,109,10
15465,1959,340,6,19590423,113,10
15465,1959,340,7,19590427,117,10
15465,1959,350,29,19590705,186,10
15465,1959,350,4,19590404,94,10
15465,1959,350,5,19590412,102,10
15465,1959,371,29,19590828,240,10
15465,1959,372,29,19590904,247,10
15465,1960,103,62,19600725,206,10
15465,1960,105,5,19600427,117,10
15465,1960,105,61,19600411,101,10
15465,1960,108,5,19600512,132,10
15465,1960,112,31,19601021,294,10
15465,1960,112,4,19600416,106,10
15465,1960,112,5,19600409,99,10
15465,1960,113,5,19600227,58,10
15465,1960,114,5,19600731,212,10
15465,1960,115,5,19600924,267,10
15465,1960,116,5,19600407,97,10
15465,1960,117,5,19600513,133,10
15465,1960,117,62,19601015,288,10
15465,1960,118,8,19600507,127,10
15465,1960,120,5,19600504,124,10
15465,1960,121,4,19600519,139,10
15465,1960,121,5,19600608,159,10
15465,1960,122,31,19601012,285,10
15465,1960,122,32,19601020,293,10
15465,1960,122,5,19600501,121,10
15465,1960,122,62,19600925,268,10
15465,1960,123,31,19601017,290,10
15465,1960,123,62,19600928,271,10
15465,1960,124,5,19600302,61,10
15465,1960,125,5,19600412,102,10
15465,1960,127,5,19600223,54,10
15465,1960,129,5,19600607,158,10
15465,1960,129,62,19600830,242,10
15465,1960,130,4,19600421,111,10
15465,1960,130,5,19600621,172,10
15465,1960,132,31,19601024,297,10
15465,1960,132,5,19600421,111,10
15465,1960,132,62,19601015,288,10
15465,1960,135,6,19600622,173,10
15465,1960,136,6,19600612,163,10
15465,1960,137,5,19600630,181,10
15465,1960,138,5,19600509,129,10
15465,1960,201,25,19600612,163,10
15465,1960,201,27,19600923,266,10
15465,1960,203,10,19601016,289,10
15465,1960,203,18,19600523,143,10
15465,1960,203,21,19600816,228,10
15465,1960,203,23,19600816,228,10
15465,1960,203,6,19600602,153,10
15465,1960,204,10,19600831,243,10
15465,1960,204,12,19600927,270,10
15465,1960,204,15,19600512,132,10
15465,1960,204,21,19600814,226,10
15465,1960,204,23,19600814,226,10
15465,1960,205,10,19600901,244,10
15465,1960,205,12,19600928,271,10
15465,1960,205,24,19600719,200,10
15465,1960,205,5,19600601,152,10
15465,1960,206,10,19600318,77,10
15465,1960,206,12,19600405,95,10
15465,1960,206,15,19600521,141,10
15465,1960,206,18,19600623,174,10
15465,1960,206,21,19600825,237,10
15465,1960,206,23,19600825,237,10
15465,1960,207,10,19600317,76,10
15465,1960,207,12,19600409,99,10
15465,1960,207,15,19600514,134,10
15465,1960,207,21,19600821,233,10
15465,1960,207,23,19600821,233,10
15465,1960,208,10,19600313,72,10
15465,1960,208,12,19600410,100,10
15465,1960,208,15,19600604,155,10
15465,1960,208,21,19600825,237,10
15465,1960,208,23,19600825,237,10
15465,1960,208,66,19600617,168,10
15465,1960,252,10,19600412,102,10
15465,1960,252,12,19600503,123,10
15465,1960,252,24,19601017,290,10
15465,1960,253,10,19600412,102,10
15465,1960,253,12,19600503,123,10
15465,1960,253,24,19601013,286,10
15465,1960,310,5,19600509,129,10
15465,1960,311,29,19600811,223,10
15465,1960,313,29,19601009,282,10
15465,1960,320,5,19600514,134,10
15465,1960,321,29,19600824,236,10
15465,1960,322,29,19600915,258,10
15465,1960,330,5,19600415,105,10
15465,1960,330,6,19600422,112,10
15465,1960,330,7,19600504,124,10
15465,1960,331,29,19600624,175,10
15465,1960,340,29,19600711,192,10
15465,1960,340,5,19600422,112,10
15465,1960,340,6,19600427,117,10
15465,1960,350,29,19600726,207,10
15465,1960,350,4,19600404,94,10
15465,1960,350,5,19600425,115,10
15465,1960,371,29,19600920,263,10
15465,1960,372,29,19600926,269,10
15465,1961,102,5,19610304,63,10
15465,1961,103,5,19610524,144,10
15465,1961,103,62,19610808,220,10
15465,1961,104,4,19610503,123,10
15465,1961,105,61,19610328,87,10
15465,1961,107,8,19610503,123,10
15465,1961,108,5,19610425,115,10
15465,1961,112,31,19611022,295,10
15465,1961,112,4,19610404,94,10
15465,1961,113,5,19610219,50,10
15465,1961,114,5,19610814,226,10
15465,1961,116,5,19610307,66,10
15465,1961,117,5,19610526,146,10
15465,1961,117,62,19610922,265,10
15465,1961,118,8,19610517,137,10
15465,1961,119,5,19610321,80,10
15465,1961,120,5,19610414,104,10
15465,1961,121,4,19610508,128,10
15465,1961,121,5,19610614,165,10
15465,1961,122,31,19611028,301,10
15465,1961,122,4,19610416,106,10
15465,1961,122,5,19610502,122,10
15465,1961,123,31,19611025,298,10
15465,1961,123,4,19610417,107,10
15465,1961,123,5,19610518,138,10
15465,1961,124,5,19610316,75,10
15465,1961,125,5,19610408,98,10
15465,1961,127,5,19610215,46,10
15465,1961,129,5,19610609,160,10
15465,1961,129,62,19610902,245,10
15465,1961,130,4,19610416,106,10
15465,1961,130,5,19610701,182,10
15465,1961,131,5,19610502,122,10
15465,1961,132,4,19610427,117,10
15465,1961,135,6,19610517,137,10
15465,1961,136,6,19610618,169,10
15465,1961,137,4,19610420,110,10
15465,1961,137,5,19610709,190,10
15465,1961,138,5,19610517,137,10
15465,1961,201,25,19610527,147,10
15465,1961,202,10,19611107,311,10
15465,1961,202,12,19611128,332,10
15465,1961,203,10,19610929,272,10
15465,1961,203,12,19611021,294,10
15465,1961,203,15,19610506,126,10
15465,1961,203,18,19610522,142,10
15465,1961,203,21,19610802,214,10
15465,1961,203,24,19610817,229,10
15465,1961,203,6,19610617,168,10
15465,1961,204,10,19610919,262,10
15465,1961,204,12,19611015,288,10
15465,1961,205,10,19610901,244,10
15465,1961,205,12,19610928,271,10
15465,1961,205,24,19610713,194,10
15465,1961,205,5,19610422,112,10
15465,1961,207,10,19610409,99,10
15465,1961,207,12,19610423,113,10
15465,1961,207,15,19610620,171,10
15465,1961,207,18,19610626,177,10
15465,1961,207,21,19610804,216,10
15465,1961,207,24,19610804,216,10
15465,1961,208,10,19610316,75,10
15465,1961,208,12,19610414,104,10
15465,1961,208,15,19610601,152,10
15465,1961,208,21,19610901,244,10
15465,1961,208,66,19610702,183,10
15465,1961,215,10,19610523,143,10
15465,1961,215,12,19610616,167,10
15465,1961,215,24,19610926,269,10
15465,1961,215,6,19610828,240,10
15465,1961,215,67,19610716,197,10
15465,1961,243,11,19610516,136,10
15465,1961,243,24,19610920,263,10
15465,1961,243,5,19610619,170,10
15465,1961,252,10,19610428,118,10
15465,1961,252,12,19610525,145,10
15465,1961,252,24,19611021,294,10
15465,1961,253,10,19610519,139,10
15465,1961,253,12,19610619,170,10
15465,1961,253,24,19611016,289,10
15465,1961,310,5,19610423,113,10
15465,1961,310,7,19610503,123,10
15465,1961,311,29,19610812,224,10
15465,1961,313,29,19610924,267,10
15465,1961,330,5,19610406,96,10
15465,1961,330,6,19610409,99,10
15465,1961,330,7,19610419,109,10
15465,1961,331,29,19610615,166,10
15465,1961,332,29,19610629,180,10
15465,1961,340,29,19610722,203,10
15465,1961,340,5,19610420,110,10
15465,1961,340,6,19610420,110,10
15465,1961,340,7,19610426,116,10
15465,1961,350,29,19610723,204,10
15465,1961,350,4,19610318,77,10
15465,1961,350,5,19610410,100,10
15465,1961,371,29,19610830,242,10
15465,1961,372,29,19610917,260,10
15465,1962,102,5,19620415,105,10
15465,1962,103,62,19620803,215,10
15465,1962,104,4,19620430,120,10
15465,1962,105,5,19620502,122,10
15465,1962,105,61,19620425,115,10
15465,1962,108,5,19620522,142,10
15465,1962,112,31,19621018,291,10
15465,1962,112,4,19620425,115,10
15465,1962,113,5,19620329,88,10
15465,1962,114,5,19620901,244,10
15465,1962,116,5,19620418,108,10
15465,1962,117,5,19620621,172,10
15465,1962,117,62,19620925,268,10
15465,1962,118,8,19620526,146,10
15465,1962,119,5,19620418,108,10
15465,1962,120,5,19620509,129,10
15465,1962,121,4,19620605,156,10
15465,1962,121,5,19620624,175,10
15465,1962,122,31,19621021,294,10
15465,1962,122,4,19620508,128,10
15465,1962,122,5,19620522,142,10
15465,1962,122,62,19620925,268,10
15465,1962,123,31,19621022,295,10
15465,1962,123,4,19620516,136,10
15465,1962,124,5,19620412,102,10
15465,1962,125,5,19620503,123,10
15465,1962,127,5,19620327,86,10
15465,1962,129,5,19620623,174,10
15465,1962,129,62,19620925,268,10
15465,1962,130,4,19620508,128,10
15465,1962,130,5,19620708,189,10
15465,1962,131,5,19620426,116,10
15465,1962,132,31,19621027,300,10
15465,1962,132,4,19620516,136,10
15465,1962,132,62,19621101,305,10
15465,1962,134,5,19620514,134,10
15465,1962,135,6,19620624,175,10
15465,1962,136,6,19620621,172,10
15465,1962,137,4,19620515,135,10
15465,1962,137,5,19620717,198,10
15465,1962,138,5,19620606,157,10
15465,1962,201,25,19620618,169,10
15465,1962,202,10,19621107,311,10
15465,1962,203,10,19620923,266,10
15465,1962,203,12,19621019,292,10
15465,1962,203,18,19620613,164,10
15465,1962,203,21,19620820,232,10
15465,1962,203,24,19620820,232,10
15465,1962,203,6,19620620,171,10
15465,1962,204,10,19620918,261,10
15465,1962,204,12,19621026,299,10
15465,1962,204,15,19620607,158,10
15465,1962,204,18,19620619,170,10
15465,1962,204,21,19620822,234,10
15465,1962,204,24,19620822,234,10
15465,1962,205,10,19620822,234,10
15465,1962,205,12,19620919,262,10
15465,1962,205,24,19620730,211,10
15465,1962,205,5,19620604,155,10
15465,1962,206,10,19620410,100,10
15465,1962,206,12,19620510,130,10
15465,1962,206,15,19620622,173,10
15465,1962,206,18,19620716,197,10
15465,1962,206,21,19620905,248,10
15465,1962,206,23,19620905,248,10
15465,1962,207,10,19620414,104,10
15465,1962,207,12,19620510,130,10
15465,1962,207,15,19620622,173,10
15465,1962,207,18,19620709,190,10
15465,1962,207,21,19620831,243,10
15465,1962,207,24,19620831,243,10
15465,1962,208,10,19620412,102,10
15465,1962,208,15,19620625,176,10
15465,1962,208,66,19620625,176,10
15465,1962,252,10,19620427,117,10
15465,1962,252,12,19620530,150,10
15465,1962,252,24,19621017,290,10
15465,1962,253,10,19620426,116,10
15465,1962,253,12,19620530,150,10
15465,1962,253,24,19621023,296,10
15465,1962,310,5,19620519,139,10
15465,1962,310,6,19620524,144,10
15465,1962,310,7,19620603,154,10
15465,1962,311,29,19620813,225,10
15465,1962,313,29,19621031,304,10
15465,1962,320,5,19620515,135,10
15465,1962,320,6,19620515,135,10
15465,1962,320,7,19620530,150,10
15465,1962,322,29,19620921,264,10
15465,1962,330,5,19620507,127,10
15465,1962,330,6,19620510,130,10
15465,1962,330,7,19620517,137,10
15465,1962,331,29,19620708,189,10
15465,1962,332,29,19620816,228,10
15465,1962,340,29,19620821,233,10
15465,1962,340,5,19620514,134,10
15465,1962,340,6,19620518,138,10
15465,1962,340,7,19620524,144,10
15465,1962,350,29,19620724,205,10
15465,1962,350,4,19620425,115,10
15465,1962,350,5,19620504,124,10
15465,1962,371,29,19620922,265,10
15465,1962,372,29,19621025,298,10
15465,1963,102,5,19630403,93,10
15465,1963,103,5,19630525,145,10
15465,1963,103,62,19630723,204,10
15465,1963,105,61,19630418,108,10
15465,1963,107,8,19630508,128,10
15465,1963,108,5,19630525,145,10
15465,1963,112,31,19631010,283,10
15465,1963,112,4,19630418,108,10
15465,1963,116,5,19630403,93,10
15465,1963,117,5,19630615,166,10
15465,1963,117,62,19630907,250,10
15465,1963,120,5,19630414,104,10
15465,1963,121,4,19630516,136,10
15465,1963,121,5,19630615,166,10
15465,1963,122,31,19630928,271,10
15465,1963,122,4,19630501,121,10
15465,1963,122,5,19630518,138,10
15465,1963,122,62,19630923,266,10
15465,1963,123,31,19631009,282,10
15465,1963,124,5,19630414,104,10
15465,1963,125,5,19630511,131,10
15465,1963,127,5,19630323,82,10
15465,1963,129,5,19630617,168,10
15465,1963,129,62,19630919,262,10
15465,1963,130,5,19630629,180,10
15465,1963,131,5,19630428,118,10
15465,1963,132,31,19631024,297,10
15465,1963,132,62,19630928,271,10
15465,1963,134,5,19630510,130,10
15465,1963,136,6,19630614,165,10
15465,1963,137,5,19630709,190,10
15465,1963,138,5,19630530,150,10
15465,1963,201,25,19630618,169,10
15465,1963,202,10,19631025,298,10
15465,1963,202,18,19630606,157,10
15465,1963,202,21,19630818,230,10
15465,1963,202,24,19630818,230,10
15465,1963,203,10,19631009,282,10
15465,1963,203,12,19631030,303,10
15465,1963,203,15,19630427,117,10
15465,1963,203,18,19630527,147,10
15465,1963,203,21,19630818,230,10
15465,1963,203,24,19630818,230,10
15465,1963,203,6,19630611,162,10
15465,1963,204,10,19631001,274,10
15465,1963,204,12,19631021,294,10
15465,1963,205,10,19630824,236,10
15465,1963,205,12,19630904,247,10
15465,1963,205,24,19630710,191,10
15465,1963,205,5,19630523,143,10
15465,1963,207,10,19630401,91,10
15465,1963,207,12,19630501,121,10
15465,1963,207,15,19630529,149,10
15465,1963,207,18,19630616,167,10
15465,1963,207,21,19630805,217,10
15465,1963,207,24,19630805,217,10
15465,1963,208,10,19630326,85,10
15465,1963,208,12,19630426,116,10
15465,1963,208,15,19630524,144,10
15465,1963,208,21,19630815,227,10
15465,1963,208,66,19630619,170,10
15465,1963,215,10,19630506,126,10
15465,1963,215,24,19631011,284,10
15465,1963,252,10,19630422,112,10
15465,1963,252,12,19630520,140,10
15465,1963,252,24,19631018,291,10
15465,1963,253,10,19630422,112,10
15465,1963,253,12,19630520,140,10
15465,1963,253,24,19631020,293,10
15465,1963,310,5,19630512,132,10
15465,1963,310,6,19630515,135,10
15465,1963,310,7,19630522,142,10
15465,1963,311,29,19630717,198,10
15465,1963,313,29,19631011,284,10
15465,1963,320,5,19630516,136,10
15465,1963,320,7,19630522,142,10
15465,1963,322,29,19630918,261,10
15465,1963,330,5,19630513,133,10
15465,1963,330,6,19630506,126,10
15465,1963,330,7,19630514,134,10
15465,1963,331,29,19630623,174,10
15465,1963,332,29,19630716,197,10
15465,1963,340,29,19630726,207,10
15465,1963,340,5,19630513,133,10
15465,1963,340,7,19630522,142,10
15465,1963,350,29,19630724,205,10
15465,1963,350,4,19630416,106,10
15465,1963,350,5,19630504,124,10
15465,1963,371,29,19630811,223,10
15465,1963,372,29,19630929,272,10
15465,1964,102,5,19640416,107,10
15465,1964,103,5,19640523,143,10
15465,1964,103,62,19640719,200,10
15465,1964,104,4,19640507,127,10
15465,1964,105,5,19640509,129,10
15465,1964,105,61,19640423,113,10
15465,1964,107,8,19640510,131,10
15465,1964,108,5,19640518,139,10
15465,1964,112,31,19641004,278,10
15465,1964,112,4,19640420,111,10
15465,1964,113,5,19640320,79,10
15465,1964,114,5,19640807,220,10
15465,1964,115,5,19640917,261,10
15465,1964,116,5,19640405,96,10
15465,1964,117,5,19640526,146,10
15465,1964,117,62,19640906,249,10
15465,1964,118,5,19640511,131,10
15465,1964,118,8,19640513,133,10
15465,1964,119,5,19640409,99,10
15465,1964,120,5,19640505,126,10
15465,1964,121,4,19640520,140,10
15465,1964,121,5,19640603,155,10
15465,1964,122,31,19641008,282,10
15465,1964,122,4,19640506,127,10
15465,1964,122,5,19640512,133,10
15465,1964,122,62,19640918,262,10
15465,1964,123,31,19640920,264,10
15465,1964,123,4,19640430,121,10
15465,1964,123,5,19640505,125,10
15465,1964,124,5,19640418,109,10
15465,1964,125,5,19640503,123,10
15465,1964,127,5,19640323,83,10
15465,1964,129,5,19640606,158,10
15465,1964,129,62,19640815,228,10
15465,1964,130,4,19640503,124,10
15465,1964,130,5,19640614,166,10
15465,1964,131,5,19640503,124,10
15465,1964,132,31,19641009,283,10
15465,1964,132,4,19640502,123,10
15465,1964,132,5,19640505,126,10
15465,1964,134,5,19640504,124,10
15465,1964,135,6,19640605,157,10
15465,1964,136,6,19640607,159,10
15465,1964,137,4,19640510,130,10
15465,1964,137,5,19640618,169,10
15465,1964,138,5,19640523,144,10
15465,1964,201,25,19640524,145,10
15465,1964,202,10,19641015,289,10
15465,1964,202,12,19641104,309,10
15465,1964,202,21,19640805,217,10
15465,1964,202,24,19640814,227,10
15465,1964,203,10,19640914,258,10
15465,1964,203,12,19641004,278,10
15465,1964,203,15,19640529,149,10
15465,1964,203,21,19640721,202,10
15465,1964,203,24,19640726,208,10
15465,1964,203,6,19640604,156,10
15465,1964,204,10,19640916,259,10
15465,1964,204,12,19641001,274,10
15465,1964,204,15,19640524,144,10
15465,1964,204,18,19640529,149,10
15465,1964,204,21,19640630,181,10
15465,1964,204,24,19640715,197,10
15465,1964,205,10,19640820,232,10
15465,1964,205,12,19640907,251,10
15465,1964,205,24,19640713,195,10
15465,1964,205,5,19640518,139,10
15465,1964,207,12,19640427,118,10
15465,1964,207,15,19640607,158,10
15465,1964,207,18,19640612,163,10
15465,1964,207,21,19640716,197,10
15465,1964,207,24,19640723,205,10
15465,1964,208,10,19640403,94,10
15465,1964,208,12,19640427,118,10
15465,1964,208,15,19640611,162,10
15465,1964,208,21,19640721,202,10
15465,1964,208,66,19640619,171,10
15465,1964,252,10,19640422,112,10
15465,1964,252,12,19640523,144,10
15465,1964,252,24,19641001,275,10
15465,1964,253,10,19640420,110,10
15465,1964,253,12,19640520,140,10
15465,1964,253,24,19641015,288,10
15465,1964,310,5,19640504,125,10
15465,1964,310,6,19640507,127,10
15465,1964,310,7,19640514,134,10
15465,1964,311,29,19640728,210,10
15465,1964,313,29,19640913,257,10
15465,1964,320,5,19640506,127,10
15465,1964,320,6,19640509,129,10
15465,1964,320,7,19640516,136,10
15465,1964,321,29,19640822,235,10
15465,1964,322,29,19640908,252,10
15465,1964,330,5,19640428,119,10
15465,1964,330,6,19640504,124,10
15465,1964,330,7,19640508,128,10
15465,1964,331,29,19640614,166,10
15465,1964,332,29,19640701,183,10
15465,1964,340,29,19640714,196,10
15465,1964,340,5,19640507,128,10
15465,1964,340,6,19640511,131,10
15465,1964,340,7,19640516,136,10
15465,1964,350,29,19640717,199,10
15465,1964,350,4,19640420,111,10
15465,1964,350,5,19640507,128,10
15465,1965,102,5,19650405,95,10
15465,1965,103,5,19650527,147,10
15465,1965,103,62,19650720,201,10
15465,1965,104,4,19650508,128,10
15465,1965,105,5,19650509,129,10
15465,1965,105,61,19650422,112,10
15465,1965,107,8,19650527,147,10
15465,1965,108,5,19650525,145,10
15465,1965,112,31,19651017,290,10
15465,1965,112,4,19650430,120,10
15465,1965,113,5,19650319,78,10
15465,1965,114,5,19650822,234,10
15465,1965,115,5,19650914,257,10
15465,1965,116,5,19650407,97,10
15465,1965,117,5,19650618,169,10
15465,1965,117,62,19650915,258,10
15465,1965,118,8,19650529,149,10
15465,1965,120,5,19650503,123,10
15465,1965,121,4,19650529,149,10
15465,1965,121,5,19650624,175,10
15465,1965,122,31,19651010,283,10
15465,1965,122,4,19650504,124,10
15465,1965,122,5,19650520,140,10
15465,1965,122,62,19650920,263,10
15465,1965,123,31,19651020,293,10
15465,1965,123,4,19650509,129,10
15465,1965,124,5,19650405,95,10
15465,1965,125,5,19650517,137,10
15465,1965,127,5,19650317,76,10
15465,1965,129,5,19650621,172,10
15465,1965,129,62,19651001,274,10
15465,1965,130,4,19650507,127,10
15465,1965,130,5,19650708,189,10
15465,1965,131,5,19650518,138,10
15465,1965,132,31,19651024,297,10
15465,1965,132,4,19650510,130,10
15465,1965,132,5,19650518,138,10
15465,1965,132,62,19651002,275,10
15465,1965,134,5,19650518,138,10
15465,1965,136,6,19650622,173,10
15465,1965,137,4,19650509,129,10
15465,1965,138,5,19650612,163,10
15465,1965,201,25,19650603,154,10
15465,1965,202,10,19651019,292,10
15465,1965,202,12,19651109,313,10
15465,1965,202,15,19650601,152,10
15465,1965,202,18,19650608,159,10
15465,1965,202,21,19650824,236,10
15465,1965,202,24,19650830,242,10
15465,1965,203,10,19650927,270,10
15465,1965,203,12,19651007,280,10
15465,1965,203,15,19650508,128,10
15465,1965,203,18,19650525,145,10
15465,1965,203,21,19650811,223,10
15465,1965,203,24,19650821,233,10
15465,1965,203,6,19650621,172,10
15465,1965,204,10,19650919,262,10
15465,1965,204,12,19651001,274,10
15465,1965,205,10,19650824,236,10
15465,1965,205,12,19650911,254,10
15465,1965,205,24,19650724,205,10
15465,1965,205,5,19650515,135,10
15465,1965,207,10,19650403,93,10
15465,1965,207,12,19650426,116,10
15465,1965,207,18,19650614,165,10
15465,1965,207,21,19650807,219,10
15465,1965,207,24,19650816,228,10
15465,1965,208,10,19650402,92,10
15465,1965,208,12,19650426,116,10
15465,1965,208,21,19650818,230,10
15465,1965,208,66,19650619,170,10
15465,1965,243,11,19650531,151,10
15465,1965,243,24,19650923,266,10
15465,1965,243,5,19650801,213,10
15465,1965,252,10,19650514,134,10
15465,1965,252,12,19650603,154,10
15465,1965,252,24,19651012,285,10
15465,1965,253,10,19650512,132,10
15465,1965,253,12,19650601,152,10
15465,1965,253,24,19651018,291,10
15465,1965,310,5,19650511,131,10
15465,1965,310,6,19650519,139,10
15465,1965,310,7,19650531,151,10
15465,1965,311,29,19650825,237,10
15465,1965,313,29,19651023,296,10
15465,1965,320,5,19650511,131,10
15465,1965,322,29,19650917,260,10
15465,1965,330,5,19650502,122,10
15465,1965,330,6,19650510,130,10
15465,1965,330,7,19650516,136,10
15465,1965,332,29,19650716,197,10
15465,1965,340,29,19650806,218,10
15465,1965,340,5,19650510,130,10
15465,1965,340,6,19650515,135,10
15465,1965,340,7,19650522,142,10
15465,1965,350,29,19650806,218,10
15465,1965,350,4,19650419,109,10
15465,1965,350,5,19650502,122,10
15465,1965,372,29,19651012,285,10
15465,1966,102,5,19660428,118,10
15465,1966,103,5,19660511,131,10
15465,1966,103,62,19660711,192,10
15465,1966,104,4,19660426,116,10
15465,1966,104,5,19660508,128,10
15465,1966,105,61,19660421,111,10
15465,1966,107,8,19660506,126,10
15465,1966,108,5,19660508,128,10
15465,1966,112,31,19661008,281,10
15465,1966,112,4,19660425,115,10
15465,1966,113,5,19660216,47,10
15465,1966,114,5,19660808,220,10
15465,1966,116,5,19660221,52,10
15465,1966,117,5,19660602,153,10
15465,1966,117,62,19660824,236,10
15465,1966,119,5,19660408,98,10
15465,1966,120,5,19660421,111,10
15465,1966,121,4,19660513,133,10
15465,1966,121,5,19660606,157,10
15465,1966,122,31,19660928,271,10
15465,1966,122,4,19660501,121,10
15465,1966,122,5,19660510,130,10
15465,1966,123,31,19661008,281,10
15465,1966,123,4,19660501,121,10
15465,1966,124,5,19660315,74,10
15465,1966,125,5,19660503,123,10
15465,1966,127,5,19660228,59,10
15465,1966,129,62,19660823,235,10
15465,1966,130,4,19660427,117,10
15465,1966,130,5,19660610,161,10
15465,1966,132,31,19661013,286,10
15465,1966,132,4,19660501,121,10
15465,1966,134,5,19660503,123,10
15465,1966,137,4,19660502,122,10
15465,1966,137,5,19660616,167,10
15465,1966,138,5,19660517,137,10
15465,1966,201,25,19660526,146,10
15465,1966,202,12,19661104,308,10
15465,1966,203,10,19660916,259,10
15465,1966,203,15,19660507,127,10
15465,1966,203,18,19660520,140,10
15465,1966,203,21,19660803,215,10
15465,1966,203,24,19660813,225,10
15465,1966,203,6,19660606,157,10
15465,1966,204,10,19660908,251,10
15465,1966,204,12,19661001,274,10
15465,1966,204,15,19660429,119,10
15465,1966,204,18,19660603,154,10
15465,1966,204,21,19660701,182,10
15465,1966,204,24,19660806,218,10
15465,1966,205,24,19660709,190,10
15465,1966,205,5,19660510,130,10
15465,1966,207,10,19660308,67,10
15465,1966,207,12,19660401,91,10
15465,1966,207,18,19660612,163,10
15465,1966,207,24,19660810,222,10
15465,1966,208,10,19660311,70,10
15465,1966,208,12,19660401,91,10
15465,1966,208,21,19660819,231,10
15465,1966,215,10,19660511,131,10
15465,1966,215,24,19660920,263,10
15465,1966,252,10,19660512,132,10
15465,1966,252,24,19661011,284,10
15465,1966,253,10,19660506,126,10
15465,1966,253,12,19660524,144,10
15465,1966,253,24,19661015,288,10
15465,1966,310,5,19660508,128,10
15465,1966,310,6,19660513,133,10
15465,1966,310,7,19660518,138,10
15465,1966,311,29,19660807,219,10
15465,1966,320,5,19660506,126,10
15465,1966,320,6,19660506,126,10
15465,1966,320,7,19660514,134,10
15465,1966,322,29,19660922,265,10
15465,1966,330,5,19660423,113,10
15465,1966,330,6,19660423,113,10
15465,1966,330,7,19660505,125,10
15465,1966,331,29,19660619,170,10
15465,1966,332,29,19660708,189,10
15465,1966,340,5,19660501,121,10
15465,1966,340,6,19660503,123,10
15465,1966,340,7,19660511,131,10
15465,1966,350,29,19660710,191,10
15465,1966,350,5,19660422,112,10
15465,1966,371,29,19660828,240,10
15465,1966,372,29,19660915,258,10
15465,1967,102,5,19670319,78,10
15465,1967,103,5,19670519,139,10
15465,1967,103,62,19670825,237,10
15465,1967,104,4,19670505,125,10
15465,1967,105,5,19670513,133,10
15465,1967,105,61,19670427,117,10
15465,1967,108,5,19670513,133,10
15465,1967,112,31,19671005,278,10
15465,1967,112,4,19670429,119,10
15465,1967,113,5,19670201,32,10
15465,1967,114,5,19670807,219,10
15465,1967,116,5,19670308,67,10
15465,1967,117,5,19670616,167,10
15465,1967,117,62,19670829,241,10
15465,1967,118,8,19670528,148,10
15465,1967,119,5,19670409,99,10
15465,1967,120,5,19670422,112,10
15465,1967,121,4,19670521,141,10
15465,1967,121,5,19670620,171,10
15465,1967,122,31,19671001,274,10
15465,1967,122,4,19670430,120,10
15465,1967,122,5,19670507,127,10
15465,1967,122,62,19670925,268,10
15465,1967,123,31,19670930,273,10
15465,1967,123,4,19670430,120,10
15465,1967,123,5,19670515,135,10
15465,1967,124,5,19670316,75,10
15465,1967,125,5,19670417,107,10
15465,1967,127,5,19670213,44,10
15465,1967,129,5,19670624,175,10
15465,1967,129,62,19670903,246,10
15465,1967,130,4,19670506,126,10
15465,1967,130,5,19670703,184,10
15465,1967,132,31,19671021,294,10
15465,1967,132,4,19670518,138,10
15465,1967,132,62,19671010,283,10
15465,1967,134,5,19670510,130,10
15465,1967,135,6,19670611,162,10
15465,1967,136,6,19670617,168,10
15465,1967,137,4,19670509,129,10
15465,1967,137,5,19670709,190,10
15465,1967,138,5,19670516,136,10
15465,1967,201,25,19670529,149,10
15465,1967,201,27,19670810,222,10
15465,1967,202,10,19671101,305,10
15465,1967,202,12,19671121,325,10
15465,1967,202,15,19670612,163,10
15465,1967,202,18,19670619,170,10
15465,1967,202,21,19670822,234,10
15465,1967,202,23,19670827,239,10
15465,1967,202,24,19670827,239,10
15465,1967,203,10,19670908,251,10
15465,1967,203,12,19670928,271,10
15465,1967,203,18,19670522,142,10
15465,1967,203,21,19670727,208,10
15465,1967,203,23,19670802,214,10
15465,1967,203,24,19670802,214,10
15465,1967,203,6,19670601,152,10
15465,1967,204,10,19670901,244,10
15465,1967,204,12,19670919,262,10
15465,1967,204,15,19670516,136,10
15465,1967,204,18,19670520,140,10
15465,1967,204,21,19670705,186,10
15465,1967,204,23,19670719,200,10
15465,1967,204,24,19670719,200,10
15465,1967,205,10,19670821,233,10
15465,1967,205,12,19670912,255,10
15465,1967,205,24,19670724,205,10
15465,1967,205,5,19670507,127,10
15465,1967,207,10,19670310,69,10
15465,1967,207,12,19670413,103,10
15465,1967,207,15,19670610,161,10
15465,1967,207,21,19670715,196,10
15465,1967,207,23,19670730,211,10
15465,1967,207,24,19670730,211,10
15465,1967,208,10,19670307,66,10
15465,1967,208,12,19670405,95,10
15465,1967,208,21,19670820,232,10
15465,1967,208,23,19670828,240,10
15465,1967,208,24,19670828,240,10
15465,1967,208,66,19670612,163,10
15465,1967,215,10,19670526,146,10
15465,1967,243,11,19670520,140,10
15465,1967,243,24,19670828,240,10
15465,1967,243,5,19670617,168,10
15465,1967,252,10,19670414,104,10
15465,1967,252,12,19670519,139,10
15465,1967,252,24,19670926,269,10
15465,1967,253,10,19670410,100,10
15465,1967,253,12,19670521,141,10
15465,1967,253,24,19671017,290,10
15465,1967,310,5,19670511,131,10
15465,1967,310,6,19670511,131,10
15465,1967,310,7,19670518,138,10
15465,1967,311,29,19670813,225,10
15465,1967,313,29,19671023,296,10
15465,1967,320,5,19670514,134,10
15465,1967,320,6,19670514,134,10
15465,1967,320,7,19670520,140,10
15465,1967,322,29,19671017,290,10
15465,1967,330,5,19670421,111,10
15465,1967,330,6,19670426,116,10
15465,1967,330,7,19670509,129,10
15465,1967,332,29,19670710,191,10
15465,1967,340,29,19670801,213,10
15465,1967,340,5,19670428,118,10
15465,1967,340,6,19670430,120,10
15465,1967,340,7,19670509,129,10
15465,1967,350,29,19670806,218,10
15465,1967,350,4,19670404,94,10
15465,1967,350,5,19670418,108,10
15465,1967,371,29,19670813,225,10
15465,1968,102,5,19680415,105,10
15465,1968,103,5,19680510,130,10
15465,1968,103,62,19680810,222,10
15465,1968,107,8,19680506,126,10
15465,1968,108,5,19680510,130,10
15465,1968,112,31,19680930,273,10
15465,1968,112,4,19680409,99,10
15465,1968,113,5,19680406,96,10
15465,1968,114,5,19680824,236,10
15465,1968,116,5,19680318,77,10
15465,1968,117,5,19680613,164,10
15465,1968,117,62,19680914,257,10
15465,1968,118,5,19680504,124,10
15465,1968,118,8,19680428,118,10
15465,1968,120,5,19680419,109,10
15465,1968,121,4,19680521,141,10
15465,1968,121,5,19680614,165,10
15465,1968,122,31,19680915,258,10
15465,1968,122,4,19680417,107,10
15465,1968,122,5,19680430,120,10
15465,1968,122,62,19680911,254,10
15465,1968,123,31,19681018,291,10
15465,1968,123,4,19680421,111,10
15465,1968,123,5,19680427,117,10
15465,1968,124,5,19680309,68,10
15465,1968,125,5,19680422,112,10
15465,1968,127,5,19680317,76,10
15465,1968,129,5,19680617,168,10
15465,1968,129,62,19680828,240,10
15465,1968,130,4,19680421,111,10
15465,1968,130,5,19680624,175,10
15465,1968,131,5,19680424,114,10
15465,1968,132,31,19681025,298,10
15465,1968,132,4,19680425,115,10
15465,1968,132,5,19680514,134,10
15465,1968,132,62,19680913,256,10
15465,1968,135,6,19680615,166,10
15465,1968,136,6,19680617,168,10
15465,1968,137,5,19680609,160,10
15465,1968,138,5,19680514,134,10
15465,1968,201,25,19680529,149,10
15465,1968,202,10,19681023,296,10
15465,1968,202,12,19681120,324,10
15465,1968,202,21,19680809,221,10
15465,1968,202,24,19680823,235,10
15465,1968,203,15,19680502,122,10
15465,1968,203,18,19680511,131,10
15465,1968,203,21,19680726,207,10
15465,1968,203,24,19680811,223,10
15465,1968,203,6,19680604,155,10
15465,1968,204,18,19680517,137,10
15465,1968,204,21,19680715,196,10
15465,1968,204,24,19680721,202,10
15465,1968,205,10,19680814,226,10
15465,1968,205,12,19680818,230,10
15465,1968,205,24,19680711,192,10
15465,1968,205,5,19680512,132,10
15465,1968,207,10,19680321,80,10
15465,1968,207,12,19680410,100,10
15465,1968,207,21,19680730,211,10
15465,1968,207,24,19680808,220,10
15465,1968,208,10,19680312,71,10
15465,1968,208,12,19680324,83,10
15465,1968,208,24,19680827,239,10
15465,1968,208,66,19680614,165,10
15465,1968,215,10,19680509,129,10
15465,1968,215,24,19680917,260,10
15465,1968,215,6,19680817,229,10
15465,1968,252,10,19680411,101,10
15465,1968,252,12,19680523,143,10
15465,1968,252,24,19681015,288,10
15465,1968,253,10,19680409,99,10
15465,1968,253,12,19680506,126,10
15465,1968,253,24,19681010,283,10
15465,1968,310,5,19680429,119,10
15465,1968,310,7,19680509,129,10
15465,1968,311,29,19680812,224,10
15465,1968,313,29,19681017,290,10
15465,1968,320,5,19680426,116,10
15465,1968,320,7,19680509,129,10
15465,1968,322,29,19681013,286,10
15465,1968,330,5,19680419,109,10
15465,1968,330,7,19680428,118,10
15465,1968,332,29,19680708,189,10
15465,1968,340,29,19680728,209,10
15465,1968,340,5,19680422,112,10
15465,1968,340,7,19680503,123,10
15465,1968,350,29,19680730,211,10
15465,1968,350,4,19680401,91,10
15465,1968,350,5,19680423,113,10
15465,1968,371,29,19680817,229,10
15465,1968,372,29,19680918,261,10
15465,1969,102,5,19690501,121,10
15465,1969,103,62,19690802,214,10
15465,1969,112,31,19690928,271,10
15465,1969,112,4,19690506,126,10
15465,1969,113,5,19690410,100,10
15465,1969,114,5,19690730,211,10
15465,1969,115,5,19690828,240,10
15465,1969,116,5,19690407,97,10
15465,1969,117,62,19690901,244,10
15465,1969,120,5,19690511,131,10
15465,1969,122,31,19690929,272,10
15465,1969,122,4,19690507,127,10
15465,1969,123,31,19691001,274,10
15465,1969,123,4,19690506,126,10
15465,1969,124,5,19690414,104,10
15465,1969,125,5,19690511,131,10
15465,1969,127,5,19690401,91,10
15465,1969,128,4,19690424,114,10
15465,1969,128,5,19690411,101,10
15465,1969,129,62,19690824,236,10
15465,1969,130,4,19690508,128,10
15465,1969,131,5,19690504,124,10
15465,1969,132,31,19691002,275,10
15465,1969,136,6,19690625,176,10
15465,1969,137,5,19690620,171,10
15465,1969,201,25,19690620,171,10
15465,1969,202,10,19691026,299,10
15465,1969,202,21,19690812,224,10
15465,1969,202,24,19690816,228,10
15465,1969,203,15,19690531,151,10
15465,1969,203,24,19690804,216,10
15465,1969,203,6,19690622,173,10
15465,1969,204,21,19690719,200,10
15465,1969,204,24,19690723,204,10
15465,1969,205,10,19690910,253,10
15465,1969,205,12,19690910,253,10
15465,1969,205,24,19690719,200,10
15465,1969,207,10,19690327,86,10
15465,1969,207,21,19690731,212,10
15465,1969,207,24,19690818,230,10
15465,1969,208,10,19690410,100,10
15465,1969,208,12,19690424,114,10
15465,1969,208,21,19690801,213,10
15465,1969,208,24,19690825,237,10
15465,1969,215,10,19690520,140,10
15465,1969,215,24,19690903,246,10
15465,1969,215,6,19690803,215,10
15465,1969,252,10,19690510,130,10
15465,1969,252,24,19691011,284,10
15465,1969,253,24,19691103,307,10
15465,1969,310,5,19690514,134,10
15465,1969,310,7,19690521,141,10
15465,1969,311,29,19690727,208,10
15465,1969,313,29,19691010,283,10
15465,1969,320,5,19690516,136,10
15465,1969,320,7,19690521,141,10
15465,1969,321,29,19690822,234,10
15465,1969,322,29,19691012,285,10
15465,1969,330,5,19690508,128,10
15465,1969,330,7,19690515,135,10
15465,1969,331,29,19690614,165,10
15465,1969,332,29,19690708,189,10
15465,1969,340,29,19690716,197,10
15465,1969,340,5,19690512,132,10
15465,1969,340,7,19690517,137,10
15465,1969,350,29,19690709,190,10
15465,1969,350,4,19690422,112,10
15465,1969,350,5,19690507,127,10
15465,1969,371,29,19690828,240,10
15465,1969,372,29,19690925,268,10
15465,1970,102,5,19700421,111,10
15465,1970,103,5,19700606,157,10
15465,1970,103,62,19700918,261,10
15465,1970,107,5,19700530,150,10
15465,1970,107,8,19700510,130,10
15465,1970,108,5,19700517,137,10
15465,1970,112,31,19700912,255,10
15465,1970,112,4,19700427,117,10
15465,1970,113,5,19700305,64,10
15465,1970,114,5,19700801,213,10
15465,1970,115,5,19700828,240,10
15465,1970,116,5,19700420,110,10
15465,1970,117,5,19700616,167,10
15465,1970,117,62,19700901,244,10
15465,1970,118,5,19700624,175,10
15465,1970,118,8,19700510,130,10
15465,1970,120,5,19700513,133,10
15465,1970,122,31,19700930,273,10
15465,1970,122,4,19700505,125,10
15465,1970,122,5,19700519,139,10
15465,1970,122,62,19701007,280,10
15465,1970,123,31,19700929,272,10
15465,1970,123,4,19700506,126,10
15465,1970,123,5,19700529,149,10
15465,1970,123,62,19701001,274,10
15465,1970,124,5,19700415,105,10
15465,1970,125,5,19700525,145,10
15465,1970,127,5,19700311,70,10
15465,1970,129,5,19700619,170,10
15465,1970,129,62,19700907,250,10
15465,1970,130,4,19700505,125,10
15465,1970,130,5,19700628,179,10
15465,1970,131,5,19700509,129,10
15465,1970,132,31,19700929,272,10
15465,1970,132,62,19700909,252,10
15465,1970,135,6,19700617,168,10
15465,1970,136,6,19700628,179,10
15465,1970,137,4,19700507,127,10
15465,1970,137,5,19700623,174,10
15465,1970,138,5,19700605,156,10
15465,1970,201,25,19700611,162,10
15465,1970,202,10,19701010,283,10
15465,1970,202,12,19701102,306,10
15465,1970,202,15,19700512,132,10
15465,1970,202,18,19700625,176,10
15465,1970,202,21,19700820,232,10
15465,1970,202,24,19700830,242,10
15465,1970,204,10,19700924,267,10
15465,1970,204,12,19701004,277,10
15465,1970,204,15,19700508,128,10
15465,1970,204,18,19700607,158,10
15465,1970,204,21,19700715,196,10
15465,1970,204,24,19700722,203,10
15465,1970,205,10,19700822,234,10
15465,1970,205,12,19700822,234,10
15465,1970,205,24,19700723,204,10
15465,1970,205,5,19700618,169,10
15465,1970,207,10,19700418,108,10
15465,1970,207,12,19700428,118,10
15465,1970,207,15,19700518,138,10
15465,1970,207,18,19700626,177,10
15465,1970,207,21,19700810,222,10
15465,1970,207,24,19700815,227,10
15465,1970,208,10,19700418,108,10
15465,1970,208,12,19700428,118,10
15465,1970,208,21,19700812,224,10
15465,1970,208,24,19700815,227,10
15465,1970,208,66,19700627,178,10
15465,1970,215,10,19700511,131,10
15465,1970,215,24,19700920,263,10
15465,1970,215,6,19700807,219,10
15465,1970,252,10,19700506,126,10
15465,1970,252,12,19700516,136,10
15465,1970,252,24,19701002,275,10
15465,1970,253,10,19700506,126,10
15465,1970,253,12,19700516,136,10
15465,1970,253,24,19701012,285,10
15465,1970,310,5,19700517,137,10
15465,1970,310,6,19700520,140,10
15465,1970,310,7,19700529,149,10
15465,1970,311,29,19700726,207,10
15465,1970,313,29,19701020,293,10
15465,1970,320,5,19700512,132,10
15465,1970,320,6,19700517,137,10
15465,1970,320,7,19700527,147,10
15465,1970,322,29,19700927,270,10
15465,1970,330,5,19700506,126,10
15465,1970,330,6,19700513,133,10
15465,1970,330,7,19700516,136,10
15465,1970,331,29,19700622,173,10
15465,1970,332,29,19700629,180,10
15465,1970,340,29,19700802,214,10
15465,1970,340,5,19700510,130,10
15465,1970,340,6,19700523,143,10
15465,1970,340,7,19700521,141,10
15465,1970,350,29,19700713,194,10
15465,1970,350,4,19700415,105,10
15465,1970,350,5,19700504,124,10
15465,1970,372,29,19700927,270,10
15465,1971,102,5,19710409,99,10
15465,1971,103,62,19710915,258,10
15465,1971,104,4,19710510,130,10
15465,1971,107,5,19710524,144,10
15465,1971,107,8,19710527,147,10
15465,1971,108,5,19710512,132,10
15465,1971,112,31,19710924,267,10
15465,1971,112,4,19710411,101,10
15465,1971,113,5,19710301,60,10
15465,1971,114,5,19710724,205,10
15465,1971,115,5,19710923,266,10
15465,1971,116,5,19710410,100,10
15465,1971,117,5,19710603,154,10
15465,1971,117,62,19710918,261,10
15465,1971,118,5,19710525,145,10
15465,1971,120,5,19710428,118,10
15465,1971,121,4,19710510,130,10
15465,1971,121,5,19710610,161,10
15465,1971,122,31,19710925,268,10
15465,1971,122,4,19710418,108,10
15465,1971,122,5,19710513,133,10
15465,1971,122,62,19710917,260,10
15465,1971,123,31,19710926,269,10
15465,1971,123,4,19710421,111,10
15465,1971,123,62,19710912,255,10
15465,1971,124,5,19710406,96,10
15465,1971,127,5,19710220,51,10
15465,1971,129,5,19710604,155,10
15465,1971,129,62,19710916,259,10
15465,1971,130,4,19710421,111,10
15465,1971,130,5,19710701,182,10
15465,1971,132,31,19710926,269,10
15465,1971,132,62,19710909,252,10
15465,1971,134,5,19710509,129,10
15465,1971,135,6,19710609,160,10
15465,1971,136,6,19710608,159,10
15465,1971,137,4,19710503,123,10
15465,1971,137,5,19710702,183,10
15465,1971,201,25,19710606,157,10
15465,1971,201,27,19710727,208,10
15465,1971,202,10,19711002,275,10
15465,1971,202,12,19711018,291,10
15465,1971,202,15,19710510,130,10
15465,1971,202,18,19710615,166,10
15465,1971,202,21,19710806,218,10
15465,1971,202,24,19710818,230,10
15465,1971,203,10,19710930,273,10
15465,1971,203,12,19711014,287,10
15465,1971,204,10,19710917,260,10
15465,1971,204,12,19711001,274,10
15465,1971,204,15,19710426,116,10
15465,1971,204,18,19710520,140,10
15465,1971,204,21,19710704,185,10
15465,1971,204,24,19710712,193,10
15465,1971,205,10,19710827,239,10
15465,1971,205,12,19710907,250,10
15465,1971,205,24,19710714,195,10
15465,1971,205,5,19710504,124,10
15465,1971,206,10,19710317,76,10
15465,1971,206,12,19710412,102,10
15465,1971,206,15,19710512,132,10
15465,1971,206,18,19710625,176,10
15465,1971,206,21,19710818,230,10
15465,1971,206,24,19710830,242,10
15465,1971,207,10,19710319,78,10
15465,1971,207,12,19710326,85,10
15465,1971,207,15,19710515,135,10
15465,1971,207,18,19710606,157,10
15465,1971,207,21,19710729,210,10
15465,1971,207,24,19710810,222,10
15465,1971,208,10,19710319,78,10
15465,1971,208,12,19710402,92,10
15465,1971,208,15,19710515,135,10
15465,1971,208,21,19710805,217,10
15465,1971,208,24,19710816,228,10
15465,1971,208,66,19710613,164,10
15465,1971,215,10,19710505,125,10
15465,1971,215,12,19710515,135,10
15465,1971,215,24,19710910,253,10
15465,1971,215,6,19710808,220,10
15465,1971,252,10,19710410,100,10
15465,1971,252,12,19710508,128,10
15465,1971,252,24,19711006,279,10
15465,1971,253,10,19710406,96,10
15465,1971,253,12,19710430,120,10
15465,1971,253,24,19710929,272,10
15465,1971,310,5,19710509,129,10
15465,1971,310,6,19710513,133,10
15465,1971,310,7,19710516,136,10
15465,1971,311,29,19710820,232,10
15465,1971,313,29,19711012,285,10
15465,1971,320,5,19710505,125,10
15465,1971,320,6,19710509,129,10
15465,1971,320,7,19710512,132,10
15465,1971,322,29,19711017,290,10
15465,1971,330,5,19710420,110,10
15465,1971,330,6,19710423,113,10
15465,1971,330,7,19710506,126,10
15465,1971,331,29,19710613,164,10
15465,1971,332,29,19710702,183,10
15465,1971,340,29,19710725,206,10
15465,1971,340,5,19710501,121,10
15465,1971,340,6,19710505,125,10
15465,1971,340,7,19710507,127,10
15465,1971,350,29,19710629,180,10
15465,1971,350,4,19710408,98,10
15465,1971,371,29,19710814,226,10
15465,1971,372,29,19710918,261,10
15465,1972,102,5,19720402,92,10
15465,1972,103,5,19720506,126,10
15465,1972,103,62,19720810,222,10
15465,1972,104,4,19720507,127,10
15465,1972,105,5,19720417,107,10
15465,1972,105,61,19720409,99,10
15465,1972,107,8,19720520,140,10
15465,1972,108,5,19720512,132,10
15465,1972,112,31,19721001,274,10
15465,1972,112,4,19720418,108,10
15465,1972,113,5,19720213,44,10
15465,1972,114,5,19720803,215,10
15465,1972,115,5,19720922,265,10
15465,1972,116,5,19720403,93,10
15465,1972,117,5,19720612,163,10
15465,1972,117,62,19720917,260,10
15465,1972,118,8,19720520,140,10
15465,1972,120,5,19720427,117,10
15465,1972,121,4,19720511,131,10
15465,1972,121,5,19720623,174,10
15465,1972,122,31,19720930,273,10
15465,1972,122,4,19720416,106,10
15465,1972,122,5,19720521,141,10
15465,1972,122,62,19721006,279,10
15465,1972,123,31,19721002,275,10
15465,1972,123,4,19720501,121,10
15465,1972,123,5,19720517,137,10
15465,1972,125,5,19720516,136,10
15465,1972,127,5,19720209,40,10
15465,1972,129,5,19720614,165,10
15465,1972,129,62,19720901,244,10
15465,1972,130,4,19720415,105,10
15465,1972,130,5,19720709,190,10
15465,1972,131,5,19720506,126,10
15465,1972,132,31,19721003,276,10
15465,1972,132,62,19720908,251,10
15465,1972,136,6,19720617,168,10
15465,1972,137,4,19720415,105,10
15465,1972,137,5,19720720,201,10
15465,1972,138,5,19720519,139,10
15465,1972,201,25,19720528,148,10
15465,1972,201,27,19720722,203,10
15465,1972,202,10,19721025,298,10
15465,1972,202,12,19721031,304,10
15465,1972,202,15,19720502,122,10
15465,1972,202,18,19720610,161,10
15465,1972,202,21,19720819,231,10
15465,1972,202,24,19720829,241,10
15465,1972,203,10,19721004,277,10
15465,1972,203,12,19721024,297,10
15465,1972,204,10,19720922,265,10
15465,1972,204,12,19721009,282,10
15465,1972,204,15,19720423,113,10
15465,1972,204,18,19720614,165,10
15465,1972,204,21,19720719,200,10
15465,1972,204,24,19720726,207,10
15465,1972,205,10,19720827,239,10
15465,1972,205,12,19720909,252,10
15465,1972,205,24,19720720,201,10
15465,1972,205,5,19720504,124,10
15465,1972,206,10,19720302,61,10
15465,1972,206,12,19720330,89,10
15465,1972,206,18,19720618,169,10
15465,1972,206,21,19720827,239,10
15465,1972,206,24,19720829,241,10
15465,1972,207,10,19720209,40,10
15465,1972,207,12,19720318,77,10
15465,1972,207,15,19720514,134,10
15465,1972,207,18,19720622,173,10
15465,1972,207,21,19720729,210,10
15465,1972,207,24,19720815,227,10
15465,1972,208,10,19720214,45,10
15465,1972,208,12,19720323,82,10
15465,1972,208,15,19720514,134,10
15465,1972,208,21,19720817,229,10
15465,1972,208,24,19720917,260,10
15465,1972,208,66,19720629,180,10
15465,1972,215,10,19720427,117,10
15465,1972,215,12,19720521,141,10
15465,1972,215,24,19720904,247,10
15465,1972,215,6,19720822,234,10
15465,1972,215,65,19720805,217,10
15465,1972,215,67,19720706,187,10
15465,1972,252,10,19720426,116,10
15465,1972,252,12,19720514,134,10
15465,1972,252,24,19721001,274,10
15465,1972,253,10,19720325,84,10
15465,1972,253,12,19720507,127,10
15465,1972,253,24,19721009,282,10
15465,1972,310,5,19720506,126,10
15465,1972,310,6,19720510,130,10
15465,1972,310,7,19720519,139,10
15465,1972,311,29,19720803,215,10
15465,1972,313,29,19721006,279,10
15465,1972,320,5,19720425,115,10
15465,1972,320,6,19720506,126,10
15465,1972,320,7,19720513,133,10
15465,1972,321,29,19720810,222,10
15465,1972,322,29,19721020,293,10
15465,1972,330,5,19720414,104,10
15465,1972,330,6,19720425,115,10
15465,1972,330,7,19720506,126,10
15465,1972,331,29,19720614,165,10
15465,1972,332,29,19720626,177,10
15465,1972,340,29,19720722,203,10
15465,1972,340,5,19720503,123,10
15465,1972,340,6,19720513,133,10
15465,1972,340,7,19720430,120,10
15465,1972,350,29,19720718,199,10
15465,1972,350,4,19720325,84,10
15465,1972,350,5,19720411,101,10
15465,1972,371,29,19720814,226,10
15465,1972,372,29,19720906,249,10
15465,1973,102,5,19730404,94,10
15465,1973,103,5,19730522,142,10
15465,1973,103,62,19730816,228,10
15465,1973,104,4,19730509,129,10
15465,1973,105,5,19730417,107,10
15465,1973,105,61,19730501,121,10
15465,1973,107,8,19730519,139,10
15465,1973,108,5,19730520,140,10
15465,1973,112,31,19731012,285,10
15465,1973,112,4,19730502,122,10
15465,1973,113,5,19730315,74,10
15465,1973,114,5,19730805,217,10
15465,1973,116,5,19730319,78,10
15465,1973,117,5,19730618,169,10
15465,1973,117,62,19730918,261,10
15465,1973,118,8,19730506,126,10
15465,1973,119,5,19730406,96,10
15465,1973,120,5,19730505,125,10
15465,1973,121,4,19730521,141,10
15465,1973,121,5,19730614,165,10
15465,1973,122,31,19731007,280,10
15465,1973,122,4,19730503,123,10
15465,1973,122,5,19730519,139,10
15465,1973,122,62,19731010,283,10
15465,1973,123,31,19731009,282,10
15465,1973,123,4,19730508,128,10
15465,1973,123,5,19730508,128,10
15465,1973,123,62,19730914,257,10
15465,1973,124,5,19730326,85,10
15465,1973,125,5,19730428,118,10
15465,1973,127,5,19730220,51,10
15465,1973,129,5,19730615,166,10
15465,1973,129,62,19730902,245,10
15465,1973,130,4,19730505,125,10
15465,1973,130,5,19730628,179,10
15465,1973,131,5,19730515,135,10
15465,1973,132,31,19731009,282,10
15465,1973,132,4,19730517,137,10
15465,1973,132,5,19730512,132,10
15465,1973,132,62,19731007,280,10
15465,1973,135,6,19730614,165,10
15465,1973,136,6,19730609,160,10
15465,1973,137,4,19730503,123,10
15465,1973,137,5,19730628,179,10
15465,1973,138,5,19730521,141,10
15465,1973,201,25,19730614,165,10
15465,1973,201,27,19730730,211,10
15465,1973,202,10,19731010,283,10
15465,1973,202,12,19731024,297,10
15465,1973,202,15,19730504,124,10
15465,1973,202,18,19730609,160,10
15465,1973,202,21,19730806,218,10
15465,1973,202,24,19730810,222,10
15465,1973,203,18,19730609,160,10
15465,1973,203,21,19730729,210,10
15465,1973,203,24,19730809,221,10
15465,1973,203,6,19730617,168,10
15465,1973,204,10,19730920,263,10
15465,1973,204,12,19730930,273,10
15465,1973,204,15,19730426,116,10
15465,1973,204,18,19730502,122,10
15465,1973,204,21,19730706,187,10
15465,1973,204,24,19730720,201,10
15465,1973,205,10,19730820,232,10
15465,1973,205,12,19730830,242,10
15465,1973,205,24,19730722,203,10
15465,1973,205,5,19730515,135,10
15465,1973,207,10,19730315,74,10
15465,1973,207,12,19730413,103,10
15465,1973,207,15,19730513,133,10
15465,1973,207,18,19730528,148,10
15465,1973,207,21,19730803,215,10
15465,1973,207,24,19730807,219,10
15465,1973,208,10,19730316,75,10
15465,1973,208,12,19730413,103,10
15465,1973,208,15,19730514,134,10
15465,1973,208,21,19730809,221,10
15465,1973,208,24,19730809,221,10
15465,1973,208,66,19730624,175,10
15465,1973,215,10,19730511,131,10
15465,1973,215,12,19730521,141,10
15465,1973,215,24,19731001,274,10
15465,1973,215,6,19730808,220,10
15465,1973,252,10,19730425,115,10
15465,1973,252,12,19730507,127,10
15465,1973,252,24,19731002,275,10
15465,1973,253,10,19730423,113,10
15465,1973,253,12,19730510,130,10
15465,1973,253,24,19731004,277,10
15465,1973,310,5,19730519,139,10
15465,1973,310,6,19730520,140,10
15465,1973,310,7,19730524,144,10
15465,1973,311,29,19730725,206,10
15465,1973,313,29,19730927,270,10
15465,1973,320,5,19730508,128,10
15465,1973,320,6,19730519,139,10
15465,1973,320,7,19730523,143,10
15465,1973,321,29,19730813,225,10
15465,1973,322,29,19731013,286,10
15465,1973,330,5,19730502,122,10
15465,1973,330,6,19730504,124,10
15465,1973,330,7,19730514,134,10
15465,1973,331,29,19730624,175,10
15465,1973,332,29,19730713,194,10
15465,1973,340,29,19730727,208,10
15465,1973,340,5,19730514,134,10
15465,1973,340,6,19730520,140,10
15465,1973,340,7,19730526,146,10
15465,1973,350,29,19730720,201,10
15465,1973,350,4,19730406,96,10
15465,1973,350,5,19730427,117,10
15465,1973,371,29,19730817,229,10
15465,1973,372,29,19730918,261,10
15465,1974,102,5,19740405,95,10
15465,1974,103,5,19740515,135,10
15465,1974,103,62,19740818,230,10
15465,1974,104,4,19740515,135,10
15465,1974,105,61,19740405,95,10
15465,1974,107,5,19740519,139,10
15465,1974,107,8,19740515,135,10
15465,1974,108,5,19740512,132,10
15465,1974,112,31,19741015,288,10
15465,1974,112,4,19740406,96,10
15465,1974,113,5,19740126,26,10
15465,1974,114,5,19740818,230,10
15465,1974,116,5,19740406,96,10
15465,1974,117,5,19740611,162,10
15465,1974,117,62,19740919,262,10
15465,1974,118,8,19740520,140,10
15465,1974,120,5,19740412,102,10
15465,1974,121,4,19740515,135,10
15465,1974,121,5,19740616,167,10
15465,1974,122,31,19741012,285,10
15465,1974,122,4,19740407,97,10
15465,1974,122,5,19740515,135,10
15465,1974,122,62,19741012,285,10
15465,1974,123,31,19741015,288,10
15465,1974,123,4,19740414,104,10
15465,1974,123,62,19740925,268,10
15465,1974,125,5,19740407,97,10
15465,1974,127,5,19740127,27,10
15465,1974,129,5,19740611,162,10
15465,1974,129,62,19740914,257,10
15465,1974,130,4,19740414,104,10
15465,1974,130,5,19740709,190,10
15465,1974,131,5,19740425,115,10
15465,1974,132,31,19741022,295,10
15465,1974,132,5,19740520,140,10
15465,1974,135,6,19740522,142,10
15465,1974,136,6,19740530,150,10
15465,1974,137,4,19740424,114,10
15465,1974,137,5,19740719,200,10
15465,1974,138,5,19740521,141,10
15465,1974,201,25,19740530,150,10
15465,1974,201,27,19740711,192,10
15465,1974,202,10,19741108,312,10
15465,1974,202,12,19741123,327,10
15465,1974,202,15,19740430,120,10
15465,1974,202,18,19740619,170,10
15465,1974,202,21,19740818,230,10
15465,1974,202,24,19740824,236,10
15465,1974,204,10,19740917,260,10
15465,1974,204,12,19741002,275,10
15465,1974,204,15,19740412,102,10
15465,1974,204,18,19740515,135,10
15465,1974,204,21,19740709,190,10
15465,1974,204,24,19740727,208,10
15465,1974,205,10,19740903,246,10
15465,1974,205,12,19740912,255,10
15465,1974,205,24,19740819,231,10
15465,1974,205,5,19740510,130,10
15465,1974,206,10,19740219,50,10
15465,1974,206,12,19740316,75,10
15465,1974,207,10,19740220,51,10
15465,1974,207,12,19740319,78,10
15465,1974,207,15,19740430,120,10
15465,1974,207,18,19740609,160,10
15465,1974,207,21,19740815,227,10
15465,1974,207,24,19740818,230,10
15465,1974,208,10,19740221,52,10
15465,1974,208,12,19740318,77,10
15465,1974,208,15,19740503,123,10
15465,1974,208,66,19740622,173,10
15465,1974,215,10,19740515,135,10
15465,1974,215,12,19740522,142,10
15465,1974,215,24,19741007,280,10
15465,1974,215,6,19740808,220,10
15465,1974,215,65,19740819,231,10
15465,1974,252,10,19740408,98,10
15465,1974,252,12,19740510,130,10
15465,1974,252,24,19741010,283,10
15465,1974,253,10,19740405,95,10
15465,1974,253,12,19740425,115,10
15465,1974,253,24,19741109,313,10
15465,1974,310,5,19740505,125,10
15465,1974,310,6,19740511,131,10
15465,1974,310,7,19740517,137,10
15465,1974,311,29,19740803,215,10
15465,1974,320,5,19740410,100,10
15465,1974,320,6,19740414,104,10
15465,1974,320,7,19740506,126,10
15465,1974,321,29,19740814,226,10
15465,1974,322,29,19741015,288,10
15465,1974,330,5,19740409,99,10
15465,1974,330,6,19740417,107,10
15465,1974,330,7,19740420,110,10
15465,1974,332,29,19740704,185,10
15465,1974,340,29,19740729,210,10
15465,1974,340,5,19740420,110,10
15465,1974,340,6,19740427,117,10
15465,1974,340,7,19740515,135,10
15465,1974,350,29,19740720,201,10
15465,1974,350,4,19740327,86,10
15465,1974,350,5,19740405,95,10
15465,1974,372,29,19740922,265,10
15465,1975,102,5,19750415,105,10
15465,1975,103,5,19750530,150,10
15465,1975,103,62,19750828,240,10
15465,1975,104,4,19750524,144,10
15465,1975,105,5,19750508,128,10
15465,1975,105,61,19750427,117,10
15465,1975,107,5,19750506,126,10
15465,1975,107,8,19750510,130,10
15465,1975,108,5,19750513,133,10
15465,1975,112,31,19751001,274,10
15465,1975,112,4,19750427,117,10
15465,1975,113,5,19750128,28,10
15465,1975,114,5,19750804,216,10
15465,1975,117,5,19750615,166,10
15465,1975,117,62,19750922,265,10
15465,1975,118,5,19750515,135,10
15465,1975,118,8,19750510,130,10
15465,1975,119,5,19750405,95,10
15465,1975,120,5,19750429,119,10
15465,1975,121,4,19750518,138,10
15465,1975,122,31,19751005,278,10
15465,1975,122,4,19750427,117,10
15465,1975,122,5,19750522,142,10
15465,1975,122,62,19751008,281,10
15465,1975,123,31,19751004,277,10
15465,1975,123,4,19750502,122,10
15465,1975,123,62,19750911,254,10
15465,1975,125,5,19750427,117,10
15465,1975,127,5,19750203,34,10
15465,1975,129,5,19750613,164,10
15465,1975,129,62,19750917,260,10
15465,1975,130,4,19750427,117,10
15465,1975,130,5,19750704,185,10
15465,1975,131,5,19750511,131,10
15465,1975,132,31,19751010,283,10
15465,1975,132,4,19750507,127,10
15465,1975,132,5,19750514,134,10
15465,1975,132,62,19751005,278,10
15465,1975,134,5,19750412,102,10
15465,1975,135,6,19750520,140,10
15465,1975,136,6,19750609,160,10
15465,1975,137,4,19750507,127,10
15465,1975,137,5,19750724,205,10
15465,1975,138,5,19750512,132,10
15465,1975,201,25,19750530,150,10
15465,1975,201,27,19750629,180,10
15465,1975,202,10,19751017,290,10
15465,1975,202,12,19751106,310,10
15465,1975,202,15,19750510,130,10
15465,1975,202,18,19750607,158,10
15465,1975,202,21,19750724,205,10
15465,1975,202,24,19750806,218,10
15465,1975,204,10,19750912,255,10
15465,1975,204,12,19750922,265,10
15465,1975,204,15,19750430,120,10
15465,1975,204,18,19750523,143,10
15465,1975,204,21,19750714,195,10
15465,1975,204,24,19750724,205,10
15465,1975,205,24,19750806,218,10
15465,1975,205,5,19750502,122,10
15465,1975,206,10,19750222,53,10
15465,1975,206,12,19750321,80,10
15465,1975,206,15,19750530,150,10
15465,1975,206,18,19750621,172,10
15465,1975,206,21,19750803,215,10
15465,1975,206,24,19750818,230,10
15465,1975,207,10,19750311,70,10
15465,1975,207,12,19750410,100,10
15465,1975,207,15,19750604,155,10
15465,1975,207,18,19750621,172,10
15465,1975,207,21,19750806,218,10
15465,1975,207,24,19750814,226,10
15465,1975,208,10,19750311,70,10
15465,1975,208,12,19750415,105,10
15465,1975,208,21,19750808,220,10
15465,1975,208,24,19750820,232,10
15465,1975,208,66,19750627,178,10
15465,1975,215,10,19750502,122,10
15465,1975,215,12,19750521,141,10
15465,1975,215,24,19750925,268,10
15465,1975,215,6,19750806,218,10
15465,1975,215,65,19750728,209,10
15465,1975,215,67,19750621,172,10
15465,1975,252,10,19750426,116,10
15465,1975,252,12,19750510,130,10
15465,1975,252,24,19751013,286,10
15465,1975,253,10,19750425,115,10
15465,1975,253,12,19750515,135,10
15465,1975,253,24,19751007,280,10
15465,1975,310,5,19750510,130,10
15465,1975,310,6,19750513,133,10
15465,1975,310,7,19750520,140,10
15465,1975,311,29,19750807,219,10
15465,1975,320,5,19750427,117,10
15465,1975,320,6,19750429,119,10
15465,1975,320,7,19750509,129,10
15465,1975,321,29,19750829,241,10
15465,1975,322,29,19750927,270,10
15465,1975,330,5,19750427,117,10
15465,1975,330,6,19750429,119,10
15465,1975,330,7,19750505,125,10
15465,1975,331,29,19750624,175,10
15465,1975,332,29,19750715,196,10
15465,1975,340,29,19750721,202,10
15465,1975,340,5,19750501,121,10
15465,1975,340,6,19750506,126,10
15465,1975,340,7,19750511,131,10
15465,1975,350,29,19750725,206,10
15465,1975,350,4,19750331,90,10
15465,1975,350,5,19750427,117,10
15465,1975,372,29,19750912,255,10
15465,1976,102,5,19760419,109,10
15465,1976,104,4,19760516,136,10
15465,1976,105,61,19760423,113,10
15465,1976,107,8,19760522,142,10
15465,1976,108,5,19760514,134,10
15465,1976,112,31,19760929,272,10
15465,1976,112,4,19760429,119,10
15465,1976,113,5,19760225,56,10
15465,1976,114,5,19760805,217,10
15465,1976,116,5,19760412,102,10
15465,1976,117,5,19760612,163,10
15465,1976,117,62,19760908,251,10
15465,1976,118,8,19760603,154,10
15465,1976,120,5,19760430,120,10
15465,1976,121,4,19760516,136,10
15465,1976,121,5,19760616,167,10
15465,1976,122,31,19760916,259,10
15465,1976,122,4,19760501,121,10
15465,1976,122,5,19760514,134,10
15465,1976,122,62,19760908,251,10
15465,1976,123,31,19761002,275,10
15465,1976,123,4,19760429,119,10
15465,1976,123,5,19760511,131,10
15465,1976,123,62,19760919,262,10
15465,1976,124,5,19760325,84,10
15465,1976,125,5,19760503,123,10
15465,1976,127,5,19760225,56,10
15465,1976,128,4,19760514,134,10
15465,1976,129,5,19760611,162,10
15465,1976,129,62,19760907,250,10
15465,1976,130,4,19760505,125,10
15465,1976,130,5,19760622,173,10
15465,1976,131,5,19760520,140,10
15465,1976,132,31,19761016,289,10
15465,1976,132,4,19760521,141,10
15465,1976,132,5,19760514,134,10
15465,1976,132,62,19760925,268,10
15465,1976,134,5,19760508,128,10
15465,1976,135,6,19760525,145,10
15465,1976,136,6,19760606,157,10
15465,1976,137,4,19760507,127,10
15465,1976,137,5,19760620,171,10
15465,1976,138,5,19760514,134,10
15465,1976,201,25,19760608,159,10
15465,1976,202,10,19761026,299,10
15465,1976,202,12,19761125,329,10
15465,1976,202,15,19760519,139,10
15465,1976,202,18,19760609,160,10
15465,1976,202,21,19760714,195,10
15465,1976,204,15,19760509,129,10
15465,1976,204,18,19760521,141,10
15465,1976,204,21,19760630,181,10
15465,1976,204,24,19760712,193,10
15465,1976,206,10,19760302,61,10
15465,1976,206,12,19760412,102,10
15465,1976,206,18,19760627,178,10
15465,1976,206,21,19760803,215,10
15465,1976,206,24,19760817,229,10
15465,1976,208,10,19760302,61,10
15465,1976,208,12,19760411,101,10
15465,1976,208,24,19760819,231,10
15465,1976,215,10,19760425,115,10
15465,1976,215,12,19760518,138,10
15465,1976,215,24,19760916,259,10
15465,1976,215,6,19760722,203,10
15465,1976,215,65,19760628,179,10
15465,1976,252,10,19760419,109,10
15465,1976,252,12,19760519,139,10
15465,1976,252,24,19761006,279,10
15465,1976,253,10,19760419,109,10
15465,1976,253,12,19760519,139,10
15465,1976,253,24,19760928,271,10
15465,1976,310,5,19760509,129,10
15465,1976,310,6,19760509,129,10
15465,1976,310,7,19760516,136,10
15465,1976,311,29,19760726,207,10
15465,1976,313,29,19761006,279,10
15465,1976,320,5,19760504,124,10
15465,1976,320,6,19760506,126,10
15465,1976,320,7,19760515,135,10
15465,1976,321,29,19760822,234,10
15465,1976,322,29,19761009,282,10
15465,1976,330,5,19760430,120,10
15465,1976,330,6,19760503,123,10
15465,1976,330,7,19760510,130,10
15465,1976,331,29,19760624,175,10
15465,1976,332,29,19760711,192,10
15465,1976,340,29,19760727,208,10
15465,1976,340,5,19760506,126,10
15465,1976,340,6,19760509,129,10
15465,1976,340,7,19760515,135,10
15465,1976,350,29,19760723,204,10
15465,1976,350,4,19760405,95,10
15465,1976,350,5,19760424,114,10
15465,1976,371,29,19760809,221,10
15465,1976,372,29,19760906,249,10
15465,1977,102,5,19770410,100,10
15465,1977,103,5,19770519,139,10
15465,1977,103,62,19770820,232,10
15465,1977,104,4,19770510,130,10
15465,1977,105,5,19770409,99,10
15465,1977,105,61,19770418,108,10
15465,1977,107,5,19770521,141,10
15465,1977,107,8,19770517,137,10
15465,1977,108,5,19770513,133,10
15465,1977,112,31,19771005,278,10
15465,1977,112,4,19770426,116,10
15465,1977,113,5,19770204,35,10
15465,1977,114,5,19770813,225,10
15465,1977,116,5,19770315,74,10
15465,1977,117,5,19770615,166,10
15465,1977,117,62,19770920,263,10
15465,1977,118,5,19770522,142,10
15465,1977,118,8,19770503,123,10
15465,1977,119,5,19770411,101,10
15465,1977,120,5,19770428,118,10
15465,1977,121,4,19770525,145,10
15465,1977,121,5,19770621,172,10
15465,1977,122,31,19771007,280,10
15465,1977,122,4,19770428,118,10
15465,1977,122,5,19770515,135,10
15465,1977,122,62,19771006,279,10
15465,1977,123,31,19771006,279,10
15465,1977,123,4,19770505,125,10
15465,1977,123,5,19770505,125,10
15465,1977,123,62,19770916,259,10
15465,1977,124,5,19770315,74,10
15465,1977,125,5,19770420,110,10
15465,1977,127,5,19770210,41,10
15465,1977,129,5,19770614,165,10
15465,1977,129,62,19771002,275,10
15465,1977,130,4,19770429,119,10
15465,1977,130,5,19770704,185,10
15465,1977,131,5,19770509,129,10
15465,1977,132,31,19771017,290,10
15465,1977,132,4,19770516,136,10
15465,1977,132,5,19770511,131,10
15465,1977,132,62,19770925,268,10
15465,1977,135,6,19770528,148,10
15465,1977,136,6,19770605,156,10
15465,1977,137,4,19770505,125,10
15465,1977,137,5,19770705,186,10
15465,1977,138,5,19770526,146,10
15465,1977,201,25,19770601,152,10
15465,1977,201,27,19770707,188,10
15465,1977,202,10,19771020,293,10
15465,1977,202,12,19771028,301,10
15465,1977,202,15,19770508,128,10
15465,1977,202,18,19770616,167,10
15465,1977,202,21,19770816,228,10
15465,1977,202,24,19770828,240,10
15465,1977,204,10,19770927,270,10
15465,1977,204,12,19771010,283,10
15465,1977,204,18,19770521,141,10
15465,1977,204,21,19770719,200,10
15465,1977,204,24,19770802,214,10
15465,1977,206,10,19770311,70,10
15465,1977,206,12,19770324,83,10
15465,1977,206,18,19770702,183,10
15465,1977,206,21,19770823,235,10
15465,1977,206,24,19770830,242,10
15465,1977,215,10,19770427,117,10
15465,1977,215,12,19770516,136,10
15465,1977,215,24,19770922,265,10
15465,1977,215,6,19770818,230,10
15465,1977,252,10,19770429,119,10
15465,1977,252,12,19770520,140,10
15465,1977,252,24,19771007,280,10
15465,1977,253,10,19770428,118,10
15465,1977,253,12,19770520,140,10
15465,1977,253,24,19771013,286,10
15465,1977,310,5,19770508,128,10
15465,1977,310,6,19770513,133,10
15465,1977,310,7,19770520,140,10
15465,1977,311,29,19770801,213,10
15465,1977,313,29,19771008,281,10
15465,1977,320,5,19770430,120,10
15465,1977,320,6,19770503,123,10
15465,1977,320,7,19770514,134,10
15465,1977,322,29,19770917,260,10
15465,1977,330,5,19770422,112,10
15465,1977,330,6,19770426,116,10
15465,1977,330,7,19770503,123,10
15465,1977,331,29,19770701,182,10
15465,1977,332,29,19770721,202,10
15465,1977,340,29,19770728,209,10
15465,1977,340,5,19770503,123,10
15465,1977,340,6,19770507,127,10
15465,1977,340,7,19770513,133,10
15465,1977,350,29,19770729,210,10
15465,1977,350,4,19770313,72,10
15465,1977,350,5,19770406,96,10
15465,1977,372,29,19770926,269,10
15465,1978,102,5,19780415,105,10
15465,1978,103,5,19780526,146,10
15465,1978,103,62,19780817,229,10
15465,1978,104,4,19780520,140,10
15465,1978,105,61,19780428,118,10
15465,1978,107,8,19780520,140,10
15465,1978,108,5,19780514,134,10
15465,1978,112,31,19781017,290,10
15465,1978,112,4,19780425,115,10
15465,1978,113,5,19780303,62,10
15465,1978,114,5,19780815,227,10
15465,1978,116,5,19780411,101,10
15465,1978,117,5,19780614,165,10
15465,1978,117,62,19781018,291,10
15465,1978,118,8,19780509,129,10
15465,1978,119,5,19780404,94,10
15465,1978,120,5,19780426,116,10
15465,1978,121,4,19780523,143,10
15465,1978,121,5,19780617,168,10
15465,1978,122,31,19781002,275,10
15465,1978,122,4,19780428,118,10
15465,1978,122,5,19780516,136,10
15465,1978,122,62,19780927,270,10
15465,1978,123,31,19781007,280,10
15465,1978,123,4,19780501,121,10
15465,1978,123,5,19780523,143,10
15465,1978,123,62,19780913,256,10
15465,1978,124,5,19780308,67,10
15465,1978,125,5,19780506,126,10
15465,1978,127,5,19780226,57,10
15465,1978,129,5,19780609,160,10
15465,1978,129,62,19780927,270,10
15465,1978,130,4,19780427,117,10
15465,1978,130,5,19780703,184,10
15465,1978,131,5,19780514,134,10
15465,1978,132,31,19781016,289,10
15465,1978,132,4,19780512,132,10
15465,1978,132,5,19780506,126,10
15465,1978,132,62,19781006,279,10
15465,1978,135,6,19780528,148,10
15465,1978,136,6,19780607,158,10
15465,1978,137,4,19780506,126,10
15465,1978,137,5,19780630,181,10
15465,1978,138,5,19780518,138,10
15465,1978,201,25,19780531,151,10
15465,1978,201,27,19780612,163,10
15465,1978,202,10,19781005,278,10
15465,1978,202,12,19781017,290,10
15465,1978,202,15,19780510,130,10
15465,1978,202,18,19780609,160,10
15465,1978,202,21,19780821,233,10
15465,1978,202,24,19780828,240,10
15465,1978,204,10,19780912,255,10
15465,1978,204,12,19780920,263,10
15465,1978,204,15,19780425,115,10
15465,1978,204,18,19780525,145,10
15465,1978,204,21,19780721,202,10
15465,1978,204,24,19780727,208,10
15465,1978,207,10,19780412,102,10
15465,1978,207,12,19780425,115,10
15465,1978,207,18,19780614,165,10
15465,1978,207,21,19780815,227,10
15465,1978,207,24,19780824,236,10
15465,1978,208,10,19780406,96,10
15465,1978,208,12,19780425,115,10
15465,1978,208,21,19780902,245,10
15465,1978,208,24,19780917,260,10
15465,1978,208,66,19780704,185,10
15465,1978,215,10,19780504,124,10
15465,1978,215,12,19780524,144,10
15465,1978,215,24,19780919,262,10
15465,1978,215,6,19780820,232,10
15465,1978,252,10,19780426,116,10
15465,1978,252,12,19780512,132,10
15465,1978,252,24,19781007,280,10
15465,1978,253,10,19780426,116,10
15465,1978,253,12,19780510,130,10
15465,1978,253,24,19781009,282,10
15465,1978,310,5,19780515,135,10
15465,1978,310,6,19780518,138,10
15465,1978,310,7,19780526,146,10
15465,1978,311,29,19780730,211,10
15465,1978,313,29,19781018,291,10
15465,1978,320,5,19780502,122,10
15465,1978,320,6,19780504,124,10
15465,1978,320,7,19780520,140,10
15465,1978,321,29,19780823,235,10
15465,1978,322,29,19781012,285,10
15465,1978,330,5,19780423,113,10
15465,1978,330,6,19780428,118,10
15465,1978,330,7,19780516,136,10
15465,1978,331,29,19780711,192,10
15465,1978,332,29,19780802,214,10
15465,1978,340,29,19780808,220,10
15465,1978,340,5,19780506,126,10
15465,1978,340,6,19780506,126,10
15465,1978,340,7,19780518,138,10
15465,1978,350,29,19780729,210,10
15465,1978,350,4,19780402,92,10
15465,1978,350,5,19780422,112,10
15465,1978,371,29,19780917,260,10
15465,1978,372,29,19781001,274,10
15465,1979,102,5,19790410,100,10
15465,1979,103,5,19790601,152,10
15465,1979,103,62,19790906,249,10
15465,1979,104,4,19790530,150,10
15465,1979,105,61,19790430,120,10
15465,1979,112,31,19791003,276,10
15465,1979,112,4,19790426,116,10
15465,1979,113,5,19790313,72,10
15465,1979,114,5,19790810,222,10
15465,1979,116,5,19790405,95,10
15465,1979,117,5,19790624,175,10
15465,1979,117,62,19791019,292,10
15465,1979,119,5,19790421,111,10
15465,1979,120,5,19790508,128,10
15465,1979,121,4,19790518,138,10
15465,1979,121,5,19790611,162,10
15465,1979,122,31,19791009,282,10
15465,1979,122,4,19790505,125,10
15465,1979,122,5,19790529,149,10
15465,1979,122,62,19791013,286,10
15465,1979,123,31,19791007,280,10
15465,1979,123,4,19790509,129,10
15465,1979,123,62,19790918,261,10
15465,1979,124,5,19790415,105,10
15465,1979,125,5,19790503,123,10
15465,1979,127,5,19790306,65,10
15465,1979,129,5,19790611,162,10
15465,1979,129,62,19790909,252,10
15465,1979,130,4,19790507,127,10
15465,1979,130,5,19790625,176,10
15465,1979,132,31,19791011,284,10
15465,1979,132,4,19790520,140,10
15465,1979,132,62,19791009,282,10
15465,1979,135,6,19790601,152,10
15465,1979,136,6,19790609,160,10
15465,1979,137,4,19790515,135,10
15465,1979,138,5,19790523,143,10
15465,1979,201,25,19790610,161,10
15465,1979,201,27,19790719,200,10
15465,1979,202,10,19791017,290,10
15465,1979,202,12,19791122,326,10
15465,1979,202,15,19790518,138,10
15465,1979,202,18,19790605,156,10
15465,1979,202,21,19790817,229,10
15465,1979,202,24,19790825,237,10
15465,1979,204,10,19790912,255,10
15465,1979,204,12,19790928,271,10
15465,1979,204,15,19790510,130,10
15465,1979,204,18,19790601,152,10
15465,1979,204,21,19790724,205,10
15465,1979,204,24,19790805,217,10
15465,1979,206,10,19790324,83,10
15465,1979,206,12,19790422,112,10
15465,1979,206,18,19790622,173,10
15465,1979,206,21,19790822,234,10
15465,1979,206,24,19790907,250,10
15465,1979,207,10,19790413,103,10
15465,1979,207,12,19790430,120,10
15465,1979,207,18,19790626,177,10
15465,1979,207,21,19790818,230,10
15465,1979,207,24,19790903,246,10
15465,1979,215,24,19790917,260,10
15465,1979,252,10,19790512,132,10
15465,1979,252,12,19790523,143,10
15465,1979,252,24,19791017,290,10
15465,1979,253,10,19790510,130,10
15465,1979,253,12,19790522,142,10
15465,1979,253,24,19791018,291,10
15465,1979,310,5,19790519,139,10
15465,1979,310,6,19790521,141,10
15465,1979,310,7,19790524,144,10
15465,1979,311,29,19790805,217,10
15465,1979,313,29,19791008,281,10
15465,1979,320,5,19790515,135,10
15465,1979,320,6,19790517,137,10
15465,1979,320,7,19790525,145,10
15465,1979,321,29,19790823,235,10
15465,1979,322,29,19791015,288,10
15465,1979,330,5,19790512,132,10
15465,1979,330,6,19790514,134,10
15465,1979,330,7,19790521,141,10
15465,1979,331,29,19790619,170,10
15465,1979,332,29,19790719,200,10
15465,1979,340,29,19790727,208,10
15465,1979,340,5,19790510,130,10
15465,1979,340,6,19790518,138,10
15465,1979,340,7,19790525,145,10
15465,1979,350,29,19790729,210,10
15465,1979,350,4,19790407,97,10
15465,1979,350,5,19790507,127,10
15465,1979,372,29,19790828,240,10
15465,1980,102,5,19800422,112,10
15465,1980,103,62,19800831,243,10
15465,1980,104,4,19800520,140,10
15465,1980,105,5,19800514,134,10
15465,1980,105,61,19800419,109,10
15465,1980,107,5,19800523,143,10
15465,1980,107,8,19800516,136,10
15465,1980,108,5,19800520,140,10
15465,1980,112,31,19801009,282,10
15465,1980,112,4,19800429,119,10
15465,1980,113,5,19800302,61,10
15465,1980,114,5,19800817,229,10
15465,1980,116,5,19800418,108,10
15465,1980,117,5,19800613,164,10
15465,1980,117,62,19800923,266,10
15465,1980,118,5,19800521,141,10
15465,1980,118,8,19800502,122,10
15465,1980,120,5,19800504,124,10
15465,1980,121,4,19800602,153,10
15465,1980,121,5,19800617,168,10
15465,1980,122,31,19801011,284,10
15465,1980,122,4,19800427,117,10
15465,1980,122,5,19800518,138,10
15465,1980,122,62,19801002,275,10
15465,1980,123,31,19801012,285,10
15465,1980,123,4,19800501,121,10
15465,1980,123,5,19800510,130,10
15465,1980,123,62,19800924,267,10
15465,1980,124,5,19800328,87,10
15465,1980,125,5,19800507,127,10
15465,1980,127,5,19800219,50,10
15465,1980,129,5,19800616,167,10
15465,1980,129,62,19800918,261,10
15465,1980,130,4,19800502,122,10
15465,1980,130,5,19800705,186,10
15465,1980,131,5,19800514,134,10
15465,1980,132,31,19801014,287,10
15465,1980,132,4,19800526,146,10
15465,1980,132,5,19800518,138,10
15465,1980,132,62,19800929,272,10
15465,1980,135,6,19800530,150,10
15465,1980,136,6,19800612,163,10
15465,1980,137,4,19800512,132,10
15465,1980,137,5,19800629,180,10
15465,1980,201,25,19800608,159,10
15465,1980,201,27,19800728,209,10
15465,1980,202,10,19801013,286,10
15465,1980,202,12,19801115,319,10
15465,1980,202,15,19800515,135,10
15465,1980,202,18,19800627,178,10
15465,1980,202,21,19800810,222,10
15465,1980,202,24,19800822,234,10
15465,1980,204,10,19800916,259,10
15465,1980,204,12,19800925,268,10
15465,1980,204,15,19800516,136,10
15465,1980,204,18,19800530,150,10
15465,1980,204,21,19800719,200,10
15465,1980,204,24,19800801,213,10
15465,1980,206,10,19800318,77,10
15465,1980,206,12,19800404,94,10
15465,1980,206,18,19800609,160,10
15465,1980,206,21,19800827,239,10
15465,1980,206,24,19800912,255,10
15465,1980,207,10,19800320,79,10
15465,1980,207,12,19800407,97,10
15465,1980,207,15,19800602,153,10
15465,1980,207,18,19800615,166,10
15465,1980,207,21,19800816,228,10
15465,1980,207,24,19800824,236,10
15465,1980,208,10,19800327,86,10
15465,1980,208,12,19800414,104,10
15465,1980,208,24,19800908,251,10
15465,1980,208,66,19800623,174,10
15465,1980,215,10,19800430,120,10
15465,1980,215,12,19800530,150,10
15465,1980,215,24,19800917,260,10
15465,1980,252,10,19800505,125,10
15465,1980,252,12,19800519,139,10
15465,1980,252,24,19801006,279,10
15465,1980,253,10,19800417,107,10
15465,1980,253,12,19800515,135,10
15465,1980,253,24,19801009,282,10
15465,1980,310,5,19800517,137,10
15465,1980,310,6,19800519,139,10
15465,1980,310,7,19800525,145,10
15465,1980,311,29,19800810,222,10
15465,1980,313,29,19801018,291,10
15465,1980,320,5,19800509,129,10
15465,1980,320,6,19800512,132,10
15465,1980,320,7,19800521,141,10
15465,1980,321,29,19800817,229,10
15465,1980,322,29,19801021,294,10
15465,1980,330,5,19800509,129,10
15465,1980,330,6,19800506,126,10
15465,1980,330,7,19800514,134,10
15465,1980,331,29,19800627,178,10
15465,1980,332,29,19800804,216,10
15465,1980,340,29,19800813,225,10
15465,1980,340,5,19800510,130,10
15465,1980,340,6,19800513,133,10
15465,1980,340,7,19800521,141,10
15465,1980,350,29,19800817,229,10
15465,1980,350,4,19800404,94,10
15465,1980,350,5,19800420,110,10
15465,1980,371,29,19800823,235,10
15465,1980,372,29,19800927,270,10
15465,1981,103,5,19810525,145,10
15465,1981,103,62,19810827,239,10
15465,1981,104,4,19810514,134,10
15465,1981,105,61,19810401,91,10
15465,1981,107,8,19810510,130,10
15465,1981,108,5,19810515,135,10
15465,1981,112,31,19810929,272,10
15465,1981,112,4,19810410,100,10
15465,1981,113,5,19810308,67,10
15465,1981,114,5,19810803,215,10
15465,1981,117,5,19810602,153,10
15465,1981,117,62,19811013,286,10
15465,1981,118,8,19810511,131,10
15465,1981,119,5,19810401,91,10
15465,1981,120,5,19810421,111,10
15465,1981,121,4,19810524,144,10
15465,1981,121,5,19810616,167,10
15465,1981,122,31,19810928,271,10
15465,1981,122,4,19810413,103,10
15465,1981,122,5,19810514,134,10
15465,1981,122,62,19811005,278,10
15465,1981,123,31,19811004,277,10
15465,1981,123,4,19810423,113,10
15465,1981,123,62,19810906,249,10
15465,1981,124,5,19810323,82,10
15465,1981,125,5,19810502,122,10
15465,1981,127,5,19810307,66,10
15465,1981,128,4,19810507,127,10
15465,1981,129,5,19810604,155,10
15465,1981,129,62,19810918,261,10
15465,1981,130,4,19810411,101,10
15465,1981,130,5,19810627,178,10
15465,1981,132,31,19811011,284,10
15465,1981,132,4,19810508,128,10
15465,1981,132,5,19810502,122,10
15465,1981,132,62,19811007,280,10
15465,1981,135,6,19810516,136,10
15465,1981,136,6,19810609,160,10
15465,1981,137,4,19810422,112,10
15465,1981,137,5,19810626,177,10
15465,1981,138,5,19810522,142,10
15465,1981,201,25,19810608,159,10
15465,1981,201,27,19810727,208,10
15465,1981,202,10,19811027,300,10
15465,1981,202,12,19811114,318,10
15465,1981,202,15,19810530,150,10
15465,1981,202,18,19810614,165,10
15465,1981,202,21,19810811,223,10
15465,1981,202,24,19810814,226,10
15465,1981,204,10,19810928,271,10
15465,1981,204,12,19811008,281,10
15465,1981,204,15,19810512,132,10
15465,1981,204,18,19810523,143,10
15465,1981,204,21,19810707,188,10
15465,1981,204,24,19810717,198,10
15465,1981,206,10,19810321,80,10
15465,1981,206,12,19810402,92,10
15465,1981,206,15,19810524,144,10
15465,1981,206,18,19810701,182,10
15465,1981,206,21,19810830,242,10
15465,1981,206,24,19810907,250,10
15465,1981,207,10,19810321,80,10
15465,1981,207,12,19810403,93,10
15465,1981,207,18,19810629,180,10
15465,1981,207,21,19810815,227,10
15465,1981,208,10,19810321,80,10
15465,1981,208,12,19810406,96,10
15465,1981,208,21,19810825,237,10
15465,1981,208,24,19810831,243,10
15465,1981,208,66,19810629,180,10
15465,1981,252,10,19810420,110,10
15465,1981,252,12,19810508,128,10
15465,1981,252,24,19811007,280,10
15465,1981,253,10,19810415,105,10
15465,1981,253,12,19810507,127,10
15465,1981,253,24,19811023,296,10
15465,1981,310,5,19810508,128,10
15465,1981,310,6,19810510,130,10
15465,1981,310,7,19810515,135,10
15465,1981,311,29,19810828,240,10
15465,1981,313,29,19811012,285,10
15465,1981,320,5,19810414,104,10
15465,1981,320,6,19810418,108,10
15465,1981,320,7,19810510,130,10
15465,1981,321,29,19810816,228,10
15465,1981,322,29,19811007,280,10
15465,1981,330,5,19810411,101,10
15465,1981,330,6,19810412,102,10
15465,1981,340,29,19810714,195,10
15465,1981,340,5,19810430,120,10
15465,1981,340,6,19810503,123,10
15465,1981,340,7,19810510,130,10
15465,1981,350,29,19810714,195,10
15465,1981,350,4,19810325,84,10
15465,1981,350,5,19810409,99,10
15465,1981,372,29,19810909,252,10
15465,1982,103,62,19820801,213,10
15465,1982,107,8,19820508,128,10
15465,1982,108,5,19820516,136,10
15465,1982,112,31,19821007,280,10
15465,1982,112,4,19820422,112,10
15465,1982,114,5,19820802,214,10
15465,1982,117,5,19820531,151,10
15465,1982,118,8,19820511,131,10
15465,1982,120,5,19820506,126,10
15465,1982,121,5,19820601,152,10
15465,1982,122,31,19821015,288,10
15465,1982,127,5,19820301,60,10
15465,1982,129,5,19820607,158,10
15465,1982,129,62,19820828,240,10
15465,1982,130,5,19820621,172,10
15465,1982,132,31,19821017,290,10
15465,1982,132,4,19820505,125,10
15465,1982,136,6,19820607,158,10
15465,1982,138,5,19820430,120,10
15465,1982,202,18,19820611,162,10
15465,1982,204,24,19820714,195,10
15465,1982,207,10,19820322,81,10
15465,1982,207,12,19820408,98,10
15465,1982,207,18,19820618,169,10
15465,1982,208,66,19820628,179,10
15465,1982,215,65,19820719,200,10
15465,1982,253,13,19820623,174,10
15465,1982,310,5,19820512,132,10
15465,1982,311,29,19820818,230,10
15465,1982,320,5,19820508,128,10
15465,1982,322,29,19821027,300,10
15465,1982,330,5,19820426,116,10
15465,1982,331,29,19820621,172,10
15465,1982,340,29,19820723,204,10
15465,1982,340,5,19820508,128,10
15465,1982,350,29,19820719,200,10
15465,1982,350,4,19820403,93,10
15465,1982,350,5,19820417,107,10
15465,1982,372,29,19820904,247,10
15465,1983,103,62,19830728,209,10
15465,1983,107,8,19830428,118,10
15465,1983,108,5,19830512,132,10
15465,1983,112,31,19831004,277,10
15465,1983,112,4,19830422,112,10
15465,1983,113,5,19830125,25,10
15465,1983,114,5,19830812,224,10
15465,1983,117,5,19830609,160,10
15465,1983,118,8,19830503,123,10
15465,1983,120,5,19830424,114,10
15465,1983,122,31,19831007,280,10
15465,1983,122,4,19830421,111,10
15465,1983,122,5,19830515,135,10
15465,1983,122,62,19831005,278,10
15465,1983,127,5,19830227,58,10
15465,1983,129,5,19830607,158,10
15465,1983,129,62,19830923,266,10
15465,1983,130,5,19830623,174,10
15465,1983,132,4,19830510,130,10
15465,1983,132,62,19831015,288,10
15465,1983,136,6,19830607,158,10
15465,1983,202,18,19830604,155,10
15465,1983,204,24,19830716,197,10
15465,1983,207,10,19830310,69,10
15465,1983,207,12,19830410,100,10
15465,1983,207,18,19830614,165,10
15465,1983,207,24,19830721,202,10
15465,1983,208,66,19830621,172,10
15465,1983,215,65,19830730,211,10
15465,1983,253,13,19830624,175,10
15465,1983,310,5,19830508,128,10
15465,1983,311,29,19830802,214,10
15465,1983,313,29,19831009,282,10
15465,1983,320,5,19830424,114,10
15465,1983,322,29,19831023,296,10
15465,1983,330,5,19830425,115,10
15465,1983,331,29,19830625,176,10
15465,1983,340,29,19830727,208,10
15465,1983,340,5,19830501,121,10
15465,1983,350,29,19830730,211,10
15465,1983,350,4,19830410,100,10
15465,1983,350,5,19830421,111,10
15465,1983,372,29,19830917,260,10
15465,1984,108,5,19840519,139,10
15465,1984,112,31,19841008,281,10
15465,1984,112,4,19840425,115,10
15465,1984,113,5,19840306,65,10
15465,1984,116,5,19840502,122,10
15465,1984,117,5,19840623,174,10
15465,1984,120,5,19840505,125,10
15465,1984,121,5,19840624,175,10
15465,1984,122,31,19841009,282,10
15465,1984,122,4,19840427,117,10
15465,1984,127,5,19840311,70,10
15465,1984,129,5,19840621,172,10
15465,1984,129,62,19841007,280,10
15465,1984,130,5,19840705,186,10
15465,1984,132,4,19840503,123,10
15465,1984,136,6,19840617,168,10
15465,1984,202,18,19840701,182,10
15465,1984,204,24,19840808,220,10
15465,1984,207,10,19840321,80,10
15465,1984,207,12,19840414,104,10
15465,1984,207,18,19840709,190,10
15465,1984,207,24,19840822,234,10
15465,1984,208,66,19840707,188,10
15465,1984,253,13,19840704,185,10
15465,1984,310,5,19840518,138,10
15465,1984,311,29,19840901,244,10
15465,1984,313,29,19841024,297,10
15465,1984,320,5,19840508,128,10
15465,1984,322,29,19841022,295,10
15465,1984,330,5,19840503,123,10
15465,1984,340,29,19840808,220,10
15465,1984,340,5,19840515,135,10
15465,1984,350,4,19840415,105,10
15465,1984,350,5,19840427,117,10
15465,1985,102,5,19850407,97,10
15465,1985,107,8,19850508,128,10
15465,1985,108,5,19850514,134,10
15465,1985,112,31,19850922,265,10
15465,1985,112,4,19850419,109,10
15465,1985,113,5,19850322,81,10
15465,1985,114,5,19850816,228,10
15465,1985,117,5,19850612,163,10
15465,1985,120,5,19850506,126,10
15465,1985,121,5,19850529,149,10
15465,1985,122,31,19850927,270,10
15465,1985,122,4,19850502,122,10
15465,1985,122,5,19850522,142,10
15465,1985,127,5,19850308,67,10
15465,1985,129,5,19850612,163,10
15465,1985,129,62,19850927,270,10
15465,1985,130,5,19850701,182,10
15465,1985,138,5,19850507,127,10
15465,1985,202,18,19850614,165,10
15465,1985,204,24,19850729,210,10
15465,1985,207,10,19850325,84,10
15465,1985,207,12,19850410,100,10
15465,1985,207,18,19850625,176,10
15465,1985,207,24,19850819,231,10
15465,1985,208,66,19850626,177,10
15465,1985,253,13,19850629,180,10
15465,1985,310,5,19850512,132,10
15465,1985,320,5,19850511,131,10
15465,1985,322,29,19851020,293,10
15465,1985,330,5,19850503,123,10
15465,1985,331,29,19850614,165,10
15465,1985,340,29,19850804,216,10
15465,1985,340,5,19850513,133,10
15465,1985,350,29,19850729,210,10
15465,1985,350,4,19850404,94,10
15465,1985,350,5,19850421,111,10
15465,1985,372,29,19850925,268,10
15465,1986,107,8,19860512,132,10
15465,1986,108,5,19860519,139,10
15465,1986,112,31,19860918,261,10
15465,1986,112,4,19860501,121,10
15465,1986,118,8,19860509,129,10
15465,1986,120,5,19860505,125,10
15465,1986,121,5,19860610,161,10
15465,1986,122,31,19860924,267,10
15465,1986,122,4,19860430,120,10
15465,1986,122,5,19860523,143,10
15465,1986,122,62,19860909,252,10
15465,1986,127,5,19860310,69,10
15465,1986,129,62,19860910,253,10
15465,1986,130,5,19860616,167,10
15465,1986,132,4,19860508,128,10
15465,1986,132,62,19860921,264,10
15465,1986,136,6,19860607,158,10
15465,1986,138,5,19860507,127,10
15465,1986,204,24,19860716,197,10
15465,1986,207,18,19860625,176,10
15465,1986,310,5,19860513,133,10
15465,1986,320,5,19860506,126,10
15465,1986,330,5,19860504,124,10
15465,1986,331,29,19860624,175,10
15465,1986,350,29,19860802,214,10
15465,1986,350,4,19860413,103,10
15465,1986,350,5,19860501,121,10
15465,1987,112,31,19871003,276,10
15465,1987,112,4,19870419,109,10
15465,1987,116,5,19870417,107,10
15465,1987,117,5,19870628,179,10
15465,1987,120,5,19870428,118,10
15465,1987,121,5,19870624,175,10
15465,1987,122,31,19871018,291,10
15465,1987,122,4,19870423,113,10
15465,1987,122,5,19870520,140,10
15465,1987,124,5,19870411,101,10
15465,1987,129,5,19870624,175,10
15465,1987,129,62,19870915,258,10
15465,1987,130,5,19870702,183,10
15465,1987,132,31,19871023,296,10
15465,1987,136,6,19870625,176,10
15465,1987,204,24,19870805,217,10
15465,1987,207,10,19870413,103,10
15465,1987,207,12,19870428,118,10
15465,1987,207,24,19870824,236,10
15465,1987,253,13,19870707,188,10
15465,1987,310,5,19870511,131,10
15465,1987,311,29,19870809,221,10
15465,1987,313,29,19871017,290,10
15465,1987,320,5,19870501,121,10
15465,1987,322,29,19871017,290,10
15465,1987,330,5,19870428,118,10
15465,1987,340,29,19870726,207,10
15465,1987,340,5,19870505,125,10
15465,1987,350,4,19870410,100,10
15465,1987,350,5,19870426,116,10
15465,1987,371,29,19870915,258,10
15465,1987,372,29,19870915,258,10
15465,1988,103,62,19880727,208,10
15465,1988,112,31,19881005,278,10
15465,1988,112,4,19880430,120,10
15465,1988,116,5,19880324,83,10
15465,1988,117,5,19880528,148,10
15465,1988,120,5,19880424,114,10
15465,1988,122,31,19880920,263,10
15465,1988,122,4,19880502,122,10
15465,1988,122,62,19880911,254,10
15465,1988,127,5,19880219,50,10
15465,1988,129,5,19880612,163,10
15465,1988,129,62,19880912,255,10
15465,1988,132,31,19881017,290,10
15465,1988,132,4,19880511,131,10
15465,1988,132,62,19881009,282,10
15465,1988,136,6,19880609,160,10
15465,1988,202,18,19880607,158,10
15465,1988,204,24,19880720,201,10
15465,1988,207,10,19880412,102,10
15465,1988,207,12,19880426,116,10
15465,1988,207,18,19880614,165,10
15465,1988,215,65,19880723,204,10
15465,1988,253,13,19880620,171,10
15465,1988,310,5,19880507,127,10
15465,1988,311,29,19880808,220,10
15465,1988,313,29,19881008,281,10
15465,1988,320,5,19880430,120,10
15465,1988,322,29,19881015,288,10
15465,1988,330,5,19880429,119,10
15465,1988,331,29,19880621,172,10
15465,1988,340,29,19880709,190,10
15465,1988,340,5,19880504,124,10
15465,1988,350,29,19880731,212,10
15465,1988,350,4,19880404,94,10
15465,1988,350,5,19880418,108,10
15465,1988,371,29,19880907,250,10
15465,1988,372,29,19880910,253,10
15465,1989,108,5,19890512,132,10
15465,1989,112,31,19891016,289,10
15465,1989,113,5,19890221,52,10
15465,1989,116,5,19890314,73,10
15465,1989,120,5,19890411,101,10
15465,1989,121,5,19890602,153,10
15465,1989,122,31,19891002,275,10
15465,1989,122,5,19890513,133,10
15465,1989,124,5,19890323,82,10
15465,1989,127,5,19890215,46,10
15465,1989,129,62,19890927,270,10
15465,1989,130,5,19890618,169,10
15465,1989,136,6,19890618,169,10
15465,1989,204,24,19890711,192,10
15465,1989,207,10,19890316,75,10
15465,1989,207,12,19890412,102,10
15465,1989,207,18,19890617,168,10
15465,1989,310,5,19890501,121,10
15465,1989,313,29,19891003,276,10
15465,1989,320,5,19890414,104,10
15465,1989,330,5,19890412,102,10
15465,1989,331,29,19890620,171,10
15465,1989,340,5,19890425,115,10
15465,1989,350,4,19890313,72,10
15465,1990,103,62,19900814,226,10
15465,1990,107,8,19900501,121,10
15465,1990,108,5,19900508,128,10
15465,1990,112,31,19900925,268,10
15465,1990,112,4,19900329,88,10
15465,1990,113,5,19900201,32,10
15465,1990,114,5,19900810,222,10
15465,1990,116,5,19900312,71,10
15465,1990,117,5,19900527,147,10
15465,1990,118,8,19900506,126,10
15465,1990,120,5,19900404,94,10
15465,1990,122,4,19900411,101,10
15465,1990,124,5,19900224,55,10
15465,1990,127,5,19900207,38,10
15465,1990,129,5,19900525,145,10
15465,1990,129,62,19900919,262,10
15465,1990,130,5,19900624,175,10
15465,1990,132,31,19901022,295,10
15465,1990,132,62,19901018,291,10
15465,1990,136,6,19900614,165,10
15465,1990,138,5,19900504,124,10
15465,1990,202,18,19900607,158,10
15465,1990,204,24,19900714,195,10
15465,1990,207,10,19900312,71,10
15465,1990,207,18,19900614,165,10
15465,1990,253,13,19900623,174,10
15465,1990,310,5,19900414,104,10
15465,1990,311,29,19900728,209,10
15465,1990,313,29,19901010,283,10
15465,1990,320,5,19900401,91,10
15465,1990,322,29,19900921,264,10
15465,1990,331,29,19900611,162,10
15465,1990,340,29,19900715,196,10
15465,1990,350,29,19900728,209,10
15465,1990,350,4,19900303,62,10
15465,1990,350,5,19900324,83,10
15465,1990,371,29,19900831,243,10
15465,1990,372,29,19900831,243,10
15465,1991,102,5,19910331,90,10
15465,1991,103,62,19910827,239,10
15465,1991,112,31,19911019,292,10
15465,1991,112,4,19910412,102,10
15465,1991,113,5,19910301,60,10
15465,1991,116,5,19910313,72,10
15465,1991,117,5,19910624,175,10
15465,1991,120,5,19910416,106,10
15465,1991,122,31,19911030,303,10
15465,1991,127,5,19910225,56,10
15465,1991,129,5,19910617,168,10
15465,1991,129,62,19910925,268,10
15465,1991,132,31,19911020,293,10
15465,1991,202,18,19910619,170,10
15465,1991,311,29,19910909,252,10
15465,1991,311,5,19910511,131,10
15465,1991,313,29,19911012,285,10
15465,1991,320,5,19910414,104,10
15465,1991,322,29,19911014,287,10
15465,1991,330,5,19910414,104,10
15465,1991,340,29,19910806,218,10
15465,1991,340,5,19910430,120,10
15465,1991,350,4,19910320,79,10
15465,1991,350,5,19910410,100,10
15465,1991,360,29,19910718,199,10
15465,1991,360,5,19910413,103,10
15465,1992,102,5,19920406,96,10
15465,1992,103,4,19920411,101,10
15465,1992,103,5,19920518,138,10
15465,1992,103,62,19920825,237,10
15465,1992,104,4,19920513,133,10
15465,1992,105,61,19920412,102,10
15465,1992,105,63,19921018,291,10
15465,1992,105,64,19921104,308,10
15465,1992,108,5,19920505,125,10
15465,1992,109,5,19920325,84,10
15465,1992,112,3,19920417,107,10
15465,1992,112,4,19920421,111,10
15465,1992,113,5,19920225,56,10
15465,1992,114,5,19920820,232,10
15465,1992,116,5,19920228,59,10
15465,1992,117,5,19920531,151,10
15465,1992,117,62,19920901,244,10
15465,1992,120,5,19920427,117,10
15465,1992,121,5,19920601,152,10
15465,1992,122,3,19920324,83,10
15465,1992,122,4,19920412,102,10
15465,1992,122,5,19920514,134,10
15465,1992,122,62,19920920,263,10
15465,1992,123,31,19920908,251,10
15465,1992,123,32,19920928,271,10
15465,1992,125,5,19920426,116,10
15465,1992,127,5,19920228,59,10
15465,1992,128,5,19920301,60,10
15465,1992,129,5,19920530,150,10
15465,1992,129,62,19920831,243,10
15465,1992,130,5,19920616,167,10
15465,1992,132,31,19921008,281,10
15465,1992,132,32,19921110,314,10
15465,1992,132,4,19920510,130,10
15465,1992,132,62,19921006,279,10
15465,1992,135,5,19920520,140,10
15465,1992,135,6,19920523,143,10
15465,1992,136,6,19920603,154,10
15465,1992,138,5,19920520,140,10
15465,1992,201,1,19920227,58,10
15465,1992,201,26,19920525,145,10
15465,1992,201,28,19920809,221,10
15465,1992,202,10,19920925,268,10
15465,1992,202,12,19921015,288,10
15465,1992,202,15,19920505,125,10
15465,1992,202,18,19920623,174,10
15465,1992,202,19,19920718,199,10
15465,1992,202,21,19920730,211,10
15465,1992,202,24,19920812,224,10
15465,1992,204,10,19920918,261,10
15465,1992,204,12,19920930,273,10
15465,1992,204,15,19920410,100,10
15465,1992,204,18,19920518,138,10
15465,1992,204,21,19920724,205,10
15465,1992,204,24,19920804,216,10
15465,1992,205,10,19920912,255,10
15465,1992,205,12,19920922,265,10
15465,1992,205,14,19921010,283,10
15465,1992,205,17,19920402,92,10
15465,1992,205,22,19920812,224,10
15465,1992,205,24,19920818,230,10
15465,1992,205,5,19920502,122,10
15465,1992,205,67,19920320,79,10
15465,1992,215,10,19920504,124,10
15465,1992,215,12,19920519,139,10
15465,1992,215,19,19920910,253,10
15465,1992,215,24,19920921,264,10
15465,1992,215,65,19920720,201,10
15465,1992,215,67,19920602,153,10
15465,1992,253,10,19920422,112,10
15465,1992,253,12,19920505,125,10
15465,1992,253,13,19920620,171,10
15465,1992,253,24,19921010,283,10
15465,1992,311,29,19920731,212,10
15465,1992,311,3,19920323,82,10
15465,1992,311,5,19920508,128,10
15465,1992,311,6,19920510,130,10
15465,1992,311,7,19920517,137,10
15465,1992,313,29,19921017,290,10
15465,1992,313,3,19920322,81,10
15465,1992,313,5,19920510,130,10
15465,1992,313,6,19920512,132,10
15465,1992,313,7,19920519,139,10
15465,1992,322,29,19921019,292,10
15465,1992,322,5,19920427,117,10
15465,1992,322,6,19920429,119,10
15465,1992,322,7,19920512,132,10
15465,1992,330,29,19920623,174,10
15465,1992,330,31,19921015,288,10
15465,1992,330,5,19920422,112,10
15465,1992,330,6,19920424,114,10
15465,1992,330,7,19920509,129,10
15465,1992,340,29,19920714,195,10
15465,1992,340,5,19920430,120,10
15465,1992,340,6,19920504,124,10
15465,1992,340,7,19920513,133,10
15465,1992,350,29,19920710,191,10
15465,1992,350,3,19920225,56,10
15465,1992,350,4,19920319,78,10
15465,1992,350,5,19920419,109,10
15465,1993,102,5,19930325,84,10
15465,1993,103,3,19930401,91,10
15465,1993,103,4,19930416,106,10
15465,1993,103,5,19930505,125,10
15465,1993,103,62,19930803,215,10
15465,1993,104,4,19930506,126,10
15465,1993,105,61,19930418,108,10
15465,1993,105,63,19931104,308,10
15465,1993,105,64,19931120,324,10
15465,1993,108,5,19930426,116,10
15465,1993,109,5,19930417,107,10
15465,1993,112,3,19930416,106,10
15465,1993,112,31,19931021,294,10
15465,1993,112,32,19931110,314,10
15465,1993,112,4,19930420,110,10
15465,1993,114,5,19930705,186,10
15465,1993,116,5,19930314,73,10
15465,1993,117,5,19930527,147,10
15465,1993,117,62,19930912,255,10
15465,1993,120,5,19930424,114,10
15465,1993,121,5,19930518,138,10
15465,1993,122,3,19930322,81,10
15465,1993,122,31,19931024,297,10
15465,1993,122,32,19931110,314,10
15465,1993,122,4,19930415,105,10
15465,1993,122,5,19930421,111,10
15465,1993,122,62,19930918,261,10
15465,1993,123,31,19930927,270,10
15465,1993,123,32,19931014,287,10
15465,1993,123,4,19930422,112,10
15465,1993,124,5,19930320,79,10
15465,1993,125,5,19930418,108,10
15465,1993,127,5,19930218,49,10
15465,1993,129,5,19930525,145,10
15465,1993,129,62,19930826,238,10
15465,1993,130,5,19930611,162,10
15465,1993,132,31,19931010,283,10
15465,1993,132,32,19931030,303,10
15465,1993,132,4,19930428,118,10
15465,1993,135,5,19930506,126,10
15465,1993,135,6,19930508,128,10
15465,1993,136,6,19930528,148,10
15465,1993,138,5,19930502,122,10
15465,1993,138,62,19930907,250,10
15465,1993,201,1,19930316,75,10
15465,1993,201,26,19930610,161,10
15465,1993,201,28,19930715,196,10
15465,1993,202,10,19931010,283,10
15465,1993,202,12,19931025,298,10
15465,1993,202,15,19930415,105,10
15465,1993,202,18,19930616,167,10
15465,1993,202,19,19930715,196,10
15465,1993,202,21,19930810,222,10
15465,1993,202,24,19930821,233,10
15465,1993,204,10,19930910,253,10
15465,1993,204,12,19930928,271,10
15465,1993,204,15,19930410,100,10
15465,1993,204,18,19930525,145,10
15465,1993,204,21,19930801,213,10
15465,1993,204,24,19930815,227,10
15465,1993,205,10,19930825,237,10
15465,1993,205,12,19930922,265,10
15465,1993,205,14,19931005,278,10
15465,1993,205,17,19930404,94,10
15465,1993,205,22,19930818,230,10
15465,1993,205,24,19930820,232,10
15465,1993,205,5,19930430,120,10
15465,1993,205,67,19930315,74,10
15465,1993,215,10,19930425,115,10
15465,1993,215,12,19930530,150,10
15465,1993,215,19,19930915,258,10
15465,1993,215,20,19930920,263,10
15465,1993,215,21,19930925,268,10
15465,1993,215,24,19931020,293,10
15465,1993,215,5,19930730,211,10
15465,1993,215,65,19930720,201,10
15465,1993,215,67,19930610,161,10
15465,1993,253,10,19930415,105,10
15465,1993,253,12,19930428,118,10
15465,1993,253,13,19930601,152,10
15465,1993,253,24,19931020,293,10
15465,1993,311,29,19930718,199,10
15465,1993,311,3,19930405,95,10
15465,1993,311,5,19930428,118,10
15465,1993,311,6,19930429,119,10
15465,1993,311,7,19930505,125,10
15465,1993,313,29,19930929,272,10
15465,1993,313,3,19930404,94,10
15465,1993,313,32,19931030,303,10
15465,1993,313,5,19930428,118,10
15465,1993,313,6,19930429,119,10
15465,1993,313,7,19930505,125,10
15465,1993,322,29,19931001,274,10
15465,1993,322,5,19930422,112,10
15465,1993,322,6,19930425,115,10
15465,1993,322,7,19930428,118,10
15465,1993,330,29,19930618,169,10
15465,1993,330,31,19931016,289,10
15465,1993,330,5,19930421,111,10
15465,1993,330,6,19930423,113,10
15465,1993,330,7,19930428,118,10
15465,1993,340,29,19930721,202,10
15465,1993,340,5,19930424,114,10
15465,1993,340,6,19930425,115,10
15465,1993,340,7,19930429,119,10
15465,1993,350,29,19930710,191,10
15465,1993,350,3,19930310,69,10
15465,1993,350,4,19930401,91,10
15465,1993,350,5,19930423,113,10
15465,1993,360,29,19930626,177,10
15465,1993,360,5,19930423,113,10
15465,1994,102,5,19940326,85,10
15465,1994,103,3,19940322,81,10
15465,1994,103,4,19940404,94,10
15465,1994,103,62,19940808,220,10
15465,1994,104,4,19940501,121,10
15465,1994,105,61,19940421,111,10
15465,1994,105,63,19941026,299,10
15465,1994,105,64,19941116,320,10
15465,1994,108,5,19940508,128,10
15465,1994,109,5,19940324,83,10
15465,1994,112,3,19940418,108,10
15465,1994,112,31,19941018,291,10
15465,1994,112,32,19941106,310,10
15465,1994,112,4,19940423,113,10
15465,1994,114,5,19940730,211,10
15465,1994,116,5,19940320,79,10
15465,1994,117,5,19940529,149,10
15465,1994,117,62,19940920,263,10
15465,1994,120,5,19940425,115,10
15465,1994,121,5,19940608,159,10
15465,1994,122,3,19940312,71,10
15465,1994,122,31,19941025,298,10
15465,1994,122,32,19941112,316,10
15465,1994,122,4,19940409,99,10
15465,1994,122,5,19940501,121,10
15465,1994,122,62,19941001,274,10
15465,1994,123,4,19940423,113,10
15465,1994,124,5,19940322,81,10
15465,1994,125,5,19940421,111,10
15465,1994,127,5,19940228,59,10
15465,1994,129,5,19940528,148,10
15465,1994,129,62,19940901,244,10
15465,1994,130,5,19940624,175,10
15465,1994,132,31,19941015,288,10
15465,1994,132,32,19941101,305,10
15465,1994,132,4,19940428,118,10
15465,1994,135,5,19940515,135,10
15465,1994,135,6,19940520,140,10
15465,1994,136,6,19940606,157,10
15465,1994,138,5,19940510,130,10
15465,1994,138,62,19940910,253,10
15465,1994,201,1,19940306,65,10
15465,1994,201,26,19940616,167,10
15465,1994,201,28,19940720,201,10
15465,1994,202,10,19940918,261,10
15465,1994,202,12,19941010,283,10
15465,1994,202,15,19940412,102,10
15465,1994,202,18,19940613,164,10
15465,1994,202,19,19940718,199,10
15465,1994,202,21,19940812,224,10
15465,1994,202,24,19940823,235,10
15465,1994,203,10,19940912,255,10
15465,1994,203,12,19940928,271,10
15465,1994,204,10,19940912,255,10
15465,1994,204,12,19940926,269,10
15465,1994,204,15,19940414,104,10
15465,1994,204,18,19940602,153,10
15465,1994,204,21,19940626,177,10
15465,1994,204,24,19940708,189,10
15465,1994,205,10,19940825,237,10
15465,1994,205,12,19940905,248,10
15465,1994,205,14,19940910,253,10
15465,1994,205,17,19940518,138,10
15465,1994,205,22,19940820,232,10
15465,1994,205,24,19940827,239,10
15465,1994,205,5,19940529,149,10
15465,1994,205,67,19940315,74,10
15465,1994,215,10,19940416,106,10
15465,1994,215,12,19940515,135,10
15465,1994,215,19,19940916,259,10
15465,1994,215,20,19940922,265,10
15465,1994,215,21,19940927,270,10
15465,1994,215,24,19941012,285,10
15465,1994,215,5,19940801,213,10
15465,1994,215,65,19940720,201,10
15465,1994,215,67,19940612,163,10
15465,1994,253,10,19940410,100,10
15465,1994,253,12,19940430,120,10
15465,1994,253,13,19940715,196,10
15465,1994,253,24,19941017,290,10
15465,1994,311,29,19940726,207,10
15465,1994,311,3,19940325,84,10
15465,1994,311,5,19940430,120,10
15465,1994,311,6,19940501,121,10
15465,1994,311,7,19940511,131,10
15465,1994,313,29,19941012,285,10
15465,1994,313,3,19940329,88,10
15465,1994,313,32,19941021,294,10
15465,1994,313,5,19940501,121,10
15465,1994,313,6,19940502,122,10
15465,1994,313,7,19940513,133,10
15465,1994,322,29,19941014,287,10
15465,1994,322,5,19940423,113,10
15465,1994,322,6,19940425,115,10
15465,1994,322,7,19940503,123,10
15465,1994,330,29,19940702,183,10
15465,1994,330,31,19941021,294,10
15465,1994,330,5,19940420,110,10
15465,1994,330,6,19940421,111,10
15465,1994,330,7,19940429,119,10
15465,1994,340,29,19940728,209,10
15465,1994,340,5,19940426,116,10
15465,1994,340,6,19940428,118,10
15465,1994,340,7,19940501,121,10
15465,1994,350,29,19940719,200,10
15465,1994,350,3,19940301,60,10
15465,1994,350,4,19940320,79,10
15465,1994,360,29,19940625,176,10
15465,1994,360,5,19940416,106,10
15465,1995,102,5,19950324,83,10
15465,1995,103,3,19950327,86,10
15465,1995,103,32,19951011,284,10
15465,1995,103,4,19950419,109,10
15465,1995,103,5,19950518,138,10
15465,1995,103,62,19950919,262,10
15465,1995,104,4,19950512,132,10
15465,1995,105,61,19950414,104,10
15465,1995,105,63,19951102,306,10
15465,1995,105,64,19951122,326,10
15465,1995,108,5,19950507,127,10
15465,1995,109,5,19950331,90,10
15465,1995,112,3,19950410,100,10
15465,1995,112,31,19951020,293,10
15465,1995,112,32,19951113,317,10
15465,1995,112,4,19950420,110,10
15465,1995,114,5,19950803,215,10
15465,1995,116,5,19950220,51,10
15465,1995,117,5,19950619,170,10
15465,1995,117,62,19950928,271,10
15465,1995,120,5,19950425,115,10
15465,1995,121,5,19950618,169,10
15465,1995,122,3,19950318,77,10
15465,1995,122,31,19951103,307,10
15465,1995,122,32,19951119,323,10
15465,1995,122,4,19950406,96,10
15465,1995,122,5,19950503,123,10
15465,1995,123,31,19951011,284,10
15465,1995,123,32,19951109,313,10
15465,1995,123,4,19950424,114,10
15465,1995,125,5,19950423,113,10
15465,1995,127,5,19950213,44,10
15465,1995,129,5,19950630,181,10
15465,1995,129,62,19950910,253,10
15465,1995,130,5,19950704,185,10
15465,1995,132,31,19951028,301,10
15465,1995,132,32,19951120,324,10
15465,1995,132,4,19950502,122,10
15465,1995,135,5,19950525,145,10
15465,1995,135,6,19950530,150,10
15465,1995,136,6,19950605,156,10
15465,1995,138,5,19950512,132,10
15465,1995,138,62,19950912,255,10
15465,1995,201,1,19950310,69,10
15465,1995,201,26,19950522,142,10
15465,1995,202,10,19950926,269,10
15465,1995,202,12,19951010,283,10
15465,1995,202,15,19950401,91,10
15465,1995,202,18,19950712,193,10
15465,1995,202,19,19950722,203,10
15465,1995,202,21,19950730,211,10
15465,1995,202,24,19950905,248,10
15465,1995,203,10,19950925,268,10
15465,1995,203,12,19951005,278,10
15465,1995,203,15,19950328,87,10
15465,1995,203,18,19950710,191,10
15465,1995,203,21,19950820,232,10
15465,1995,203,24,19950824,236,10
15465,1995,203,5,19950712,193,10
15465,1995,203,6,19950720,201,10
15465,1995,204,10,19950920,263,10
15465,1995,204,12,19951005,278,10
15465,1995,204,15,19950610,161,10
15465,1995,204,18,19950625,176,10
15465,1995,204,21,19950703,184,10
15465,1995,204,24,19950728,209,10
15465,1995,205,10,19950815,227,10
15465,1995,205,12,19950830,242,10
15465,1995,205,14,19950902,245,10
15465,1995,205,17,19950425,115,10
15465,1995,205,22,19950726,207,10
15465,1995,205,24,19950805,217,10
15465,1995,205,5,19950528,148,10
15465,1995,215,10,19950508,128,10
15465,1995,215,12,19950522,142,10
15465,1995,215,19,19950809,221,10
15465,1995,215,20,19950830,242,10
15465,1995,215,21,19950928,271,10
15465,1995,215,24,19951002,275,10
15465,1995,215,5,19950720,201,10
15465,1995,215,65,19950710,191,10
15465,1995,215,67,19950630,181,10
15465,1995,252,10,19950428,118,10
15465,1995,252,12,19950518,138,10
15465,1995,252,13,19950715,196,10
15465,1995,252,24,19951015,288,10
15465,1995,311,29,19950803,215,10
15465,1995,311,3,19950401,91,10
15465,1995,311,32,19951011,284,10
15465,1995,311,5,19950504,124,10
15465,1995,311,6,19950505,125,10
15465,1995,311,7,19950515,135,10
15465,1995,313,29,19951001,274,10
15465,1995,313,3,19950403,93,10
15465,1995,313,32,19951102,306,10
15465,1995,313,5,19950505,125,10
15465,1995,313,6,19950506,126,10
15465,1995,313,7,19950519,139,10
15465,1995,322,29,19951003,276,10
15465,1995,322,5,19950425,115,10
15465,1995,322,6,19950426,116,10
15465,1995,322,7,19950508,128,10
15465,1995,330,29,19950712,193,10
15465,1995,330,31,19951027,300,10
15465,1995,330,5,19950420,110,10
15465,1995,330,6,19950421,111,10
15465,1995,330,7,19950429,119,10
15465,1995,340,29,19950727,208,10
15465,1995,340,5,19950429,119,10
15465,1995,340,6,19950501,121,10
15465,1995,340,7,19950508,128,10
15465,1995,350,29,19950725,206,10
15465,1995,350,3,19950228,59,10
15465,1995,350,4,19950324,83,10
15465,1995,350,5,19950421,111,10
15465,1995,360,29,19950620,171,10
15465,1995,360,5,19950422,112,10
15465,1996,102,5,19960417,107,10
15465,1996,103,4,19960421,111,10
15465,1996,103,62,19960814,226,10
15465,1996,104,4,19960516,136,10
15465,1996,105,61,19960423,113,10
15465,1996,105,63,19961030,303,10
15465,1996,105,64,19961114,318,10
15465,1996,108,5,19960515,135,10
15465,1996,109,5,19960416,106,10
15465,1996,112,3,19960421,111,10
15465,1996,112,31,19961001,274,10
15465,1996,112,32,19961103,307,10
15465,1996,112,4,19960423,113,10
15465,1996,114,5,19960810,222,10
15465,1996,116,5,19960327,86,10
15465,1996,117,5,19960613,164,10
15465,1996,117,62,19960930,273,10
15465,1996,120,5,19960501,121,10
15465,1996,121,5,19960609,160,10
15465,1996,122,31,19961025,298,10
15465,1996,122,32,19961117,321,10
15465,1996,122,4,19960419,109,10
15465,1996,122,5,19960513,133,10
15465,1996,123,31,19960926,269,10
15465,1996,123,32,19961102,306,10
15465,1996,123,4,19960426,116,10
15465,1996,125,5,19960427,117,10
15465,1996,127,5,19960320,79,10
15465,1996,129,5,19960607,158,10
15465,1996,129,62,19960917,260,10
15465,1996,130,5,19960701,182,10
15465,1996,132,31,19961020,293,10
15465,1996,132,32,19961109,313,10
15465,1996,132,4,19960502,122,10
15465,1996,135,5,19960528,148,10
15465,1996,135,6,19960531,151,10
15465,1996,136,6,19960605,156,10
15465,1996,138,5,19960528,148,10
15465,1996,201,1,19960408,98,10
15465,1996,201,26,19960525,145,10
15465,1996,202,10,19960915,258,10
15465,1996,202,12,19960927,270,10
15465,1996,202,15,19960418,108,10
15465,1996,202,18,19960526,146,10
15465,1996,202,19,19960710,191,10
15465,1996,202,21,19960724,205,10
15465,1996,202,24,19960905,248,10
15465,1996,203,10,19960830,242,10
15465,1996,203,12,19960927,270,10
15465,1996,203,15,19960410,100,10
15465,1996,203,18,19960518,138,10
15465,1996,203,21,19960820,232,10
15465,1996,203,24,19960829,241,10
15465,1996,203,6,19960523,143,10
15465,1996,204,10,19960904,247,10
15465,1996,204,12,19960922,265,10
15465,1996,204,15,19960410,100,10
15465,1996,204,18,19960628,179,10
15465,1996,204,21,19960720,201,10
15465,1996,204,24,19960810,222,10
15465,1996,205,10,19960828,240,10
15465,1996,205,12,19960926,269,10
15465,1996,205,14,19961010,283,10
15465,1996,205,22,19960818,230,10
15465,1996,205,24,19960828,240,10
15465,1996,205,5,19960515,135,10
15465,1996,205,67,19960405,95,10
15465,1996,208,10,19960425,115,10
15465,1996,208,12,19960515,135,10
15465,1996,208,15,19960606,157,10
15465,1996,208,19,19960730,211,10
15465,1996,208,21,19960815,227,10
15465,1996,208,24,19960905,248,10
15465,1996,208,66,19960615,166,10
15465,1996,215,10,19960425,115,10
15465,1996,215,12,19960518,138,10
15465,1996,215,19,19960828,240,10
15465,1996,215,21,19961005,278,10
15465,1996,215,24,19961020,293,10
15465,1996,215,65,19960720,201,10
15465,1996,215,67,19960628,179,10
15465,1996,253,10,19960428,118,10
15465,1996,253,12,19960516,136,10
15465,1996,253,13,19960618,169,10
15465,1996,253,24,19961005,278,10
15465,1996,311,29,19960811,223,10
15465,1996,311,3,19960421,111,10
15465,1996,311,32,19961015,288,10
15465,1996,311,5,19960513,133,10
15465,1996,311,6,19960516,136,10
15465,1996,311,7,19960523,143,10
15465,1996,313,29,19961014,287,10
15465,1996,313,3,19960419,109,10
15465,1996,313,32,19961030,303,10
15465,1996,313,5,19960513,133,10
15465,1996,313,6,19960517,137,10
15465,1996,313,7,19960524,144,10
15465,1996,322,29,19961011,284,10
15465,1996,322,5,19960501,121,10
15465,1996,322,6,19960503,123,10
15465,1996,322,7,19960520,140,10
15465,1996,330,29,19960720,201,10
15465,1996,330,31,19961023,296,10
15465,1996,330,5,19960423,113,10
15465,1996,330,6,19960424,114,10
15465,1996,330,7,19960507,127,10
15465,1996,340,29,19960801,213,10
15465,1996,340,5,19960504,124,10
15465,1996,340,6,19960505,125,10
15465,1996,340,7,19960519,139,10
15465,1996,350,29,19960811,223,10
15465,1996,350,4,19960418,108,10
15465,1996,350,5,19960425,115,10
15465,1996,360,29,19960716,197,10
15465,1996,360,5,19960427,117,10
15465,1997,102,5,19970327,86,10
15465,1997,103,4,19970331,90,10
15465,1997,104,4,19970512,132,10
15465,1997,105,61,19970406,96,10
15465,1997,105,63,19971104,308,10
15465,1997,105,64,19971112,316,10
15465,1997,108,5,19970508,128,10
15465,1997,109,5,19970314,73,10
15465,1997,112,3,19970416,106,10
15465,1997,112,31,19970925,268,10
15465,1997,112,32,19971101,305,10
15465,1997,112,4,19970418,108,10
15465,1997,114,5,19970818,230,10
15465,1997,116,5,19970309,68,10
15465,1997,117,5,19970607,158,10
15465,1997,117,62,19970929,272,10
15465,1997,120,5,19970415,105,10
15465,1997,121,5,19970612,163,10
15465,1997,122,31,19971027,300,10
15465,1997,122,32,19971116,320,10
15465,1997,122,4,19970328,87,10
15465,1997,122,5,19970511,131,10
15465,1997,122,62,19970925,268,10
15465,1997,123,31,19970924,267,10
15465,1997,123,32,19971101,305,10
15465,1997,123,4,19970503,123,10
15465,1997,125,5,19970420,110,10
15465,1997,127,5,19970224,55,10
15465,1997,129,5,19970603,154,10
15465,1997,129,62,19970918,261,10
15465,1997,130,5,19970623,174,10
15465,1997,132,31,19971027,300,10
15465,1997,132,32,19971114,318,10
15465,1997,132,4,19970509,129,10
15465,1997,135,5,19970511,131,10
15465,1997,135,6,19970513,133,10
15465,1997,136,6,19970507,127,10
15465,1997,138,5,19970515,135,10
15465,1997,138,62,19970912,255,10
15465,1997,201,1,19970310,69,10
15465,1997,201,25,19970615,166,10
15465,1997,202,10,19970912,255,10
15465,1997,202,12,19970928,271,10
15465,1997,202,15,19970415,105,10
15465,1997,202,18,19970612,163,10
15465,1997,202,19,19970809,221,10
15465,1997,202,21,19970814,226,10
15465,1997,202,24,19970911,254,10
15465,1997,203,10,19970901,244,10
15465,1997,203,12,19970912,255,10
15465,1997,203,15,19970410,100,10
15465,1997,203,18,19970602,153,10
15465,1997,203,21,19970825,237,10
15465,1997,203,24,19970828,240,10
15465,1997,203,5,19970630,181,10
15465,1997,203,6,19970705,186,10
15465,1997,204,10,19970910,253,10
15465,1997,204,12,19970925,268,10
15465,1997,204,15,19970410,100,10
15465,1997,204,18,19970525,145,10
15465,1997,204,21,19970714,195,10
15465,1997,204,24,19970809,221,10
15465,1997,205,10,19970825,237,10
15465,1997,205,12,19970912,255,10
15465,1997,205,14,19971001,274,10
15465,1997,205,17,19970428,118,10
15465,1997,205,22,19970810,222,10
15465,1997,205,24,19970828,240,10
15465,1997,205,5,19970524,144,10
15465,1997,205,67,19970315,74,10
15465,1997,208,10,19970325,84,10
15465,1997,208,12,19970412,102,10
15465,1997,208,15,19970525,145,10
15465,1997,208,19,19970714,195,10
15465,1997,208,21,19970725,206,10
15465,1997,208,24,19970810,222,10
15465,1997,208,66,19970616,167,10
15465,1997,215,10,19970415,105,10
15465,1997,215,12,19970502,122,10
15465,1997,215,19,19970820,232,10
15465,1997,215,20,19970825,237,10
15465,1997,215,21,19970830,242,10
15465,1997,215,24,19970928,271,10
15465,1997,215,5,19970815,227,10
15465,1997,215,65,19970805,217,10
15465,1997,215,67,19970525,145,10
15465,1997,253,10,19970412,102,10
15465,1997,253,12,19970428,118,10
15465,1997,253,13,19970520,140,10
15465,1997,253,24,19971025,298,10
15465,1998,102,5,19980325,84,10
15465,1998,103,4,19980325,84,10
15465,1998,103,5,19980501,121,10
15465,1998,104,4,19980427,117,10
15465,1998,105,61,19980403,93,10
15465,1998,105,63,19981027,300,10
15465,1998,105,64,19981112,316,10
15465,1998,108,5,19980429,119,10
15465,1998,109,5,19980308,67,10
15465,1998,112,3,19980402,92,10
15465,1998,112,31,19981006,279,10
15465,1998,112,32,19981028,301,10
15465,1998,112,4,19980410,100,10
15465,1998,114,5,19980801,213,10
15465,1998,116,5,19980318,77,10
15465,1998,117,5,19980528,148,10
15465,1998,117,62,19980921,264,10
15465,1998,120,5,19980418,108,10
15465,1998,121,5,19980531,151,10
15465,1998,122,3,19980324,83,10
15465,1998,122,31,19981011,284,10
15465,1998,122,32,19981101,305,10
15465,1998,122,4,19980402,92,10
15465,1998,122,5,19980510,130,10
15465,1998,122,62,19980920,263,10
15465,1998,123,31,19981004,277,10
15465,1998,123,32,19981030,303,10
15465,1998,123,4,19980426,116,10
15465,1998,125,5,19980412,102,10
15465,1998,127,5,19980212,43,10
15465,1998,129,5,19980522,142,10
15465,1998,129,62,19980905,248,10
15465,1998,130,5,19980611,162,10
15465,1998,132,31,19981012,285,10
15465,1998,132,32,19981115,319,10
15465,1998,132,4,19980502,122,10
15465,1998,132,62,19980924,267,10
15465,1998,135,5,19980508,128,10
15465,1998,135,6,19980510,130,10
15465,1998,136,6,19980605,156,10
15465,1998,138,5,19980510,130,10
15465,1998,138,62,19980820,232,10
15465,1998,201,1,19980325,84,10
15465,1998,201,25,19980620,171,10
15465,1998,202,10,19980907,250,10
15465,1998,202,12,19980919,262,10
15465,1998,202,15,19980410,100,10
15465,1998,202,18,19980608,159,10
15465,1998,202,19,19980626,177,10
15465,1998,202,21,19980810,222,10
15465,1998,202,24,19980818,230,10
15465,1998,203,10,19980910,253,10
15465,1998,203,12,19980920,263,10
15465,1998,203,15,19980325,84,10
15465,1998,203,18,19980522,142,10
15465,1998,203,21,19980712,193,10
15465,1998,203,24,19980805,217,10
15465,1998,203,5,19980610,161,10
15465,1998,203,6,19980618,169,10
15465,1998,204,10,19980902,245,10
15465,1998,204,12,19980920,263,10
15465,1998,204,15,19980410,100,10
15465,1998,204,18,19980524,144,10
15465,1998,204,21,19980706,187,10
15465,1998,204,24,19980724,205,10
15465,1998,205,10,19980818,230,10
15465,1998,205,12,19980910,253,10
15465,1998,205,14,19981016,289,10
15465,1998,205,17,19980414,104,10
15465,1998,205,22,19980625,176,10
15465,1998,205,24,19980731,212,10
15465,1998,205,5,19980516,136,10
15465,1998,205,67,19980412,102,10
15465,1998,208,10,19980320,79,10
15465,1998,208,12,19980425,115,10
15465,1998,208,15,19980520,140,10
15465,1998,208,21,19980828,240,10
15465,1998,208,24,19980905,248,10
15465,1998,208,66,19980625,176,10
15465,1998,215,10,19980420,110,10
15465,1998,215,12,19980515,135,10
15465,1998,215,19,19980925,268,10
15465,1998,215,20,19981005,278,10
15465,1998,215,21,19981015,288,10
15465,1998,215,24,19981030,303,10
15465,1998,215,5,19980805,217,10
15465,1998,215,65,19980727,208,10
15465,1998,215,67,19980625,176,10
15465,1998,253,10,19980410,100,10
15465,1998,253,12,19980505,125,10
15465,1998,253,13,19980610,161,10
15465,1998,253,24,19981030,303,10
15465,1998,311,29,19980717,198,10
15465,1998,311,3,19980327,86,10
15465,1998,311,32,19981020,293,10
15465,1998,311,5,19980424,114,10
15465,1998,311,6,19980426,116,10
15465,1998,311,7,19980508,128,10
15465,1998,313,29,19981005,278,10
15465,1998,313,3,19980325,84,10
15465,1998,313,32,19981025,298,10
15465,1998,313,5,19980425,115,10
15465,1998,313,6,19980427,117,10
15465,1998,313,7,19980510,130,10
15465,1998,322,29,19980930,273,10
15465,1998,322,5,19980407,97,10
15465,1998,322,6,19980412,102,10
15465,1998,322,7,19980426,116,10
15465,1998,330,29,19980704,185,10
15465,1998,330,31,19981014,287,10
15465,1998,330,5,19980410,100,10
15465,1998,330,6,19980412,102,10
15465,1998,330,7,19980427,117,10
15465,1998,340,29,19980711,192,10
15465,1998,340,5,19980422,112,10
15465,1998,340,6,19980423,113,10
15465,1998,340,7,19980502,122,10
15465,1998,350,29,19980715,196,10
15465,1998,350,3,19980215,46,10
15465,1998,350,4,19980326,85,10
15465,1998,350,5,19980406,96,10
15465,1998,360,29,19980704,185,10
15465,1998,360,5,19980408,98,10
15465,1999,102,5,19990324,83,10
15465,1999,104,4,19990503,123,10
15465,1999,105,61,19990408,98,10
15465,1999,105,63,19991029,302,10
15465,1999,105,64,19991130,334,10
15465,1999,109,5,19990324,83,10
15465,1999,112,3,19990404,94,10
15465,1999,112,31,19991020,293,10
15465,1999,112,32,19991112,316,10
15465,1999,112,4,19990411,101,10
15465,1999,114,5,19990804,216,10
15465,1999,116,5,19990308,67,10
15465,1999,117,5,19990526,146,10
15465,1999,117,62,19990918,261,10
15465,1999,120,5,19990416,106,10
15465,1999,121,5,19990601,152,10
15465,1999,122,3,19990322,81,10
15465,1999,122,31,19991020,293,10
15465,1999,122,32,19991113,317,10
15465,1999,122,4,19990402,92,10
15465,1999,122,5,19990505,125,10
15465,1999,122,62,19990924,267,10
15465,1999,123,31,19990917,260,10
15465,1999,123,32,19991103,307,10
15465,1999,123,4,19990421,111,10
15465,1999,125,5,19990411,101,10
15465,1999,127,5,19990225,56,10
15465,1999,129,5,19990525,145,10
15465,1999,129,62,19990822,234,10
15465,1999,130,5,19990610,161,10
15465,1999,132,31,19991018,291,10
15465,1999,132,32,19991108,312,10
15465,1999,132,4,19990425,115,10
15465,1999,132,62,19990928,271,10
15465,1999,135,5,19990509,129,10
15465,1999,135,6,19990511,131,10
15465,1999,136,6,19990602,153,10
15465,1999,138,5,19990508,128,10
15465,1999,138,62,19990814,226,10
15465,1999,201,1,19990424,114,10
15465,1999,201,25,19990610,161,10
15465,1999,202,10,19990915,258,10
15465,1999,202,12,19991006,279,10
15465,1999,202,15,19990425,115,10
15465,1999,202,18,19990523,143,10
15465,1999,202,19,19990713,194,10
15465,1999,202,21,19990824,236,10
15465,1999,202,24,19990904,247,10
15465,1999,203,10,19990825,237,10
15465,1999,203,12,19990908,251,10
15465,1999,203,15,19990328,87,10
15465,1999,203,18,19990526,146,10
15465,1999,203,21,19990715,196,10
15465,1999,203,24,19990810,222,10
15465,1999,203,5,19990611,162,10
15465,1999,203,6,19990614,165,10
15465,1999,204,10,19990828,240,10
15465,1999,204,12,19990916,259,10
15465,1999,204,15,19990505,125,10
15465,1999,204,18,19990528,148,10
15465,1999,204,21,19990725,206,10
15465,1999,204,24,19990801,213,10
15465,1999,205,10,19990823,235,10
15465,1999,205,12,19990903,246,10
15465,1999,205,14,19990928,271,10
15465,1999,205,17,19990426,116,10
15465,1999,205,22,19990730,211,10
15465,1999,205,24,19990802,214,10
15465,1999,205,5,19990513,133,10
15465,1999,205,67,19990410,100,10
15465,1999,208,10,19990310,69,10
15465,1999,208,12,19990325,84,10
15465,1999,208,15,19990505,125,10
15465,1999,208,19,19990815,227,10
15465,1999,208,21,19990823,235,10
15465,1999,208,24,19990828,240,10
15465,1999,208,66,19990621,172,10
15465,1999,215,10,19990427,117,10
15465,1999,215,12,19990515,135,10
15465,1999,215,19,19990922,265,10
15465,1999,215,21,19991012,285,10
15465,1999,215,24,19991018,291,10
15465,1999,215,5,19990801,213,10
15465,1999,215,65,19990718,199,10
15465,1999,215,67,19990628,179,10
15465,1999,253,10,19990415,105,10
15465,1999,253,12,19990502,122,10
15465,1999,253,13,19990615,166,10
15465,1999,253,24,19991021,294,10
15465,1999,311,29,19990720,201,10
15465,1999,311,3,19990324,83,10
15465,1999,311,32,19991025,298,10
15465,1999,311,5,19990430,120,10
15465,1999,311,6,19990501,121,10
15465,1999,311,7,19990510,130,10
15465,1999,313,29,19990925,268,10
15465,1999,313,3,19990327,86,10
15465,1999,313,32,19991101,305,10
15465,1999,313,5,19990430,120,10
15465,1999,313,6,19990501,121,10
15465,1999,313,7,19990511,131,10
15465,1999,322,29,19990926,269,10
15465,1999,322,5,19990411,101,10
15465,1999,322,6,19990425,115,10
15465,1999,322,7,19990504,124,10
15465,1999,330,29,19990702,183,10
15465,1999,330,31,19991018,291,10
15465,1999,330,5,19990408,98,10
15465,1999,330,6,19990411,101,10
15465,1999,330,7,19990429,119,10
15465,1999,340,29,19990712,193,10
15465,1999,340,5,19990424,114,10
15465,1999,340,6,19990426,116,10
15465,1999,340,7,19990503,123,10
15465,1999,350,29,19990719,200,10
15465,1999,350,3,19990225,56,10
15465,1999,350,4,19990325,84,10
15465,1999,350,5,19990409,99,10
15465,1999,360,29,19990622,173,10
15465,1999,360,5,19990408,98,10
15465,2000,102,5,20000325,84,10
15465,2000,103,3,20000320,79,10
15465,2000,103,4,20000409,99,10
15465,2000,103,5,20000502,122,10
15465,2000,103,62,20000818,230,10
15465,2000,104,4,20000430,120,10
15465,2000,108,5,20000426,116,10
15465,2000,109,5,20000325,84,10
15465,2000,112,3,20000328,87,10
15465,2000,112,31,20000915,258,10
15465,2000,112,32,20001026,299,10
15465,2000,112,4,20000416,106,10
15465,2000,114,5,20000805,217,10
15465,2000,116,5,20000307,66,10
15465,2000,117,5,20000522,142,10
15465,2000,117,62,20000915,258,10
15465,2000,120,5,20000418,108,10
15465,2000,121,5,20000515,135,10
15465,2000,122,3,20000321,80,10
15465,2000,122,31,20001011,284,10
15465,2000,122,32,20001025,298,10
15465,2000,122,4,20000411,101,10
15465,2000,122,5,20000430,120,10
15465,2000,122,62,20000920,263,10
15465,2000,123,31,20000910,253,10
15465,2000,123,32,20001101,305,10
15465,2000,123,4,20000423,113,10
15465,2000,125,5,20000410,100,10
15465,2000,127,5,20000210,41,10
15465,2000,129,5,20000510,130,10
15465,2000,129,62,20000812,224,10
15465,2000,130,5,20000604,155,10
15465,2000,132,31,20001008,281,10
15465,2000,132,32,20001110,314,10
15465,2000,132,4,20000424,114,10
15465,2000,132,62,20000925,268,10
15465,2000,135,5,20000501,121,10
15465,2000,135,6,20000503,123,10
15465,2000,136,6,20000530,150,10
15465,2000,138,5,20000502,122,10
15465,2000,138,62,20000803,215,10
15465,2000,201,1,20000310,69,10
15465,2000,201,25,20000517,137,10
15465,2000,202,10,20000913,256,10
15465,2000,202,12,20000928,271,10
15465,2000,202,15,20000419,109,10
15465,2000,202,18,20000610,161,10
15465,2000,202,19,20000728,209,10
15465,2000,202,21,20000810,222,10
15465,2000,202,24,20000913,256,10
15465,2000,203,10,20000915,258,10
15465,2000,203,12,20001005,278,10
15465,2000,203,15,20000424,114,10
15465,2000,203,18,20000612,163,10
15465,2000,203,21,20000812,224,10
15465,2000,203,24,20000901,244,10
15465,2000,204,10,20000912,255,10
15465,2000,204,12,20000928,271,10
15465,2000,204,15,20000516,136,10
15465,2000,204,21,20000722,203,10
15465,2000,205,10,20000823,235,10
15465,2000,205,12,20000915,258,10
15465,2000,205,14,20001012,285,10
15465,2000,205,17,20000428,118,10
15465,2000,205,22,20000814,226,10
15465,2000,205,24,20000822,234,10
15465,2000,205,5,20000515,135,10
15465,2000,205,67,20000316,75,10
15465,2000,208,10,20000416,106,10
15465,2000,208,12,20000427,117,10
15465,2000,208,15,20000510,130,10
15465,2000,208,19,20000710,191,10
15465,2000,208,21,20000726,207,10
15465,2000,208,24,20000902,245,10
15465,2000,208,66,20000616,167,10
15465,2000,215,10,20000410,100,10
15465,2000,215,12,20000428,118,10
15465,2000,215,19,20000815,227,10
15465,2000,215,21,20000910,253,10
15465,2000,215,24,20001005,278,10
15465,2000,215,5,20000722,203,10
15465,2000,215,65,20000711,192,10
15465,2000,215,67,20000616,167,10
15465,2000,253,10,20000415,105,10
15465,2000,253,12,20000428,118,10
15465,2000,253,13,20000610,161,10
15465,2000,253,24,20001015,288,10
15465,2000,311,29,20000713,194,10
15465,2000,311,3,20000321,80,10
15465,2000,311,32,20001015,288,10
15465,2000,311,5,20000425,115,10
15465,2000,311,6,20000426,116,10
15465,2000,311,7,20000502,122,10
15465,2000,313,29,20000928,271,10
15465,2000,313,3,20000322,81,10
15465,2000,313,32,20001108,312,10
15465,2000,313,5,20000425,115,10
15465,2000,313,6,20000426,116,10
15465,2000,313,7,20000505,125,10
15465,2000,322,29,20000926,269,10
15465,2000,322,5,20000420,110,10
15465,2000,322,6,20000422,112,10
15465,2000,322,7,20000430,120,10
15465,2000,330,29,20000611,162,10
15465,2000,330,31,20001001,274,10
15465,2000,330,5,20000414,104,10
15465,2000,330,6,20000416,106,10
15465,2000,330,7,20000427,117,10
15465,2000,340,29,20000704,185,10
15465,2000,340,5,20000420,110,10
15465,2000,340,6,20000422,112,10
15465,2000,340,7,20000428,118,10
15465,2000,350,29,20000715,196,10
15465,2000,350,4,20000322,81,10
15465,2000,350,5,20000411,101,10
15465,2000,360,29,20000603,154,10
15465,2001,102,5,20010422,112,10
15465,2001,103,3,20010325,84,10
15465,2001,103,4,20010412,102,10
15465,2001,103,62,20010828,240,10
15465,2001,104,4,20010514,134,10
15465,2001,105,61,20010418,108,10
15465,2001,105,63,20011030,303,10
15465,2001,105,64,20011130,334,10
15465,2001,108,5,20010510,130,10
15465,2001,109,5,20010403,93,10
15465,2001,112,3,20010405,95,10
15465,2001,112,31,20011020,293,10
15465,2001,112,32,20011111,315,10
15465,2001,112,4,20010424,114,10
15465,2001,114,5,20010808,220,10
15465,2001,116,5,20010329,88,10
15465,2001,117,5,20010609,160,10
15465,2001,117,62,20010901,244,10
15465,2001,120,5,20010425,115,10
15465,2001,121,5,20010609,160,10
15465,2001,122,3,20010320,79,10
15465,2001,122,31,20011013,286,10
15465,2001,122,32,20011110,314,10
15465,2001,122,4,20010410,100,10
15465,2001,122,5,20010512,132,10
15465,2001,122,62,20010928,271,10
15465,2001,123,31,20011003,276,10
15465,2001,123,32,20011130,334,10
15465,2001,123,4,20010502,122,10
15465,2001,125,5,20010427,117,10
15465,2001,127,5,20010208,39,10
15465,2001,129,5,20010528,148,10
15465,2001,129,62,20010827,239,10
15465,2001,130,5,20010620,171,10
15465,2001,132,31,20011025,298,10
15465,2001,132,32,20011202,336,10
15465,2001,132,4,20010505,125,10
15465,2001,132,62,20010930,273,10
15465,2001,135,5,20010515,135,10
15465,2001,135,6,20010518,138,10
15465,2001,136,6,20010612,163,10
15465,2001,138,5,20010513,133,10
15465,2001,138,62,20010829,241,10
15465,2001,201,1,20010408,98,10
15465,2001,201,25,20010612,163,10
15465,2001,202,10,20010910,253,10
15465,2001,202,12,20011005,278,10
15465,2001,202,15,20010428,118,10
15465,2001,202,18,20010602,153,10
15465,2001,202,19,20010802,214,10
15465,2001,202,21,20010818,230,10
15465,2001,202,24,20010827,239,10
15465,2001,203,10,20010910,253,10
15465,2001,203,12,20010922,265,10
15465,2001,203,18,20010602,153,10
15465,2001,203,21,20010819,231,10
15465,2001,203,24,20010901,244,10
15465,2001,203,6,20010622,173,10
15465,2001,204,10,20010924,267,10
15465,2001,204,12,20011016,289,10
15465,2001,204,15,20010414,104,10
15465,2001,204,18,20010619,170,10
15465,2001,204,21,20010728,209,10
15465,2001,204,24,20010816,228,10
15465,2001,205,10,20010814,226,10
15465,2001,205,12,20010905,248,10
15465,2001,205,14,20011003,276,10
15465,2001,205,22,20010712,193,10
15465,2001,205,24,20010727,208,10
15465,2001,205,5,20010516,136,10
15465,2001,205,67,20010415,105,10
15465,2001,208,10,20010418,108,10
15465,2001,208,12,20010503,123,10
15465,2001,208,15,20010602,153,10
15465,2001,208,19,20010728,209,10
15465,2001,208,21,20010810,222,10
15465,2001,208,24,20010824,236,10
15465,2001,208,66,20010701,182,10
15465,2001,215,10,20010412,102,10
15465,2001,215,12,20010423,113,10
15465,2001,215,19,20010802,214,10
15465,2001,215,21,20010826,238,10
15465,2001,215,24,20011015,288,10
15465,2001,215,65,20010712,193,10
15465,2001,215,67,20010618,169,10
15465,2001,253,10,20010410,100,10
15465,2001,253,12,20010423,113,10
15465,2001,253,13,20010616,167,10
15465,2001,253,24,20011029,302,10
15465,2001,311,29,20010724,205,10
15465,2001,311,3,20010401,91,10
15465,2001,311,32,20011026,299,10
15465,2001,311,5,20010506,126,10
15465,2001,311,6,20010507,127,10
15465,2001,311,7,20010513,133,10
15465,2001,313,29,20010922,265,10
15465,2001,313,3,20010403,93,10
15465,2001,313,32,20011115,319,10
15465,2001,313,5,20010506,126,10
15465,2001,313,6,20010508,128,10
15465,2001,313,7,20010515,135,10
15465,2001,322,29,20010920,263,10
15465,2001,322,5,20010501,121,10
15465,2001,322,6,20010502,122,10
15465,2001,322,7,20010509,129,10
15465,2001,330,29,20010630,181,10
15465,2001,330,31,20011030,303,10
15465,2001,330,5,20010426,116,10
15465,2001,330,6,20010427,117,10
15465,2001,330,7,20010505,125,10
15465,2001,340,29,20010713,194,10
15465,2001,340,5,20010501,121,10
15465,2001,340,6,20010502,122,10
15465,2001,340,7,20010509,129,10
15465,2001,350,29,20010724,205,10
15465,2001,350,3,20010310,69,10
15465,2001,350,4,20010320,79,10
15465,2001,350,5,20010415,105,10
15465,2001,360,29,20010625,176,10
15465,2001,360,5,20010423,113,10
15465,2002,102,5,20020415,105,10
15465,2002,103,3,20020310,69,10
15465,2002,103,4,20020401,91,10
15465,2002,103,5,20020512,132,10
15465,2002,103,62,20020830,242,10
15465,2002,104,4,20020513,133,10
15465,2002,105,61,20020410,100,10
15465,2002,105,63,20021020,293,10
15465,2002,105,64,20021105,309,10
15465,2002,108,5,20020509,129,10
15465,2002,109,5,20020308,67,10
15465,2002,112,3,20020401,91,10
15465,2002,112,31,20020927,270,10
15465,2002,112,4,20020420,110,10
15465,2002,114,5,20020810,222,10
15465,2002,116,5,20020316,75,10
15465,2002,117,5,20020602,153,10
15465,2002,117,62,20020908,251,10
15465,2002,120,5,20020417,107,10
15465,2002,122,3,20020310,69,10
15465,2002,122,31,20020929,272,10
15465,2002,122,32,20021026,299,10
15465,2002,122,4,20020401,91,10
15465,2002,122,5,20020505,125,10
15465,2002,122,62,20021001,274,10
15465,2002,123,31,20021005,278,10
15465,2002,123,32,20021024,297,10
15465,2002,123,4,20020428,118,10
15465,2002,125,5,20020407,97,10
15465,2002,127,5,20020205,36,10
15465,2002,129,5,20020530,150,10
15465,2002,129,62,20020830,242,10
15465,2002,130,5,20020617,168,10
15465,2002,132,31,20021028,301,10
15465,2002,132,32,20021110,314,10
15465,2002,132,4,20020506,126,10
15465,2002,132,62,20021005,278,10
15465,2002,135,5,20020523,143,10
15465,2002,135,6,20020526,146,10
15465,2002,136,6,20020610,161,10
15465,2002,138,5,20020510,130,10
15465,2002,138,62,20020912,255,10
15465,2002,201,1,20020318,77,10
15465,2002,201,25,20020626,177,10
15465,2002,201,26,20020518,138,10
15465,2002,202,10,20020926,269,10
15465,2002,202,12,20021020,293,10
15465,2002,202,15,20020512,132,10
15465,2002,202,18,20020612,163,10
15465,2002,202,19,20020725,206,10
15465,2002,202,21,20020812,224,10
15465,2002,202,24,20020820,232,10
15465,2002,203,10,20020920,263,10
15465,2002,203,12,20021015,288,10
15465,2002,203,18,20020510,130,10
15465,2002,203,21,20020810,222,10
15465,2002,203,24,20020823,235,10
15465,2002,203,5,20020615,166,10
15465,2002,203,6,20020620,171,10
15465,2002,204,10,20020904,247,10
15465,2002,204,12,20020920,263,10
15465,2002,204,15,20020510,130,10
15465,2002,204,18,20020620,171,10
15465,2002,204,21,20020712,193,10
15465,2002,204,24,20020725,206,10
15465,2002,205,10,20020822,234,10
15465,2002,205,12,20020920,263,10
15465,2002,205,14,20021015,288,10
15465,2002,205,17,20020412,102,10
15465,2002,205,22,20020728,209,10
15465,2002,205,24,20020814,226,10
15465,2002,205,5,20020515,135,10
15465,2002,205,67,20020324,83,10
15465,2002,208,10,20020326,85,10
15465,2002,208,12,20020428,118,10
15465,2002,208,15,20020514,134,10
15465,2002,208,19,20020810,222,10
15465,2002,208,21,20020822,234,10
15465,2002,208,24,20020910,253,10
15465,2002,208,66,20020614,165,10
15465,2002,215,10,20020410,100,10
15465,2002,215,12,20020524,144,10
15465,2002,215,19,20020920,263,10
15465,2002,215,20,20021005,278,10
15465,2002,215,21,20021012,285,10
15465,2002,215,24,20021015,288,10
15465,2002,215,5,20020815,227,10
15465,2002,215,65,20020720,201,10
15465,2002,215,67,20020614,165,10
15465,2002,253,10,20020424,114,10
15465,2002,253,12,20020515,135,10
15465,2002,253,13,20020615,166,10
15465,2002,253,24,20021010,283,10
15465,2002,311,29,20020720,201,10
15465,2002,311,3,20020305,64,10
15465,2002,311,32,20021022,295,10
15465,2002,311,5,20020425,115,10
15465,2002,311,6,20020427,117,10
15465,2002,311,7,20020508,128,10
15465,2002,313,29,20020923,266,10
15465,2002,313,3,20020307,66,10
15465,2002,313,32,20021024,297,10
15465,2002,313,5,20020426,116,10
15465,2002,313,6,20020510,130,10
15465,2002,313,7,20020510,130,10
15465,2002,322,29,20020924,267,10
15465,2002,322,5,20020413,103,10
15465,2002,322,6,20020415,105,10
15465,2002,322,7,20020502,122,10
15465,2002,330,31,20021020,293,10
15465,2002,330,5,20020402,92,10
15465,2002,330,6,20020403,93,10
15465,2002,330,7,20020422,112,10
15465,2002,340,29,20020716,197,10
15465,2002,340,5,20020421,111,10
15465,2002,340,6,20020423,113,10
15465,2002,340,7,20020504,124,10
15465,2002,350,29,20020715,196,10
15465,2002,350,3,20020228,59,10
15465,2002,350,4,20020315,74,10
15465,2002,350,5,20020416,106,10
15465,2002,360,29,20020624,175,10
15465,2002,360,5,20020408,98,10
15465,2003,102,5,20030406,96,10
15465,2003,103,3,20030320,79,10
15465,2003,103,32,20031022,295,10
15465,2003,103,4,20030415,105,10
15465,2003,103,5,20030510,130,10
15465,2003,103,62,20030817,229,10
15465,2003,104,4,20030504,124,10
15465,2003,105,61,20030412,102,10
15465,2003,105,63,20030929,272,10
15465,2003,105,64,20031016,289,10
15465,2003,108,5,20030428,118,10
15465,2003,109,5,20030405,95,10
15465,2003,112,3,20030402,92,10
15465,2003,112,31,20030915,258,10
15465,2003,112,32,20031021,294,10
15465,2003,112,4,20030421,111,10
15465,2003,114,5,20030720,201,10
15465,2003,117,5,20030522,142,10
15465,2003,117,62,20030901,244,10
15465,2003,120,5,20030420,110,10
15465,2003,121,5,20030528,148,10
15465,2003,122,3,20030330,89,10
15465,2003,122,31,20031018,291,10
15465,2003,122,32,20031119,323,10
15465,2003,122,4,20030418,108,10
15465,2003,122,5,20030501,121,10
15465,2003,122,62,20030922,265,10
15465,2003,123,31,20030925,268,10
15465,2003,123,32,20031027,300,10
15465,2003,123,4,20030423,113,10
15465,2003,125,5,20030419,109,10
15465,2003,127,5,20030303,62,10
15465,2003,129,5,20030520,140,10
15465,2003,129,62,20030820,232,10
15465,2003,130,5,20030602,153,10
15465,2003,132,31,20031001,274,10
15465,2003,132,32,20031124,328,10
15465,2003,132,4,20030428,118,10
15465,2003,132,62,20030924,267,10
15465,2003,135,5,20030506,126,10
15465,2003,135,6,20030510,130,10
15465,2003,136,6,20030601,152,10
15465,2003,138,5,20030504,124,10
15465,2003,138,62,20030903,246,10
15465,2003,201,1,20030322,81,10
15465,2003,201,25,20030630,181,10
15465,2003,201,26,20030525,145,10
15465,2003,202,10,20030908,251,10
15465,2003,202,12,20030912,255,10
15465,2003,202,15,20030417,107,10
15465,2003,202,18,20030620,171,10
15465,2003,202,19,20030708,189,10
15465,2003,202,21,20030719,200,10
15465,2003,202,24,20030802,214,10
15465,2003,203,10,20030910,253,10
15465,2003,203,12,20030924,267,10
15465,2003,203,15,20030410,100,10
15465,2003,203,18,20030525,145,10
15465,2003,203,21,20030627,178,10
15465,2003,203,24,20030810,222,10
15465,2003,203,5,20030702,183,10
15465,2003,203,6,20030710,191,10
15465,2003,204,10,20030825,237,10
15465,2003,204,12,20030912,255,10
15465,2003,204,15,20030415,105,10
15465,2003,204,18,20030602,153,10
15465,2003,204,21,20030725,206,10
15465,2003,204,24,20030801,213,10
15465,2003,205,10,20030820,232,10
15465,2003,205,12,20030904,247,10
15465,2003,205,14,20031005,278,10
15465,2003,205,17,20030518,138,10
15465,2003,205,22,20030724,205,10
15465,2003,205,24,20030729,210,10
15465,2003,205,5,20030528,148,10
15465,2003,205,67,20030410,100,10
15465,2003,208,10,20030401,91,10
15465,2003,208,12,20030420,110,10
15465,2003,208,15,20030523,143,10
15465,2003,208,19,20030712,193,10
15465,2003,208,21,20030820,232,10
15465,2003,208,24,20030828,240,10
15465,2003,208,66,20030710,191,10
15465,2003,215,10,20030415,105,10
15465,2003,215,12,20030506,126,10
15465,2003,215,19,20030820,232,10
15465,2003,215,20,20030825,237,10
15465,2003,215,21,20030912,255,10
15465,2003,215,24,20031005,278,10
15465,2003,215,5,20030812,224,10
15465,2003,215,65,20030805,217,10
15465,2003,215,67,20030628,179,10
15465,2003,253,10,20030315,74,10
15465,2003,253,12,20030402,92,10
15465,2003,253,13,20030620,171,10
15465,2003,253,24,20031015,288,10
15465,2003,311,29,20030723,204,10
15465,2003,311,3,20030412,102,10
15465,2003,311,32,20031020,293,10
15465,2003,311,5,20030429,119,10
15465,2003,311,6,20030501,121,10
15465,2003,311,7,20030509,129,10
15465,2003,313,29,20030915,258,10
15465,2003,313,3,20030413,103,10
15465,2003,313,32,20031024,297,10
15465,2003,313,5,20030430,120,10
15465,2003,313,6,20030502,122,10
15465,2003,313,7,20030510,130,10
15465,2003,322,29,20030916,259,10
15465,2003,322,5,20030423,113,10
15465,2003,322,6,20030425,115,10
15465,2003,322,7,20030530,150,10
15465,2003,330,29,20030622,173,10
15465,2003,330,31,20031023,296,10
15465,2003,330,5,20030420,110,10
15465,2003,330,6,20030421,111,10
15465,2003,330,7,20030429,119,10
15465,2003,340,29,20030701,182,10
15465,2003,340,5,20030426,116,10
15465,2003,340,6,20030428,118,10
15465,2003,340,7,20030506,126,10
15465,2003,350,29,20030710,191,10
15465,2003,350,3,20030220,51,10
15465,2003,350,4,20030320,79,10
15465,2003,350,5,20030419,109,10
15465,2003,360,29,20030618,169,10
15465,2003,360,5,20030420,110,10
15465,2004,103,32,20041019,292,10
15465,2004,103,4,20040404,94,10
15465,2004,103,62,20040815,227,10
15465,2004,104,5,20040502,122,10
15465,2004,105,61,20040417,107,10
15465,2004,105,63,20041015,288,10
15465,2004,105,64,20041112,316,10
15465,2004,108,5,20040504,124,10
15465,2004,109,5,20040326,85,10
15465,2004,112,31,20040918,261,10
15465,2004,112,32,20041110,314,10
15465,2004,112,4,20040418,108,10
15465,2004,114,5,20040728,209,10
15465,2004,117,5,20040608,159,10
15465,2004,120,5,20040420,110,10
15465,2004,121,5,20040602,153,10
15465,2004,122,3,20040310,69,10
15465,2004,122,32,20041113,317,10
15465,2004,122,4,20040405,95,10
15465,2004,122,5,20040505,125,10
15465,2004,122,62,20040920,263,10
15465,2004,123,31,20041025,298,10
15465,2004,123,32,20041108,312,10
15465,2004,123,4,20040421,111,10
15465,2004,125,5,20040417,107,10
15465,2004,127,5,20040206,37,10
15465,2004,129,5,20040605,156,10
15465,2004,129,62,20040828,240,10
15465,2004,132,31,20041010,283,10
15465,2004,132,32,20041115,319,10
15465,2004,132,4,20040426,116,10
15465,2004,132,62,20040926,269,10
15465,2004,135,5,20040513,133,10
15465,2004,135,6,20040515,135,10
15465,2004,136,6,20040520,140,10
15465,2004,138,5,20040515,135,10
15465,2004,138,62,20040820,232,10
15465,2004,201,1,20040315,74,10
15465,2004,201,25,20040525,145,10
15465,2004,201,26,20040518,138,10
15465,2004,202,10,20040910,253,10
15465,2004,202,12,20040927,270,10
15465,2004,202,15,20040412,102,10
15465,2004,202,18,20040615,166,10
15465,2004,202,19,20040802,214,10
15465,2004,202,21,20040821,233,10
15465,2004,202,24,20040918,261,10
15465,2004,203,10,20040904,247,10
15465,2004,203,12,20040916,259,10
15465,2004,203,15,20040418,108,10
15465,2004,203,18,20040524,144,10
15465,2004,203,21,20040729,210,10
15465,2004,203,24,20040902,245,10
15465,2004,203,5,20040627,178,10
15465,2004,203,6,20040712,193,10
15465,2004,204,10,20040902,245,10
15465,2004,204,12,20040916,259,10
15465,2004,204,15,20040402,92,10
15465,2004,204,18,20040602,153,10
15465,2004,204,21,20040715,196,10
15465,2004,204,24,20040822,234,10
15465,2004,205,10,20040824,236,10
15465,2004,205,12,20040905,248,10
15465,2004,205,14,20040928,271,10
15465,2004,205,17,20040426,116,10
15465,2004,205,22,20040808,220,10
15465,2004,205,24,20040812,224,10
15465,2004,205,5,20040512,132,10
15465,2004,205,67,20040323,82,10
15465,2004,208,10,20040315,74,10
15465,2004,208,12,20040330,89,10
15465,2004,208,15,20040428,118,10
15465,2004,208,19,20040730,211,10
15465,2004,208,21,20040815,227,10
15465,2004,208,24,20040920,263,10
15465,2004,208,66,20040601,152,10
15465,2004,215,10,20040412,102,10
15465,2004,215,12,20040519,139,10
15465,2004,215,19,20040912,255,10
15465,2004,215,20,20040928,271,10
15465,2004,215,21,20041019,292,10
15465,2004,215,24,20041024,297,10
15465,2004,215,5,20040821,233,10
15465,2004,215,65,20040730,211,10
15465,2004,215,67,20040620,171,10
15465,2004,253,10,20040402,92,10
15465,2004,253,12,20040422,112,10
15465,2004,253,13,20040602,153,10
15465,2004,253,24,20041010,283,10
15465,2004,311,29,20040726,207,10
15465,2004,311,3,20040320,79,10
15465,2004,311,32,20041021,294,10
15465,2004,311,5,20040429,119,10
15465,2004,311,6,20040430,120,10
15465,2004,311,7,20040510,130,10
15465,2004,313,29,20041011,284,10
15465,2004,313,3,20040321,80,10
15465,2004,313,32,20041112,316,10
15465,2004,313,5,20040429,119,10
15465,2004,313,6,20040410,100,10
15465,2004,313,7,20040510,130,10
15465,2004,322,29,20040930,273,10
15465,2004,322,5,20040420,110,10
15465,2004,322,6,20040421,111,10
15465,2004,322,7,20040502,122,10
15465,2004,332,29,20040628,179,10
15465,2004,332,31,20041025,298,10
15465,2004,332,5,20040416,106,10
15465,2004,332,6,20040418,108,10
15465,2004,332,7,20040430,120,10
15465,2004,340,29,20040724,205,10
15465,2004,340,5,20040423,113,10
15465,2004,340,6,20040424,114,10
15465,2004,340,7,20040502,122,10
15465,2004,350,29,20040720,201,10
15465,2004,350,3,20040315,74,10
15465,2004,350,4,20040402,92,10
15465,2004,360,29,20040630,181,10
15465,2004,360,5,20040418,108,10
15465,2005,102,5,20050401,91,10
15465,2005,103,4,20050411,101,10
15465,2005,104,4,20050508,128,10
15465,2005,105,61,20050421,111,10
15465,2005,105,63,20051101,305,10
15465,2005,105,64,20051122,326,10
15465,2005,108,5,20050503,123,10
15465,2005,109,5,20050330,89,10
15465,2005,112,31,20050925,268,10
15465,2005,112,32,20051110,314,10
15465,2005,112,4,20050420,110,10
15465,2005,114,5,20050801,213,10
15465,2005,116,5,20050402,92,10
15465,2005,117,5,20050606,157,10
15465,2005,117,62,20050928,271,10
15465,2005,120,5,20050419,109,10
15465,2005,121,5,20050603,154,10
15465,2005,122,3,20050318,77,10
15465,2005,122,31,20051001,274,10
15465,2005,122,32,20051110,314,10
15465,2005,122,4,20050404,94,10
15465,2005,122,5,20050503,123,10
15465,2005,122,62,20050922,265,10
15465,2005,123,31,20051020,293,10
15465,2005,123,32,20051105,309,10
15465,2005,123,4,20050502,122,10
15465,2005,125,5,20050415,105,10
15465,2005,127,5,20050310,69,10
15465,2005,129,5,20050604,155,10
15465,2005,129,62,20050901,244,10
15465,2005,130,5,20050622,173,10
15465,2005,132,31,20051021,294,10
15465,2005,132,32,20051122,326,10
15465,2005,132,4,20050428,118,10
15465,2005,135,6,20050502,122,10
15465,2005,136,6,20050522,142,10
15465,2005,201,1,20050319,78,10
15465,2005,201,25,20050610,161,10
15465,2005,201,26,20050602,153,10
15465,2005,202,10,20050912,255,10
15465,2005,202,12,20051016,289,10
15465,2005,202,15,20050410,100,10
15465,2005,202,18,20050621,172,10
15465,2005,202,19,20050625,176,10
15465,2005,202,21,20050815,227,10
15465,2005,202,24,20050922,265,10
15465,2005,203,10,20050906,249,10
15465,2005,203,12,20050920,263,10
15465,2005,203,15,20050324,83,10
15465,2005,203,18,20050612,163,10
15465,2005,203,21,20050820,232,10
15465,2005,203,24,20050901,244,10
15465,2005,203,5,20050627,178,10
15465,2005,203,6,20050705,186,10
15465,2005,204,10,20050911,254,10
15465,2005,204,12,20050928,271,10
15465,2005,204,15,20050418,108,10
15465,2005,204,18,20050602,153,10
15465,2005,204,21,20050712,193,10
15465,2005,204,24,20050722,203,10
15465,2005,205,10,20050822,234,10
15465,2005,205,12,20050902,245,10
15465,2005,205,14,20051005,278,10
15465,2005,205,17,20050510,130,10
15465,2005,205,22,20050820,232,10
15465,2005,205,24,20050824,236,10
15465,2005,205,5,20050528,148,10
15465,2005,205,67,20050320,79,10
15465,2005,208,10,20050318,77,10
15465,2005,208,12,20050401,91,10
15465,2005,208,15,20050430,120,10
15465,2005,208,19,20050725,206,10
15465,2005,208,21,20050804,216,10
15465,2005,208,24,20050818,230,10
15465,2005,208,66,20050610,161,10
15465,2005,215,10,20050416,106,10
15465,2005,215,12,20050420,110,10
15465,2005,215,19,20050910,253,10
15465,2005,215,20,20050919,262,10
15465,2005,215,21,20051002,275,10
15465,2005,215,24,20051012,285,10
15465,2005,215,5,20050818,230,10
15465,2005,215,65,20050728,209,10
15465,2005,215,67,20050622,173,10
15465,2005,253,10,20050327,86,10
15465,2005,253,12,20050413,103,10
15465,2005,253,13,20050603,154,10
15465,2005,253,24,20051015,288,10
15465,2005,311,29,20050720,201,10
15465,2005,311,3,20050320,79,10
15465,2005,311,32,20051022,295,10
15465,2005,311,5,20050428,118,10
15465,2005,311,6,20050430,120,10
15465,2005,311,7,20050508,128,10
15465,2005,313,29,20050925,268,10
15465,2005,313,3,20050322,81,10
15465,2005,313,32,20051025,298,10
15465,2005,313,5,20050430,120,10
15465,2005,313,6,20050502,122,10
15465,2005,313,7,20050509,129,10
15465,2005,322,29,20051011,284,10
15465,2005,322,5,20050419,109,10
15465,2005,322,6,20050421,111,10
15465,2005,322,7,20050503,123,10
15465,2005,332,29,20050701,182,10
15465,2005,332,31,20051020,293,10
15465,2005,332,5,20050415,105,10
15465,2005,332,6,20050417,107,10
15465,2005,332,7,20050428,118,10
15465,2005,340,29,20050722,203,10
15465,2005,340,5,20050427,117,10
15465,2005,340,6,20050428,118,10
15465,2005,340,7,20050506,126,10
15465,2005,350,29,20050718,199,10
15465,2005,350,3,20050316,75,10
15465,2005,350,4,20050329,88,10
15465,2005,350,5,20050411,101,10
15465,2005,360,29,20050628,179,10
15465,2005,360,5,20050413,103,10
15465,2006,102,5,20060415,105,10
15465,2006,105,61,20060426,116,10
15465,2006,105,63,20061103,307,10
15465,2006,105,64,20061120,324,10
15465,2006,108,5,20060509,129,10
15465,2006,109,5,20060417,107,10
15465,2006,112,3,20060418,108,10
15465,2006,112,31,20061103,307,10
15465,2006,112,4,20060430,120,10
15465,2006,114,5,20060810,222,10
15465,2006,117,5,20060610,161,10
15465,2006,117,62,20060930,273,10
15465,2006,120,5,20060503,123,10
15465,2006,121,5,20060611,162,10
15465,2006,122,3,20060330,89,10
15465,2006,122,31,20061010,283,10
15465,2006,122,32,20061105,309,10
15465,2006,122,4,20060422,112,10
15465,2006,122,5,20060508,128,10
15465,2006,122,62,20061023,296,10
15465,2006,123,31,20061025,298,10
15465,2006,123,32,20061102,306,10
15465,2006,123,4,20060428,118,10
15465,2006,125,5,20060502,122,10
15465,2006,127,5,20060328,87,10
15465,2006,129,5,20060609,160,10
15465,2006,129,62,20060903,246,10
15465,2006,130,5,20060620,171,10
15465,2006,132,31,20061101,305,10
15465,2006,132,32,20061112,316,10
15465,2006,132,4,20060504,124,10
15465,2006,135,5,20060510,130,10
15465,2006,135,6,20060512,132,10
15465,2006,136,6,20060612,163,10
15465,2006,201,1,20060326,85,10
15465,2006,201,25,20060516,136,10
15465,2006,201,26,20060505,125,10
15465,2006,202,10,20060922,265,10
15465,2006,202,12,20061010,283,10
15465,2006,202,15,20060413,103,10
15465,2006,202,18,20060622,173,10
15465,2006,202,19,20060715,196,10
15465,2006,202,21,20060718,199,10
15465,2006,202,24,20060722,203,10
15465,2006,203,10,20060915,258,10
15465,2006,203,12,20060924,267,10
15465,2006,203,15,20060410,100,10
15465,2006,203,18,20060618,169,10
15465,2006,203,21,20060810,222,10
15465,2006,203,24,20060824,236,10
15465,2006,203,5,20060622,173,10
15465,2006,203,6,20060701,182,10
15465,2006,204,10,20060910,253,10
15465,2006,204,12,20060928,271,10
15465,2006,204,15,20060412,102,10
15465,2006,204,18,20060610,161,10
15465,2006,204,21,20060718,199,10
15465,2006,204,24,20060725,206,10
15465,2006,205,10,20060826,238,10
15465,2006,205,12,20060912,255,10
15465,2006,205,14,20061012,285,10
15465,2006,205,17,20060502,122,10
15465,2006,205,22,20060723,204,10
15465,2006,205,24,20060825,237,10
15465,2006,205,5,20060510,130,10
15465,2006,205,67,20060328,87,10
15465,2006,208,10,20060424,114,10
15465,2006,208,12,20060512,132,10
15465,2006,208,15,20060528,148,10
15465,2006,208,19,20060703,184,10
15465,2006,208,21,20060723,204,10
15465,2006,208,24,20060728,209,10
15465,2006,208,66,20060629,180,10
15465,2006,215,10,20060413,103,10
15465,2006,215,12,20060501,121,10
15465,2006,215,19,20060910,253,10
15465,2006,215,20,20060915,258,10
15465,2006,215,21,20061012,285,10
15465,2006,215,24,20061022,295,10
15465,2006,215,5,20060801,213,10
15465,2006,215,65,20060715,196,10
15465,2006,215,67,20060617,168,10
15465,2006,253,10,20060414,104,10
15465,2006,253,13,20060612,163,10
15465,2006,253,24,20061018,291,10
15465,2006,311,29,20060725,206,10
15465,2006,311,3,20060412,102,10
15465,2006,311,32,20061102,306,10
15465,2006,311,5,20060507,127,10
15465,2006,311,6,20060508,128,10
15465,2006,311,7,20060512,132,10
15465,2006,313,29,20061010,283,10
15465,2006,313,3,20060413,103,10
15465,2006,313,32,20061108,312,10
15465,2006,313,5,20060507,127,10
15465,2006,313,6,20060508,128,10
15465,2006,313,7,20060516,136,10
15465,2006,322,29,20061012,285,10
15465,2006,322,5,20060504,124,10
15465,2006,322,6,20060505,125,10
15465,2006,322,7,20060511,131,10
15465,2006,332,29,20060708,189,10
15465,2006,332,31,20061114,318,10
15465,2006,332,5,20060428,118,10
15465,2006,332,6,20060429,119,10
15465,2006,332,7,20060507,127,10
15465,2006,340,29,20060720,201,10
15465,2006,340,5,20060505,125,10
15465,2006,340,6,20060506,126,10
15465,2006,340,7,20060511,131,10
15465,2006,350,3,20060330,89,10
15465,2006,350,4,20060411,101,10
15465,2007,103,4,20070430,120,10
15465,2007,105,61,20070412,102,10
15465,2007,105,63,20071025,298,10
15465,2007,105,64,20071120,324,10
15465,2007,108,5,20070417,107,10
15465,2007,109,5,20070325,84,10
15465,2007,112,31,20071015,288,10
15465,2007,112,32,20071030,303,10
15465,2007,112,4,20070415,105,10
15465,2007,117,5,20070618,169,10
15465,2007,117,62,20070920,263,10
15465,2007,120,5,20070410,100,10
15465,2007,121,5,20070521,141,10
15465,2007,122,3,20070303,62,10
15465,2007,122,31,20071001,274,10
15465,2007,122,32,20071031,304,10
15465,2007,122,4,20070402,92,10
15465,2007,122,5,20070425,115,10
15465,2007,122,62,20070925,268,10
15465,2007,123,31,20071004,277,10
15465,2007,123,32,20071030,303,10
15465,2007,123,4,20070416,106,10
15465,2007,125,5,20070410,100,10
15465,2007,127,5,20070217,48,10
15465,2007,129,5,20070518,138,10
15465,2007,129,62,20070905,248,10
15465,2007,130,5,20070610,161,10
15465,2007,132,31,20071013,286,10
15465,2007,132,32,20071101,305,10
15465,2007,132,4,20070423,113,10
15465,2007,135,5,20070504,124,10
15465,2007,135,6,20070506,126,10
15465,2007,136,6,20070605,156,10
15465,2007,201,1,20070320,79,10
15465,2007,201,25,20070803,215,10
15465,2007,201,26,20070628,179,10
15465,2007,202,10,20070922,265,10
15465,2007,202,12,20071018,291,10
15465,2007,202,15,20070422,112,10
15465,2007,202,18,20070614,165,10
15465,2007,202,19,20070710,191,10
15465,2007,202,21,20070718,199,10
15465,2007,202,24,20070810,222,10
15465,2007,203,10,20070912,255,10
15465,2007,203,12,20071015,288,10
15465,2007,203,15,20070320,79,10
15465,2007,203,18,20070527,147,10
15465,2007,203,21,20070715,196,10
15465,2007,203,24,20070727,208,10
15465,2007,203,5,20070528,148,10
15465,2007,203,6,20070604,155,10
15465,2007,204,10,20070911,254,10
15465,2007,204,12,20070922,265,10
15465,2007,204,15,20070401,91,10
15465,2007,204,18,20070428,118,10
15465,2007,204,21,20070627,178,10
15465,2007,204,24,20070810,222,10
15465,2007,205,10,20070818,230,10
15465,2007,205,12,20070915,258,10
15465,2007,205,14,20070916,259,10
15465,2007,205,17,20070328,87,10
15465,2007,205,22,20070710,191,10
15465,2007,205,24,20070724,205,10
15465,2007,205,5,20070415,105,10
15465,2007,205,67,20070310,69,10
15465,2007,208,10,20070422,112,10
15465,2007,208,12,20070504,124,10
15465,2007,208,15,20070515,135,10
15465,2007,208,19,20070720,201,10
15465,2007,208,21,20070810,222,10
15465,2007,208,24,20070826,238,10
15465,2007,208,66,20070610,161,10
15465,2007,215,10,20070416,106,10
15465,2007,215,12,20070430,120,10
15465,2007,215,19,20070810,222,10
15465,2007,215,20,20070824,236,10
15465,2007,215,21,20070910,253,10
15465,2007,215,24,20071015,288,10
15465,2007,215,5,20070712,193,10
15465,2007,215,65,20070701,182,10
15465,2007,215,67,20070625,176,10
15465,2007,253,10,20070915,258,10
15465,2007,253,12,20070410,100,10
15465,2007,253,13,20070602,153,10
15465,2007,253,24,20071008,281,10
15465,2007,311,29,20070715,196,10
15465,2007,311,3,20070329,88,10
15465,2007,311,32,20070930,273,10
15465,2007,311,5,20070418,108,10
15465,2007,311,6,20070420,110,10
15465,2007,311,7,20070428,118,10
15465,2007,313,29,20070921,264,10
15465,2007,313,3,20070330,89,10
15465,2007,313,32,20071015,288,10
15465,2007,313,5,20070419,109,10
15465,2007,313,6,20070421,111,10
15465,2007,313,7,20070429,119,10
15465,2007,322,29,20070922,265,10
15465,2007,322,5,20070412,102,10
15465,2007,322,6,20070413,103,10
15465,2007,322,7,20070420,110,10
15465,2007,332,29,20070710,191,10
15465,2007,332,5,20070410,100,10
15465,2007,332,6,20070412,102,10
15465,2007,332,7,20070422,112,10
15465,2007,340,29,20070711,192,10
15465,2007,340,5,20070414,104,10
15465,2007,340,6,20070415,105,10
15465,2007,340,7,20070423,113,10
15465,2007,350,29,20070712,193,10
15465,2007,350,3,20070308,67,10
15465,2007,350,4,20070331,90,10
15465,2008,102,5,20080318,77,10
15465,2008,104,4,20080509,129,10
15465,2008,105,61,20080417,107,10
15465,2008,105,63,20081113,317,10
15465,2008,105,64,20081120,324,10
15465,2008,108,5,20080506,126,10
15465,2008,109,5,20080312,71,10
15465,2008,112,31,20081020,293,10
15465,2008,112,32,20081104,308,10
15465,2008,112,4,20080426,116,10
15465,2008,120,5,20080422,112,10
15465,2008,121,5,20080601,152,10
15465,2008,122,3,20080310,69,10
15465,2008,122,31,20081002,275,10
15465,2008,122,32,20081110,314,10
15465,2008,122,4,20080408,98,10
15465,2008,122,5,20080506,126,10
15465,2008,122,62,20080918,261,10
15465,2008,123,31,20081011,284,10
15465,2008,123,32,20081105,309,10
15465,2008,123,4,20080425,115,10
15465,2008,125,5,20080421,111,10
15465,2008,127,5,20080205,36,10
15465,2008,129,5,20080530,150,10
15465,2008,129,62,20080828,240,10
15465,2008,130,5,20080610,161,10
15465,2008,132,31,20081015,288,10
15465,2008,132,32,20081110,314,10
15465,2008,132,4,20080503,123,10
15465,2008,135,5,20080521,141,10
15465,2008,135,6,20080610,161,10
15465,2008,136,6,20080620,171,10
15465,2008,201,1,20080310,69,10
15465,2008,201,25,20080528,148,10
15465,2008,201,26,20080520,140,10
15465,2008,202,10,20080907,250,10
15465,2008,202,12,20080930,273,10
15465,2008,202,15,20080426,116,10
15465,2008,202,18,20080526,146,10
15465,2008,202,19,20080615,166,10
15465,2008,202,21,20080720,201,10
15465,2008,202,24,20080731,212,10
15465,2008,203,10,20080903,246,10
15465,2008,203,12,20080916,259,10
15465,2008,203,15,20080420,110,10
15465,2008,203,18,20080531,151,10
15465,2008,203,21,20080728,209,10
15465,2008,203,24,20080810,222,10
15465,2008,203,5,20080611,162,10
15465,2008,203,6,20080624,175,10
15465,2008,204,10,20080903,246,10
15465,2008,204,12,20080923,266,10
15465,2008,204,15,20080516,136,10
15465,2008,204,18,20080522,142,10
15465,2008,204,21,20080709,190,10
15465,2008,204,24,20080717,198,10
15465,2008,205,10,20080810,222,10
15465,2008,205,12,20080824,236,10
15465,2008,205,14,20080925,268,10
15465,2008,205,17,20080510,130,10
15465,2008,205,22,20080716,197,10
15465,2008,205,24,20080724,205,10
15465,2008,205,5,20080410,100,10
15465,2008,205,67,20080425,115,10
15465,2008,208,10,20080310,69,10
15465,2008,208,12,20080401,91,10
15465,2008,208,15,20080515,135,10
15465,2008,208,19,20080620,171,10
15465,2008,208,21,20080710,191,10
15465,2008,208,24,20080728,209,10
15465,2008,208,66,20080601,152,10
15465,2008,215,10,20080410,100,10
15465,2008,215,12,20080503,123,10
15465,2008,215,19,20080815,227,10
15465,2008,215,20,20080822,234,10
15465,2008,215,21,20080903,246,10
15465,2008,215,24,20080928,271,10
15465,2008,215,5,20080722,203,10
15465,2008,215,65,20080702,183,10
15465,2008,215,67,20080615,166,10
15465,2008,253,10,20080415,105,10
15465,2008,253,12,20080420,110,10
15465,2008,253,13,20080630,181,10
15465,2008,253,24,20081015,288,10
15465,2008,311,29,20080710,191,10
15465,2008,311,3,20080328,87,10
15465,2008,311,32,20081015,288,10
15465,2008,311,5,20080502,122,10
15465,2008,311,6,20080504,124,10
15465,2008,311,7,20080511,131,10
15465,2008,313,29,20080920,263,10
15465,2008,313,3,20080502,122,10
15465,2008,313,32,20081030,303,10
15465,2008,313,5,20080502,122,10
15465,2008,313,6,20080504,124,10
15465,2008,313,7,20080512,132,10
15465,2008,322,29,20080921,264,10
15465,2008,322,5,20080421,111,10
15465,2008,322,6,20080425,115,10
15465,2008,322,7,20080505,125,10
15465,2008,332,29,20080702,183,10
15465,2008,332,31,20081011,284,10
15465,2008,332,5,20080419,109,10
15465,2008,332,6,20080421,111,10
15465,2008,332,7,20080501,121,10
15465,2008,340,29,20080705,186,10
15465,2008,340,5,20080427,117,10
15465,2008,340,6,20080429,119,10
15465,2008,340,7,20080506,126,10
15465,2008,350,29,20080710,191,10
15465,2008,350,4,20080318,77,10
15465,2009,102,5,20090328,87,10
15465,2009,104,4,20090501,121,10
15465,2009,105,61,20090412,102,10
15465,2009,105,63,20091106,310,10
15465,2009,105,64,20091116,320,10
15465,2009,108,5,20090426,116,10
15465,2009,109,5,20090408,98,10
15465,2009,112,31,20091022,295,10
15465,2009,112,32,20091105,309,10
15465,2009,112,4,20090408,98,10
15465,2009,117,5,20090520,140,10
15465,2009,120,5,20090415,105,10
15465,2009,121,5,20090518,138,10
15465,2009,122,3,20090313,72,10
15465,2009,122,31,20091025,298,10
15465,2009,122,32,20091109,313,10
15465,2009,122,4,20090408,98,10
15465,2009,122,5,20090420,110,10
15465,2009,123,31,20091020,293,10
15465,2009,123,32,20091108,312,10
15465,2009,123,4,20090412,102,10
15465,2009,125,5,20090413,103,10
15465,2009,127,5,20090313,72,10
15465,2009,129,5,20090527,147,10
15465,2009,129,62,20090908,251,10
15465,2009,130,5,20090615,166,10
15465,2009,132,31,20091030,303,10
15465,2009,132,32,20091112,316,10
15465,2009,132,4,20090416,106,10
15465,2009,135,5,20090520,140,10
15465,2009,135,6,20090522,142,10
15465,2009,136,6,20090526,146,10
15465,2009,201,1,20090310,69,10
15465,2009,201,25,20090522,142,10
15465,2009,201,26,20090518,138,10
15465,2009,202,10,20090920,263,10
15465,2009,202,12,20091005,278,10
15465,2009,202,15,20090511,131,10
15465,2009,202,18,20090616,167,10
15465,2009,202,19,20090720,201,10
15465,2009,202,21,20090726,207,10
15465,2009,202,24,20090804,216,10
15465,2009,203,10,20090918,261,10
15465,2009,203,12,20090930,273,10
15465,2009,203,15,20090416,106,10
15465,2009,203,18,20090524,144,10
15465,2009,203,21,20090720,201,10
15465,2009,203,24,20090825,237,10
15465,2009,203,5,20090530,150,10
15465,2009,203,6,20090610,161,10
15465,2009,204,10,20090914,257,10
15465,2009,204,12,20090924,267,10
15465,2009,204,15,20090502,122,10
15465,2009,204,18,20090603,154,10
15465,2009,204,21,20090709,190,10
15465,2009,204,24,20090715,196,10
15465,2009,205,10,20090825,237,10
15465,2009,205,12,20090910,253,10
15465,2009,205,14,20091015,288,10
15465,2009,205,17,20090510,130,10
15465,2009,205,22,20090617,168,10
15465,2009,205,24,20090628,179,10
15465,2009,205,5,20090518,138,10
15465,2009,205,67,20090428,118,10
15465,2009,208,10,20090420,110,10
15465,2009,208,12,20090504,124,10
15465,2009,208,15,20090518,138,10
15465,2009,208,19,20090702,183,10
15465,2009,208,21,20090710,191,10
15465,2009,208,24,20090902,245,10
15465,2009,208,66,20090610,161,10
15465,2009,215,10,20090422,112,10
15465,2009,215,12,20090504,124,10
15465,2009,215,19,20090830,242,10
15465,2009,215,20,20090910,253,10
15465,2009,215,21,20090924,267,10
15465,2009,215,24,20091005,278,10
15465,2009,215,5,20090816,228,10
15465,2009,215,65,20090728,209,10
15465,2009,215,67,20090611,162,10
15465,2009,253,10,20090416,106,10
15465,2009,253,12,20090428,118,10
15465,2009,253,13,20090518,138,10
15465,2009,253,24,20091010,283,10
15465,2009,311,29,20090801,213,10
15465,2009,311,3,20090331,90,10
15465,2009,311,32,20091016,289,10
15465,2009,311,5,20090421,111,10
15465,2009,311,6,20090423,113,10
15465,2009,311,7,20090502,122,10
15465,2009,313,29,20090915,258,10
15465,2009,313,3,20090401,91,10
15465,2009,313,32,20091110,314,10
15465,2009,313,5,20090422,112,10
15465,2009,313,6,20090423,113,10
15465,2009,313,7,20090503,123,10
15465,2009,322,29,20090914,257,10
15465,2009,322,5,20090413,103,10
15465,2009,322,6,20090414,104,10
15465,2009,322,7,20090420,110,10
15465,2009,332,29,20090708,189,10
15465,2009,332,31,20091025,298,10
15465,2009,332,5,20090412,102,10
15465,2009,332,6,20090413,103,10
15465,2009,332,7,20090422,112,10
15465,2009,340,29,20090707,188,10
15465,2009,340,5,20090416,106,10
15465,2009,340,6,20090417,107,10
15465,2009,340,7,20090425,115,10
15465,2009,350,29,20090710,191,10
15465,2009,350,3,20090325,84,10
15465,2009,350,4,20090403,93,10
15465,2010,102,5,20100404,94,10
15465,2010,104,4,20100503,123,10
15465,2010,105,61,20100426,116,10
15465,2010,105,63,20101025,298,10
15465,2010,105,64,20101110,314,10
15465,2010,108,5,20100511,131,10
15465,2010,109,5,20100402,92,10
15465,2010,112,31,20101020,293,10
15465,2010,112,32,20101101,305,10
15465,2010,112,4,20100426,116,10
15465,2010,117,5,20100610,161,10
15465,2010,117,62,20100920,263,10
15465,2010,120,5,20100422,112,10
15465,2010,121,5,20100610,161,10
15465,2010,122,3,20100320,79,10
15465,2010,122,31,20101030,303,10
15465,2010,122,32,20101112,316,10
15465,2010,122,4,20100418,108,10
15465,2010,122,5,20100505,125,10
15465,2010,122,62,20100925,268,10
15465,2010,123,31,20101025,298,10
15465,2010,123,32,20101030,303,10
15465,2010,123,4,20100426,116,10
15465,2010,125,5,20100425,115,10
15465,2010,127,5,20100316,75,10
15465,2010,129,5,20100606,157,10
15465,2010,129,62,20100925,268,10
15465,2010,130,5,20100621,172,10
15465,2010,132,31,20101106,310,10
15465,2010,132,32,20101116,320,10
15465,2010,132,4,20100426,116,10
15465,2010,135,5,20100516,136,10
15465,2010,135,6,20100520,140,10
15465,2010,201,1,20100415,105,10
15465,2010,201,25,20100618,169,10
15465,2010,201,26,20100613,164,10
15465,2010,202,10,20100920,263,10
15465,2010,202,12,20101006,279,10
15465,2010,202,15,20100510,130,10
15465,2010,202,18,20100628,179,10
15465,2010,202,19,20100710,191,10
15465,2010,202,21,20100722,203,10
15465,2010,202,24,20100828,240,10
15465,2010,203,10,20100910,253,10
15465,2010,203,12,20100924,267,10
15465,2010,203,15,20100502,122,10
15465,2010,203,18,20100603,154,10
15465,2010,203,21,20100704,185,10
15465,2010,203,24,20100815,227,10
15465,2010,203,5,20100619,170,10
15465,2010,203,6,20100628,179,10
15465,2010,204,10,20100918,261,10
15465,2010,204,12,20100930,273,10
15465,2010,204,15,20100430,120,10
15465,2010,204,18,20100515,135,10
15465,2010,204,21,20100724,205,10
15465,2010,204,24,20100730,211,10
15465,2010,205,10,20100821,233,10
15465,2010,205,12,20100914,257,10
15465,2010,205,14,20101005,278,10
15465,2010,205,17,20100514,134,10
15465,2010,205,22,20100707,188,10
15465,2010,205,24,20100724,205,10
15465,2010,205,5,20100530,150,10
15465,2010,205,67,20100408,98,10
15465,2010,208,10,20100410,100,10
15465,2010,208,12,20100501,121,10
15465,2010,208,15,20100528,148,10
15465,2010,208,19,20100718,199,10
15465,2010,208,21,20100724,205,10
15465,2010,208,24,20100801,213,10
15465,2010,208,66,20100704,185,10
15465,2010,215,10,20100424,114,10
15465,2010,215,12,20100506,126,10
15465,2010,215,19,20100728,209,10
15465,2010,215,20,20100903,246,10
15465,2010,215,21,20100916,259,10
15465,2010,215,24,20101004,277,10
15465,2010,215,5,20100714,195,10
15465,2010,215,65,20100710,191,10
15465,2010,215,67,20100607,158,10
15465,2010,253,10,20100410,100,10
15465,2010,253,12,20100428,118,10
15465,2010,253,13,20100616,167,10
15465,2010,253,24,20101015,288,10
15465,2010,311,3,20100405,95,10
15465,2010,311,32,20101018,291,10
15465,2010,311,5,20100502,122,10
15465,2010,311,6,20100504,124,10
15465,2010,311,7,20100513,133,10
15465,2010,313,29,20100920,263,10
15465,2010,313,3,20100405,95,10
15465,2010,313,32,20101030,303,10
15465,2010,313,5,20100502,122,10
15465,2010,313,6,20100504,124,10
15465,2010,313,7,20100514,134,10
15465,2010,322,29,20100908,251,10
15465,2010,322,5,20100424,114,10
15465,2010,322,6,20100426,116,10
15465,2010,322,7,20100503,123,10
15465,2010,332,29,20100710,191,10
15465,2010,332,31,20101026,299,10
15465,2010,332,5,20100419,109,10
15465,2010,332,6,20100421,111,10
15465,2010,332,7,20100430,120,10
15465,2010,340,29,20100720,201,10
15465,2010,340,5,20100427,117,10
15465,2010,340,6,20100429,119,10
15465,2010,340,7,20100505,125,10
15465,2010,350,29,20100713,194,10
15465,2010,350,3,20100324,83,10
15465,2011,102,5,20110325,84,10
15465,2011,104,4,20110418,108,10
15465,2011,105,61,20110408,98,10
15465,2011,105,63,20111106,310,10
15465,2011,105,64,20111113,317,10
15465,2011,108,5,20110423,113,10
15465,2011,109,5,20110330,89,10
15465,2011,112,31,20111028,301,10
15465,2011,112,32,20111110,314,10
15465,2011,112,4,20110415,105,10
15465,2011,117,5,20110531,151,10
15465,2011,117,62,20110922,265,10
15465,2011,120,5,20110416,106,10
15465,2011,121,5,20110519,139,10
15465,2011,122,3,20110316,75,10
15465,2011,122,31,20111002,275,10
15465,2011,122,32,20111115,319,10
15465,2011,122,4,20110405,95,10
15465,2011,122,5,20110420,110,10
15465,2011,122,62,20111005,278,10
15465,2011,123,31,20111005,278,10
15465,2011,123,32,20111030,303,10
15465,2011,123,4,20110418,108,10
15465,2011,125,5,20110412,102,10
15465,2011,127,5,20110312,71,10
15465,2011,129,5,20110530,150,10
15465,2011,129,62,20110923,266,10
15465,2011,130,5,20110605,156,10
15465,2011,132,31,20111104,308,10
15465,2011,132,32,20111120,324,10
15465,2011,132,4,20110420,110,10
15465,2011,135,5,20110526,146,10
15465,2011,135,6,20110528,148,10
15465,2011,136,6,20110531,151,10
15465,2011,201,1,20110328,87,10
15465,2011,201,25,20110612,163,10
15465,2011,201,26,20110530,150,10
15465,2011,202,10,20110918,261,10
15465,2011,202,12,20111001,274,10
15465,2011,202,15,20110411,101,10
15465,2011,202,18,20110428,118,10
15465,2011,202,19,20110616,167,10
15465,2011,202,21,20110810,222,10
15465,2011,202,24,20110820,232,10
15465,2011,203,10,20110924,267,10
15465,2011,203,12,20111009,282,10
15465,2011,203,15,20110410,100,10
15465,2011,203,18,20110515,135,10
15465,2011,203,21,20110713,194,10
15465,2011,203,24,20110824,236,10
15465,2011,203,5,20110603,154,10
15465,2011,203,6,20110615,166,10
15465,2011,204,10,20110919,262,10
15465,2011,204,12,20111012,285,10
15465,2011,204,15,20110411,101,10
15465,2011,204,18,20110515,135,10
15465,2011,204,21,20110710,191,10
15465,2011,204,24,20110723,204,10
15465,2011,205,10,20110816,228,10
15465,2011,205,12,20110826,238,10
15465,2011,205,14,20110924,267,10
15465,2011,205,17,20110420,110,10
15465,2011,205,22,20110619,170,10
15465,2011,205,24,20110815,227,10
15465,2011,205,5,20110422,112,10
15465,2011,205,67,20110410,100,10
15465,2011,208,10,20110410,100,10
15465,2011,208,12,20110424,114,10
15465,2011,208,15,20110510,130,10
15465,2011,208,19,20110628,179,10
15465,2011,208,21,20110705,186,10
15465,2011,208,24,20110727,208,10
15465,2011,208,66,20110610,161,10
15465,2011,215,10,20110412,102,10
15465,2011,215,12,20110430,120,10
15465,2011,215,19,20110810,222,10
15465,2011,215,20,20110819,231,10
15465,2011,215,21,20110824,236,10
15465,2011,215,24,20110923,266,10
15465,2011,215,5,20110727,208,10
15465,2011,215,65,20110712,193,10
15465,2011,215,67,20110515,135,10
15465,2011,253,10,20110313,72,10
15465,2011,253,12,20110410,100,10
15465,2011,253,13,20110614,165,10
15465,2011,253,24,20111016,289,10
15465,2011,311,29,20110725,206,10
15465,2011,311,3,20110403,93,10
15465,2011,311,32,20111020,293,10
15465,2011,311,5,20110420,110,10
15465,2011,311,6,20110421,111,10
15465,2011,311,7,20110430,120,10
15465,2011,313,29,20110928,271,10
15465,2011,313,3,20110402,92,10
15465,2011,313,5,20110420,110,10
15465,2011,313,6,20110421,111,10
15465,2011,313,7,20110430,120,10
15465,2011,321,29,20110920,263,10
15465,2011,321,5,20110415,105,10
15465,2011,321,6,20110417,107,10
15465,2011,321,7,20110426,116,10
15465,2011,330,29,20110624,175,10
15465,2011,330,31,20111025,298,10
15465,2011,330,5,20110409,99,10
15465,2011,330,6,20110410,100,10
15465,2011,330,7,20110422,112,10
15465,2011,340,29,20110715,196,10
15465,2011,340,5,20110417,107,10
15465,2011,340,6,20110418,108,10
15465,2011,340,7,20110425,115,10
15465,2011,350,29,20110718,199,10
15465,2011,350,3,20110325,84,10
15465,2011,350,4,20110330,89,10
15465,2011,350,5,20110413,103,10
15465,2012,102,5,20120328,87,10
15465,2012,104,4,20120501,121,10
15465,2012,105,63,20121022,295,10
15465,2012,105,64,20121130,334,10
15465,2012,108,5,20120426,116,10
15465,2012,109,5,20120330,89,10
15465,2012,112,3,20120422,112,10
15465,2012,120,5,20120420,110,10
15465,2012,121,5,20120527,147,10
15465,2012,122,3,20120320,79,10
15465,2012,122,31,20121020,293,10
15465,2012,122,4,20120408,98,10
15465,2012,122,5,20120428,118,10
15465,2012,122,62,20121008,281,10
15465,2012,123,31,20121005,278,10
15465,2012,123,32,20121028,301,10
15465,2012,123,4,20120425,115,10
15465,2012,125,5,20120414,104,10
15465,2012,127,5,20120301,60,10
15465,2012,129,5,20120520,140,10
15465,2012,129,62,20120922,265,10
15465,2012,130,5,20120611,162,10
15465,2012,132,31,20121022,295,10
15465,2012,132,32,20121128,332,10
15465,2012,132,4,20120430,120,10
15465,2012,135,5,20120528,148,10
15465,2012,135,6,20120530,150,10
15465,2012,136,6,20120601,152,10
15465,2012,138,5,20120419,109,10
15465,2012,201,1,20120315,74,10
15465,2012,201,25,20120528,148,10
15465,2012,201,26,20120524,144,10
15465,2012,202,10,20120915,258,10
15465,2012,202,12,20121025,298,10
15465,2012,202,15,20120505,125,10
15465,2012,202,18,20120530,150,10
15465,2012,202,19,20120615,166,10
15465,2012,202,21,20120801,213,10
15465,2012,202,24,20120821,233,10
15465,2012,203,10,20120928,271,10
15465,2012,203,12,20121022,295,10
15465,2012,203,15,20120405,95,10
15465,2012,203,18,20120515,135,10
15465,2012,203,21,20120708,189,10
15465,2012,203,24,20120824,236,10
15465,2012,203,5,20120602,153,10
15465,2012,203,6,20120614,165,10
15465,2012,204,10,20120906,249,10
15465,2012,204,12,20121016,289,10
15465,2012,204,15,20120505,125,10
15465,2012,204,18,20120528,148,10
15465,2012,204,21,20120702,183,10
15465,2012,204,24,20120723,204,10
15465,2012,205,10,20120816,228,10
15465,2012,205,12,20120907,250,10
15465,2012,205,14,20121002,275,10
15465,2012,205,24,20120810,222,10
15465,2012,205,5,20120420,110,10
15465,2012,205,67,20120408,98,10
15465,2012,208,10,20120412,102,10
15465,2012,208,12,20120427,117,10
15465,2012,208,15,20120514,134,10
15465,2012,208,19,20120630,181,10
15465,2012,208,21,20120707,188,10
15465,2012,208,24,20120819,231,10
15465,2012,208,66,20120611,162,10
15465,2012,252,10,20120323,82,10
15465,2012,252,12,20120422,112,10
15465,2012,252,13,20120610,161,10
15465,2012,252,24,20121007,280,10
15465,2012,311,29,20120725,206,10
15465,2012,311,32,20121015,288,10
15465,2012,311,5,20120428,118,10
15465,2012,311,6,20120430,120,10
15465,2012,311,7,20120505,125,10
15465,2012,313,29,20120920,263,10
15465,2012,313,32,20121018,291,10
15465,2012,313,5,20120429,119,10
15465,2012,313,6,20120501,121,10
15465,2012,313,7,20120506,126,10
15465,2012,322,29,20120920,263,10
15465,2012,322,5,20120420,110,10
15465,2012,322,6,20120422,112,10
15465,2012,322,7,20120430,120,10
15465,2012,332,31,20121018,291,10
15465,2012,332,5,20120412,102,10
15465,2012,332,6,20120414,104,10
15465,2012,332,7,20120429,119,10
15465,2012,340,29,20120716,197,10
15465,2012,340,5,20120425,115,10
15465,2012,340,6,20120427,117,10
15465,2012,340,7,20120502,122,10
15465,2012,350,29,20120718,199,10
15465,2012,350,3,20120320,79,10
15465,2012,350,4,20120326,85,10
15465,2012,350,5,20120420,110,10
15465,2013,102,5,20130411,101,10
15465,2013,104,4,20130512,132,10
15465,2013,105,61,20130505,125,10
15465,2013,105,63,20131030,303,10
15465,2013,105,64,20131120,324,10
15465,2013,108,5,20130512,132,10
15465,2013,109,5,20130418,108,10
15465,2013,112,31,20131022,295,10
15465,2013,112,32,20131115,319,10
15465,2013,112,4,20130427,117,10
15465,2013,120,5,20130503,123,10
15465,2013,121,5,20130615,166,10
15465,2013,122,31,20131015,288,10
15465,2013,122,4,20130426,116,10
15465,2013,122,5,20130510,130,10
15465,2013,123,31,20131014,287,10
15465,2013,123,32,20131027,300,10
15465,2013,123,4,20130503,123,10
15465,2013,125,5,20130504,124,10
15465,2013,127,5,20130310,69,10
15465,2013,129,5,20130610,161,10
15465,2013,130,5,20130626,177,10
15465,2013,132,31,20131025,298,10
15465,2013,132,32,20131102,306,10
15465,2013,132,4,20130505,125,10
15465,2013,201,1,20130427,117,10
15465,2013,201,26,20130608,159,10
15465,2013,202,10,20131003,276,10
15465,2013,202,12,20131010,283,10
15465,2013,202,15,20130604,155,10
15465,2013,202,18,20130705,186,10
15465,2013,202,19,20130712,193,10
15465,2013,202,21,20130729,210,10
15465,2013,202,24,20130816,228,10
15465,2013,203,10,20130925,268,10
15465,2013,203,12,20131006,279,10
15465,2013,203,15,20130518,138,10
15465,2013,203,18,20130622,173,10
15465,2013,203,21,20130716,197,10
15465,2013,203,24,20130810,222,10
15465,2013,204,10,20130918,261,10
15465,2013,204,12,20131001,274,10
15465,2013,204,15,20130518,138,10
15465,2013,204,18,20130622,173,10
15465,2013,204,21,20130710,191,10
15465,2013,204,24,20130726,207,10
15465,2013,205,10,20130820,232,10
15465,2013,205,12,20130916,259,10
15465,2013,205,14,20130923,266,10
15465,2013,205,24,20130805,217,10
15465,2013,205,5,20130506,126,10
15465,2013,205,67,20130501,121,10
15465,2013,208,10,20130412,102,10
15465,2013,208,12,20130418,108,10
15465,2013,208,15,20130525,145,10
15465,2013,208,19,20130729,210,10
15465,2013,208,21,20130805,217,10
15465,2013,208,24,20130830,242,10
15465,2013,208,66,20130607,158,10
15465,2013,252,10,20130405,95,10
15465,2013,252,12,20130415,105,10
15465,2013,252,13,20130530,150,10
15465,2013,252,24,20131101,305,10
15465,2013,311,29,20130801,213,10
15465,2013,311,3,20130413,103,10
15465,2013,311,32,20131027,300,10
15465,2013,311,5,20130508,128,10
15465,2013,311,6,20130509,129,10
15465,2013,311,7,20130518,138,10
15465,2013,313,29,20131002,275,10
15465,2013,313,3,20130415,105,10
15465,2013,313,32,20131027,300,10
15465,2013,313,5,20130508,128,10
15465,2013,313,6,20130509,129,10
15465,2013,313,7,20130518,138,10
15465,2013,322,29,20131007,280,10
15465,2013,322,5,20130503,123,10
15465,2013,322,6,20130505,125,10
15465,2013,322,7,20130514,134,10
15465,2013,332,31,20131020,293,10
15465,2013,332,5,20130427,117,10
15465,2013,332,6,20130429,119,10
15465,2013,332,7,20130507,127,10
15465,2013,340,29,20130718,199,10
15465,2013,340,5,20130505,125,10
15465,2013,340,6,20130506,126,10
15465,2013,340,7,20130513,133,10
15465,2013,350,29,20130720,201,10
15465,2013,350,5,20130504,124,10
15465,2014,102,5,20140321,80,10
15465,2014,104,4,20140425,115,10
15465,2014,105,61,20140408,98,10
15465,2014,105,64,20141130,334,10
15465,2014,108,5,20140503,123,10
15465,2014,109,5,20140314,73,10
15465,2014,112,31,20141003,276,10
15465,2014,112,4,20140405,95,10
15465,2014,117,5,20140601,152,10
15465,2014,120,5,20140404,94,10
15465,2014,121,5,20140530,150,10
15465,2014,122,3,20140310,69,10
15465,2014,122,32,20141115,319,10
15465,2014,122,4,20140328,87,10
15465,2014,122,5,20140415,105,10
15465,2014,123,31,20141001,274,10
15465,2014,123,32,20141105,309,10
15465,2014,123,4,20140405,95,10
15465,2014,125,5,20140402,92,10
15465,2014,127,5,20140210,41,10
15465,2014,130,5,20140615,166,10
15465,2014,132,31,20141020,293,10
15465,2014,132,4,20140420,110,10
15465,2014,201,1,20140317,76,10
15465,2014,201,25,20140607,158,10
15465,2014,201,26,20140529,149,10
15465,2014,202,10,20141017,290,10
15465,2014,202,12,20141027,300,10
15465,2014,202,15,20140423,113,10
15465,2014,202,18,20140620,171,10
15465,2014,202,19,20140708,189,10
15465,2014,202,21,20140712,193,10
15465,2014,202,24,20140825,237,10
15465,2014,203,10,20140916,259,10
15465,2014,203,12,20140926,269,10
15465,2014,203,15,20140418,108,10
15465,2014,203,18,20140526,146,10
15465,2014,203,21,20140630,181,10
15465,2014,203,24,20140815,227,10
15465,2014,203,5,20140602,153,10
15465,2014,203,6,20140605,156,10
15465,2014,204,10,20140910,253,10
15465,2014,204,12,20141005,278,10
15465,2014,204,15,20140427,117,10
15465,2014,204,18,20140429,119,10
15465,2014,204,21,20140717,198,10
15465,2014,204,24,20140725,206,10
15465,2014,205,10,20140820,232,10
15465,2014,205,12,20140915,258,10
15465,2014,205,14,20140926,269,10
15465,2014,205,17,20140325,84,10
15465,2014,205,22,20140803,215,10
15465,2014,205,24,20140810,222,10
15465,2014,205,5,20140422,112,10
15465,2014,205,67,20140301,60,10
15465,2014,207,10,20140328,87,10
15465,2014,207,12,20140415,105,10
15465,2014,207,15,20140508,128,10
15465,2014,207,18,20140528,148,10
15465,2014,207,21,20140627,178,10
15465,2014,207,24,20140810,222,10
15465,2014,208,10,20140326,85,10
15465,2014,208,12,20140412,102,10
15465,2014,208,15,20140427,117,10
15465,2014,208,19,20140723,204,10
15465,2014,208,21,20140730,211,10
15465,2014,208,24,20140828,240,10
15465,2014,208,66,20140625,176,10
15465,2014,252,10,20140419,109,10
15465,2014,252,12,20140510,130,10
15465,2014,252,13,20140614,165,10
15465,2014,252,24,20141007,280,10
15465,2014,311,29,20140715,196,10
15465,2014,311,3,20140320,79,10
15465,2014,311,32,20141020,293,10
15465,2014,311,5,20140413,103,10
15465,2014,311,6,20140414,104,10
15465,2014,313,29,20140915,258,10
15465,2014,313,3,20140320,79,10
15465,2014,313,32,20141105,309,10
15465,2014,313,5,20140413,103,10
15465,2014,313,6,20140414,104,10
15465,2014,322,29,20140914,257,10
15465,2014,322,5,20140403,93,10
15465,2014,322,6,20140404,94,10
15465,2014,322,7,20140420,110,10
15465,2014,332,29,20140620,171,10
15465,2014,332,31,20141020,293,10
15465,2014,332,5,20140401,91,10
15465,2014,332,6,20140402,92,10
15465,2014,332,7,20140415,105,10
15465,2014,340,5,20140407,97,10
15465,2014,340,6,20140408,98,10
15465,2014,340,7,20140423,113,10
15465,2015,104,4,20150513,133,10
15465,2015,104,5,20150404,94,10
15465,2015,105,61,20150425,115,10
15465,2015,105,63,20151101,305,10
15465,2015,105,64,20151112,316,10
15465,2015,109,5,20150410,100,10
15465,2015,112,3,20150421,111,10
15465,2015,112,31,20151012,285,10
15465,2015,112,32,20151105,309,10
15465,2015,120,5,20150420,110,10
15465,2015,121,5,20150605,156,10
15465,2015,122,31,20151008,281,10
15465,2015,122,32,20151110,314,10
15465,2015,122,4,20150420,110,10
15465,2015,122,5,20150502,122,10
15465,2015,123,31,20151001,274,10
15465,2015,123,32,20151030,303,10
15465,2015,123,4,20150423,113,10
15465,2015,127,5,20150226,57,10
15465,2015,132,31,20151025,298,10
15465,2015,132,32,20151105,309,10
15465,2015,132,4,20150510,130,10
15465,2015,201,1,20150315,74,10
15465,2015,201,25,20150608,159,10
15465,2015,201,26,20150530,150,10
15465,2015,311,29,20150720,201,10
15465,2015,311,32,20151025,298,10
15465,2015,311,5,20150429,119,10
15465,2015,311,6,20150430,120,10
15465,2015,311,7,20150512,132,10
15465,2015,313,29,20151031,304,10
15465,2015,313,5,20150429,119,10
15465,2015,313,6,20150430,120,10
15465,2015,313,7,20150411,101,10
15465,2015,322,29,20150911,254,10
15465,2015,322,5,20150422,112,10
15465,2015,322,6,20150423,113,10
15465,2015,322,7,20150505,125,10
15465,2015,332,5,20150419,109,10
15465,2015,332,6,20150420,110,10
15465,2015,332,7,20150502,122,10
15465,2016,102,5,20160328,87,10
15465,2016,104,4,20160509,129,10
15465,2016,105,61,20160415,105,10
15465,2016,105,63,20161030,303,10
15465,2016,105,64,20161205,339,10
15465,2016,108,5,20160510,130,10
15465,2016,109,5,20160405,95,10
15465,2016,112,31,20161020,293,10
15465,2016,112,32,20161128,332,10
15465,2016,112,4,20160425,115,10
15465,2016,120,5,20160420,110,10
15465,2016,121,5,20160604,155,10
15465,2016,122,3,20160320,79,10
15465,2016,122,31,20161012,285,10
15465,2016,122,32,20161112,316,10
15465,2016,122,4,20160415,105,10
15465,2016,122,5,20160509,129,10
15465,2016,122,62,20160922,265,10
15465,2016,123,31,20161025,298,10
15465,2016,123,32,20161111,315,10
15465,2016,123,4,20160422,112,10
15465,2016,127,5,20160214,45,10
15465,2016,129,5,20160610,161,10
15465,2016,132,31,20161120,324,10
15465,2016,132,32,20161130,334,10
15465,2016,132,4,20160512,132,10
15465,2016,201,1,20160320,79,10
15465,2016,201,25,20160620,171,10
15465,2016,201,26,20160530,150,10
15465,2016,311,29,20160801,213,10
15465,2016,311,32,20161028,301,10
15465,2016,311,5,20160506,126,10
15465,2016,311,6,20160507,127,10
15465,2016,311,7,20160512,132,10
15465,2016,313,29,20160925,268,10
15465,2016,313,32,20161104,308,10
15465,2016,313,5,20160505,125,10
15465,2016,313,6,20160506,126,10
15465,2016,313,7,20160514,134,10
15465,2016,322,29,20160925,268,10
15465,2016,322,5,20160420,110,10
15465,2016,322,6,20160422,112,10
15465,2016,322,7,20160508,128,10
15465,2016,332,29,20160705,186,10
15465,2016,332,31,20161026,299,10
15465,2016,332,5,20160418,108,10
15465,2016,332,6,20160420,110,10
15465,2016,332,7,20160507,127,10
15465,2017,102,5,20170322,81,10
15465,2017,104,4,20170512,132,10
15465,2017,105,61,20170404,94,10
15465,2017,108,5,20170505,125,10
15465,2017,109,5,20170325,84,10
15465,2017,112,31,20171012,285,10
15465,2017,112,32,20171115,319,10
15465,2017,112,4,20170405,95,10
15465,2017,117,5,20170608,159,10
15465,2017,120,5,20170411,101,10
15465,2017,121,5,20170601,152,10
15465,2017,122,31,20171011,284,10
15465,2017,122,32,20171020,293,10
15465,2017,122,4,20170408,98,10
15465,2017,122,5,20170511,131,10
15465,2017,123,31,20170925,268,10
15465,2017,123,32,20171120,324,10
15465,2017,123,4,20170412,102,10
15465,2017,127,5,20170225,56,10
15465,2017,132,31,20171020,293,10
15465,2017,132,32,20171110,314,10
15465,2017,132,4,20170503,123,10
15465,2017,136,6,20170603,154,10
15465,2017,138,5,20170502,122,10
15465,2017,201,1,20170310,69,10
15465,2017,201,25,20170610,161,10
15465,2017,201,26,20170527,147,10
15465,2017,205,10,20170825,237,10
15465,2017,205,24,20170730,211,10
15465,2017,311,29,20170805,217,10
15465,2017,311,3,20170418,108,10
15465,2017,311,32,20171020,293,10
15465,2017,311,5,20170420,110,10
15465,2017,311,6,20170430,120,10
15465,2017,311,7,20170510,130,10
15465,2017,313,29,20170915,258,10
15465,2017,313,32,20171024,297,10
15465,2017,313,5,20170429,119,10
15465,2017,313,6,20170430,120,10
15465,2017,313,7,20170511,131,10
15465,2017,322,5,20170411,101,10
15465,2017,322,6,20170413,103,10
15465,2017,322,7,20170429,119,10
15465,2017,332,5,20170403,93,10
15465,2017,332,6,20170405,95,10
15465,2017,332,7,20170420,110,10
15465,2018,101,5,20180717,198,10
15465,2018,104,4,20180426,116,10
15465,2018,108,5,20180422,112,10
15465,2018,109,5,20180325,84,10
15465,2018,112,4,20180416,106,10
15465,2018,120,5,20180418,108,10
15465,2018,121,5,20180515,135,10
15465,2018,122,3,20180404,94,10
15465,2018,122,4,20180415,105,10
15465,2018,122,5,20180424,114,10
15465,2018,123,4,20180420,110,10
15465,2018,127,5,20180203,34,10
15465,2018,136,6,20180603,154,10
15465,2018,138,5,20180416,106,10
15465,2018,202,24,20180725,206,10
15465,2018,311,5,20180421,111,10
15465,2018,311,6,20180422,112,10
15465,2018,313,5,20180421,111,10
15465,2018,313,6,20180422,112,10
15465,2018,322,5,20180416,106,10
15465,2018,331,5,20180411,101,10
15465,2018,331,6,20180415,105,10
15465,2018,331,7,20180424,114,10
19518,1951,102,5,19510324,83,10
19518,1951,103,5,19510512,132,10
19518,1951,103,62,19510801,213,10
19518,1951,104,4,19510506,126,10
19518,1951,104,5,19510502,122,10
19518,1951,105,5,19510412,102,10
19518,1951,105,61,19510415,105,10
19518,1951,107,5,19510510,130,10
19518,1951,107,8,19510502,122,10
19518,1951,108,5,19510509,129,10
19518,1951,109,5,19510401,91,10
19518,1951,112,31,19511009,282,10
19518,1951,112,4,19510416,106,10
19518,1951,113,5,19510123,23,10
19518,1951,115,5,19510826,238,10
19518,1951,116,5,19510313,72,10
19518,1951,117,5,19510610,161,10
19518,1951,117,62,19511008,281,10
19518,1951,118,5,19510520,140,10
19518,1951,118,8,19510512,132,10
19518,1951,119,5,19510318,77,10
19518,1951,120,5,19510412,102,10
19518,1951,121,4,19510507,127,10
19518,1951,121,5,19510607,158,10
19518,1951,122,31,19511014,287,10
19518,1951,122,4,19510416,106,10
19518,1951,122,5,19510507,127,10
19518,1951,122,62,19510909,252,10
19518,1951,123,31,19511012,285,10
19518,1951,123,4,19510425,115,10
19518,1951,123,5,19510506,126,10
19518,1951,123,62,19510920,263,10
19518,1951,124,5,19510323,82,10
19518,1951,125,5,19510425,115,10
19518,1951,127,5,19510211,42,10
19518,1951,129,5,19510531,151,10
19518,1951,129,62,19510812,224,10
19518,1951,130,4,19510418,108,10
19518,1951,130,5,19510624,175,10
19518,1951,131,5,19510417,107,10
19518,1951,132,31,19511008,281,10
19518,1951,132,4,19510505,125,10
19518,1951,132,5,19510505,125,10
19518,1951,132,62,19510915,258,10
19518,1951,134,5,19510503,123,10
19518,1951,135,6,19510602,153,10
19518,1951,136,6,19510610,161,10
19518,1951,137,4,19510425,115,10
19518,1951,137,5,19510705,186,10
19518,1951,138,5,19510518,138,10
19518,1951,310,5,19510508,128,10
19518,1951,310,6,19510518,138,10
19518,1951,310,7,19510523,143,10
19518,1951,311,29,19510805,217,10
19518,1951,313,29,19510930,273,10
19518,1951,320,5,19510503,123,10
19518,1951,320,6,19510512,132,10
19518,1951,320,7,19510521,141,10
19518,1951,321,29,19510915,258,10
19518,1951,322,29,19510925,268,10
19518,1951,330,5,19510426,116,10
19518,1951,330,6,19510503,123,10
19518,1951,330,7,19510512,132,10
19518,1951,332,29,19510710,191,10
19518,1951,340,29,19510803,215,10
19518,1951,340,5,19510503,123,10
19518,1951,340,6,19510510,130,10
19518,1951,340,7,19510524,144,10
19518,1951,350,4,19510417,107,10
19518,1951,350,5,19510423,113,10
19518,1951,371,29,19510909,252,10
19518,1952,107,8,19520506,126,10
19518,1952,108,5,19520502,122,10
19518,1952,109,5,19520411,101,10
19518,1952,112,31,19520921,264,10
19518,1952,112,4,19520421,111,10
19518,1952,113,5,19520318,77,10
19518,1952,115,5,19520820,232,10
19518,1952,116,5,19520311,70,10
19518,1952,117,5,19520609,160,10
19518,1952,117,62,19521009,282,10
19518,1952,118,8,19520506,126,10
19518,1952,120,5,19520423,113,10
19518,1952,122,31,19521019,292,10
19518,1952,122,4,19520423,113,10
19518,1952,122,5,19520502,122,10
19518,1952,122,62,19521011,284,10
19518,1952,123,31,19521013,286,10
19518,1952,123,4,19520430,120,10
19518,1952,123,62,19520919,262,10
19518,1952,124,5,19520411,101,10
19518,1952,125,5,19520422,112,10
19518,1952,127,5,19520306,65,10
19518,1952,129,5,19520530,150,10
19518,1952,129,62,19520816,228,10
19518,1952,130,4,19520421,111,10
19518,1952,130,5,19520614,165,10
19518,1952,131,5,19520415,105,10
19518,1952,132,31,19521031,304,10
19518,1952,132,4,19520430,120,10
19518,1952,132,5,19520425,115,10
19518,1952,132,62,19521016,289,10
19518,1952,133,8,19520509,129,10
19518,1952,136,6,19520603,154,10
19518,1952,138,5,19520509,129,10
19518,1952,310,5,19520421,111,10
19518,1952,310,6,19520429,119,10
19518,1952,310,7,19520506,126,10
19518,1952,311,29,19520816,228,10
19518,1952,313,29,19521016,289,10
19518,1952,320,5,19520424,114,10
19518,1952,320,6,19520430,120,10
19518,1952,320,7,19520505,125,10
19518,1952,322,29,19520926,269,10
19518,1952,330,5,19520418,108,10
19518,1952,330,6,19520421,111,10
19518,1952,330,7,19520501,121,10
19518,1952,332,29,19520706,187,10
19518,1952,340,29,19520719,200,10
19518,1952,340,5,19520421,111,10
19518,1952,340,6,19520503,123,10
19518,1952,340,7,19520511,131,10
19518,1952,350,4,19520414,104,10
19518,1952,350,5,19520417,107,10
19518,1952,371,29,19520811,223,10
19518,1953,102,5,19530322,81,10
19518,1953,103,5,19530505,125,10
19518,1953,103,62,19530716,197,10
19518,1953,104,4,19530503,123,10
19518,1953,104,5,19530404,94,10
19518,1953,105,5,19530414,104,10
19518,1953,107,8,19530505,125,10
19518,1953,108,5,19530430,120,10
19518,1953,109,5,19530327,86,10
19518,1953,112,31,19530920,263,10
19518,1953,112,4,19530412,102,10
19518,1953,113,5,19530221,52,10
19518,1953,115,5,19530825,237,10
19518,1953,116,5,19530302,61,10
19518,1953,117,5,19530528,148,10
19518,1953,117,62,19531005,278,10
19518,1953,118,8,19530508,128,10
19518,1953,119,5,19530321,80,10
19518,1953,120,5,19530417,107,10
19518,1953,121,5,19530601,152,10
19518,1953,122,31,19530927,270,10
19518,1953,122,4,19530413,103,10
19518,1953,122,5,19530426,116,10
19518,1953,122,62,19530908,251,10
19518,1953,123,31,19530928,271,10
19518,1953,123,4,19530428,118,10
19518,1953,123,62,19530915,258,10
19518,1953,124,5,19530315,74,10
19518,1953,125,5,19530408,98,10
19518,1953,127,5,19530227,58,10
19518,1953,129,5,19530601,152,10
19518,1953,129,62,19530820,232,10
19518,1953,130,4,19530414,104,10
19518,1953,130,5,19530606,157,10
19518,1953,131,5,19530331,90,10
19518,1953,132,31,19530921,264,10
19518,1953,132,4,19530424,114,10
19518,1953,132,5,19530427,117,10
19518,1953,132,62,19531010,283,10
19518,1953,133,8,19530510,130,10
19518,1953,134,5,19530415,105,10
19518,1953,137,4,19530423,113,10
19518,1953,137,5,19530625,176,10
19518,1953,138,5,19530506,126,10
19518,1953,310,5,19530420,110,10
19518,1953,310,6,19530425,115,10
19518,1953,310,7,19530510,130,10
19518,1953,311,29,19530818,230,10
19518,1953,313,29,19531008,281,10
19518,1953,320,5,19530415,105,10
19518,1953,320,6,19530422,112,10
19518,1953,320,7,19530501,121,10
19518,1953,322,29,19530927,270,10
19518,1953,330,5,19530405,95,10
19518,1953,330,6,19530411,101,10
19518,1953,330,7,19530421,111,10
19518,1953,332,29,19530708,189,10
19518,1953,340,29,19530720,201,10
19518,1953,340,5,19530417,107,10
19518,1953,340,6,19530423,113,10
19518,1953,340,7,19530501,121,10
19518,1953,350,29,19530712,193,10
19518,1953,350,4,19530329,88,10
19518,1953,350,5,19530404,94,10
19518,1953,371,29,19530815,227,10
19518,1954,102,5,19540331,90,10
19518,1954,103,5,19540526,146,10
19518,1954,103,62,19540810,222,10
19518,1954,104,4,19540522,142,10
19518,1954,104,5,19540510,130,10
19518,1954,105,61,19540510,130,10
19518,1954,107,8,19540512,132,10
19518,1954,108,5,19540515,135,10
19518,1954,109,5,19540415,105,10
19518,1954,112,31,19541008,281,10
19518,1954,112,4,19540502,122,10
19518,1954,113,5,19540306,65,10
19518,1954,115,5,19540901,244,10
19518,1954,116,5,19540407,97,10
19518,1954,117,5,19540613,164,10
19518,1954,117,62,19541001,274,10
19518,1954,118,8,19540518,138,10
19518,1954,119,5,19540409,99,10
19518,1954,120,5,19540428,118,10
19518,1954,121,5,19540606,157,10
19518,1954,122,31,19540925,268,10
19518,1954,122,4,19540504,124,10
19518,1954,122,5,19540513,133,10
19518,1954,122,62,19540920,263,10
19518,1954,123,31,19541008,281,10
19518,1954,123,4,19540512,132,10
19518,1954,124,5,19540412,102,10
19518,1954,125,5,19540504,124,10
19518,1954,127,5,19540302,61,10
19518,1954,129,5,19540610,161,10
19518,1954,129,62,19540918,261,10
19518,1954,130,4,19540508,128,10
19518,1954,130,5,19540622,173,10
19518,1954,131,5,19540426,116,10
19518,1954,132,31,19541014,287,10
19518,1954,132,4,19540513,133,10
19518,1954,132,5,19540516,136,10
19518,1954,132,62,19541008,281,10
19518,1954,133,8,19540515,135,10
19518,1954,134,5,19540508,128,10
19518,1954,137,4,19540513,133,10
19518,1954,137,5,19540624,175,10
19518,1954,138,5,19540521,141,10
19518,1954,201,25,19540611,162,10
19518,1954,201,27,19540901,244,10
19518,1954,202,10,19541020,293,10
19518,1954,202,12,19541029,302,10
19518,1954,202,18,19540614,165,10
19518,1954,202,23,19540807,219,10
19518,1954,203,10,19541009,282,10
19518,1954,203,12,19541018,291,10
19518,1954,203,18,19540515,135,10
19518,1954,203,23,19540802,214,10
19518,1954,203,5,19540601,152,10
19518,1954,204,10,19540920,263,10
19518,1954,204,12,19541001,274,10
19518,1954,204,23,19540721,202,10
19518,1954,206,10,19540315,74,10
19518,1954,206,12,19540402,92,10
19518,1954,206,18,19540615,166,10
19518,1954,207,10,19540406,96,10
19518,1954,207,12,19540422,112,10
19518,1954,207,18,19540620,171,10
19518,1954,208,10,19540324,83,10
19518,1954,208,12,19540408,98,10
19518,1954,208,23,19540806,218,10
19518,1954,208,66,19540617,168,10
19518,1954,243,11,19540516,136,10
19518,1954,243,24,19540905,248,10
19518,1954,244,24,19541101,305,10
19518,1954,252,10,19540413,103,10
19518,1954,252,12,19540504,124,10
19518,1954,252,13,19540618,169,10
19518,1954,252,24,19541015,288,10
19518,1954,253,10,19540413,103,10
19518,1954,253,12,19540504,124,10
19518,1954,253,13,19540618,169,10
19518,1954,253,24,19540924,267,10
19518,1954,310,5,19540506,126,10
19518,1954,310,6,19540509,129,10
19518,1954,310,7,19540519,139,10
19518,1954,311,29,19540804,216,10
19518,1954,313,29,19541028,301,10
19518,1954,320,5,19540505,125,10
19518,1954,320,6,19540508,128,10
19518,1954,320,7,19540515,135,10
19518,1954,321,29,19540825,237,10
19518,1954,322,29,19541003,276,10
19518,1954,330,5,19540501,121,10
19518,1954,330,6,19540504,124,10
19518,1954,330,7,19540512,132,10
19518,1954,332,29,19540715,196,10
19518,1954,340,29,19540723,204,10
19518,1954,340,5,19540504,124,10
19518,1954,340,6,19540508,128,10
19518,1954,340,7,19540516,136,10
19518,1954,350,29,19540716,197,10
19518,1954,350,4,19540414,104,10
19518,1954,350,5,19540429,119,10
19518,1954,371,29,19540825,237,10
19518,1954,372,29,19540915,258,10
19518,1955,102,5,19550416,106,10
19518,1955,103,5,19550530,150,10
19518,1955,103,62,19550812,224,10
19518,1955,104,4,19550505,125,10
19518,1955,104,5,19550503,123,10
19518,1955,105,5,19550520,140,10
19518,1955,105,61,19550501,121,10
19518,1955,107,5,19550508,128,10
19518,1955,107,8,19550505,125,10
19518,1955,108,5,19550514,134,10
19518,1955,109,5,19550425,115,10
19518,1955,112,31,19550925,268,10
19518,1955,112,4,19550429,119,10
19518,1955,115,5,19550911,254,10
19518,1955,116,5,19550326,85,10
19518,1955,117,5,19550625,176,10
19518,1955,117,62,19550825,237,10
19518,1955,118,5,19550508,128,10
19518,1955,118,8,19550508,128,10
19518,1955,119,5,19550408,98,10
19518,1955,120,5,19550430,120,10
19518,1955,121,4,19550513,133,10
19518,1955,121,5,19550620,171,10
19518,1955,122,31,19551001,274,10
19518,1955,122,4,19550429,119,10
19518,1955,122,5,19550510,130,10
19518,1955,122,62,19550920,263,10
19518,1955,123,31,19551010,283,10
19518,1955,123,4,19550501,121,10
19518,1955,123,5,19550514,134,10
19518,1955,124,5,19550414,104,10
19518,1955,125,5,19550429,119,10
19518,1955,127,5,19550324,83,10
19518,1955,128,4,19550501,121,10
19518,1955,128,5,19550420,110,10
19518,1955,129,5,19550616,167,10
19518,1955,129,62,19550824,236,10
19518,1955,130,4,19550501,121,10
19518,1955,130,5,19550703,184,10
19518,1955,131,5,19550430,120,10
19518,1955,132,31,19551010,283,10
19518,1955,132,4,19550504,124,10
19518,1955,132,5,19550506,126,10
19518,1955,133,8,19550507,127,10
19518,1955,135,6,19550606,157,10
19518,1955,136,6,19550615,166,10
19518,1955,137,4,19550505,125,10
19518,1955,137,5,19550708,189,10
19518,1955,138,5,19550530,150,10
19518,1955,201,25,19550531,151,10
19518,1955,201,27,19550822,234,10
19518,1955,202,10,19551020,293,10
19518,1955,202,12,19551103,307,10
19518,1955,202,15,19550601,152,10
19518,1955,202,18,19550620,171,10
19518,1955,202,23,19550815,227,10
19518,1955,203,10,19551005,278,10
19518,1955,203,12,19551012,285,10
19518,1955,203,15,19550501,121,10
19518,1955,203,18,19550521,141,10
19518,1955,203,23,19550806,218,10
19518,1955,203,5,19550612,163,10
19518,1955,204,10,19550922,265,10
19518,1955,204,12,19551005,278,10
19518,1955,204,15,19550501,121,10
19518,1955,204,18,19550601,152,10
19518,1955,204,23,19550716,197,10
19518,1955,205,5,19550521,141,10
19518,1955,206,10,19550401,91,10
19518,1955,206,12,19550420,110,10
19518,1955,206,23,19550820,232,10
19518,1955,207,10,19550402,92,10
19518,1955,207,18,19550626,177,10
19518,1955,208,10,19550407,97,10
19518,1955,208,12,19550426,116,10
19518,1955,208,15,19550603,154,10
19518,1955,208,66,19550628,179,10
19518,1955,243,11,19550526,146,10
19518,1955,243,5,19550605,156,10
19518,1955,252,24,19550927,270,10
19518,1955,253,10,19550423,113,10
19518,1955,253,12,19550506,126,10
19518,1955,253,24,19550929,272,10
19518,1955,310,5,19550509,129,10
19518,1955,310,6,19550516,136,10
19518,1955,310,7,19550520,140,10
19518,1955,311,29,19550806,218,10
19518,1955,313,29,19550922,265,10
19518,1955,320,5,19550504,124,10
19518,1955,320,6,19550507,127,10
19518,1955,320,7,19550520,140,10
19518,1955,330,5,19550501,121,10
19518,1955,330,6,19550503,123,10
19518,1955,330,7,19550510,130,10
19518,1955,331,29,19550628,179,10
19518,1955,340,29,19550801,213,10
19518,1955,340,5,19550506,126,10
19518,1955,340,6,19550508,128,10
19518,1955,340,7,19550520,140,10
19518,1955,350,29,19550718,199,10
19518,1955,350,4,19550420,110,10
19518,1955,350,5,19550501,121,10
19518,1956,102,5,19560411,101,10
19518,1956,103,5,19560525,145,10
19518,1956,103,62,19560910,253,10
19518,1956,104,4,19560515,135,10
19518,1956,104,5,19560506,126,10
19518,1956,105,61,19560503,123,10
19518,1956,107,5,19560510,130,10
19518,1956,107,8,19560505,125,10
19518,1956,108,5,19560517,137,10
19518,1956,109,5,19560413,103,10
19518,1956,112,31,19560905,248,10
19518,1956,112,4,19560505,125,10
19518,1956,113,5,19560328,87,10
19518,1956,115,5,19560926,269,10
19518,1956,116,5,19560401,91,10
19518,1956,117,5,19560616,167,10
19518,1956,117,62,19560930,273,10
19518,1956,118,5,19560514,134,10
19518,1956,118,8,19560510,130,10
19518,1956,119,5,19560403,93,10
19518,1956,120,5,19560502,122,10
19518,1956,121,4,19560515,135,10
19518,1956,121,5,19560605,156,10
19518,1956,122,4,19560506,126,10
19518,1956,122,5,19560515,135,10
19518,1956,122,62,19560915,258,10
19518,1956,123,4,19560507,127,10
19518,1956,123,5,19560509,129,10
19518,1956,124,5,19560404,94,10
19518,1956,125,5,19560501,121,10
19518,1956,127,5,19560322,81,10
19518,1956,128,4,19560503,123,10
19518,1956,128,5,19560402,92,10
19518,1956,129,5,19560605,156,10
19518,1956,130,4,19560506,126,10
19518,1956,130,5,19560630,181,10
19518,1956,131,5,19560429,119,10
19518,1956,132,4,19560512,132,10
19518,1956,133,8,19560510,130,10
19518,1956,135,6,19560525,145,10
19518,1956,136,6,19560531,151,10
19518,1956,137,4,19560506,126,10
19518,1956,138,5,19560527,147,10
19518,1956,201,25,19560605,156,10
19518,1956,201,27,19560822,234,10
19518,1956,202,10,19561015,288,10
19518,1956,202,23,19560716,197,10
19518,1956,203,10,19560920,263,10
19518,1956,203,12,19560929,272,10
19518,1956,203,18,19560525,145,10
19518,1956,203,23,19560807,219,10
19518,1956,203,5,19560604,155,10
19518,1956,204,10,19560920,263,10
19518,1956,204,12,19560929,272,10
19518,1956,204,18,19560523,143,10
19518,1956,204,23,19560718,199,10
19518,1956,205,5,19560518,138,10
19518,1956,206,10,19560404,94,10
19518,1956,206,23,19560818,230,10
19518,1956,207,10,19560410,100,10
19518,1956,207,12,19560422,112,10
19518,1956,207,23,19560810,222,10
19518,1956,208,10,19560324,83,10
19518,1956,208,23,19560820,232,10
19518,1956,208,66,19560618,169,10
19518,1956,244,24,19561010,283,10
19518,1956,252,10,19560420,110,10
19518,1956,252,12,19560511,131,10
19518,1956,252,24,19561010,283,10
19518,1956,253,12,19560504,124,10
19518,1956,253,24,19561010,283,10
19518,1956,310,5,19560513,133,10
19518,1956,310,6,19560516,136,10
19518,1956,310,7,19560519,139,10
19518,1956,311,29,19560806,218,10
19518,1956,313,29,19561014,287,10
19518,1956,320,5,19560506,126,10
19518,1956,320,6,19560509,129,10
19518,1956,320,7,19560512,132,10
19518,1956,330,5,19560505,125,10
19518,1956,330,6,19560507,127,10
19518,1956,330,7,19560514,134,10
19518,1956,332,29,19560721,202,10
19518,1956,340,29,19560805,217,10
19518,1956,340,5,19560506,126,10
19518,1956,340,6,19560508,128,10
19518,1956,340,7,19560514,134,10
19518,1956,350,29,19560721,202,10
19518,1956,350,4,19560423,113,10
19518,1956,350,5,19560506,126,10
19518,1956,372,29,19561002,275,10
19518,1957,102,5,19570320,79,10
19518,1957,103,5,19570512,132,10
19518,1957,103,62,19570804,216,10
19518,1957,107,8,19570425,115,10
19518,1957,108,5,19570507,127,10
19518,1957,109,5,19570320,79,10
19518,1957,112,31,19570925,268,10
19518,1957,112,4,19570330,89,10
19518,1957,113,5,19570204,35,10
19518,1957,116,5,19570205,36,10
19518,1957,117,5,19570602,153,10
19518,1957,117,62,19571005,278,10
19518,1957,119,5,19570227,58,10
19518,1957,120,5,19570420,110,10
19518,1957,122,31,19570925,268,10
19518,1957,122,4,19570329,88,10
19518,1957,122,5,19570503,123,10
19518,1957,123,31,19570925,268,10
19518,1957,124,5,19570312,71,10
19518,1957,125,5,19570405,95,10
19518,1957,127,5,19570221,52,10
19518,1957,129,5,19570604,155,10
19518,1957,129,62,19570814,226,10
19518,1957,130,5,19570622,173,10
19518,1957,131,5,19570327,86,10
19518,1957,132,31,19570920,263,10
19518,1957,132,5,19570502,122,10
19518,1957,133,8,19570427,117,10
19518,1957,135,6,19570518,138,10
19518,1957,136,6,19570602,153,10
19518,1957,137,5,19570622,173,10
19518,1957,138,5,19570513,133,10
19518,1957,201,25,19570610,161,10
19518,1957,202,23,19570806,218,10
19518,1957,203,18,19570519,139,10
19518,1957,203,23,19570720,201,10
19518,1957,203,5,19570607,158,10
19518,1957,204,18,19570520,140,10
19518,1957,204,23,19570706,187,10
19518,1957,205,24,19570628,179,10
19518,1957,205,5,19570426,116,10
19518,1957,206,10,19570312,71,10
19518,1957,206,12,19570325,84,10
19518,1957,206,18,19570622,173,10
19518,1957,206,23,19570810,222,10
19518,1957,207,23,19570710,191,10
19518,1957,208,10,19570312,71,10
19518,1957,208,12,19570328,87,10
19518,1957,208,23,19570730,211,10
19518,1957,208,66,19570622,173,10
19518,1957,243,11,19570517,137,10
19518,1957,252,24,19571001,274,10
19518,1957,253,10,19570405,95,10
19518,1957,253,12,19570427,117,10
19518,1957,253,24,19570926,269,10
19518,1957,310,5,19570421,111,10
19518,1957,310,6,19570426,116,10
19518,1957,310,7,19570430,120,10
19518,1957,320,5,19570409,99,10
19518,1957,320,6,19570412,102,10
19518,1957,320,7,19570423,113,10
19518,1957,330,5,19570411,101,10
19518,1957,330,6,19570418,108,10
19518,1957,330,7,19570424,114,10
19518,1957,332,29,19570708,189,10
19518,1957,340,5,19570417,107,10
19518,1957,340,6,19570420,110,10
19518,1957,340,7,19570427,117,10
19518,1957,350,29,19570706,187,10
19518,1957,350,4,19570317,76,10
19518,1957,350,5,19570328,87,10
19518,1958,102,5,19580412,102,10
19518,1958,103,5,19580522,142,10
19518,1958,103,62,19580815,227,10
19518,1958,104,4,19580511,131,10
19518,1958,104,5,19580503,123,10
19518,1958,105,5,19580507,127,10
19518,1958,105,61,19580505,125,10
19518,1958,107,5,19580515,135,10
19518,1958,107,8,19580505,125,10
19518,1958,108,5,19580516,136,10
19518,1958,109,5,19580415,105,10
19518,1958,112,31,19581005,278,10
19518,1958,112,4,19580503,123,10
19518,1958,113,5,19580213,44,10
19518,1958,114,5,19580805,217,10
19518,1958,116,5,19580420,110,10
19518,1958,117,5,19580616,167,10
19518,1958,117,62,19580830,242,10
19518,1958,118,8,19580503,123,10
19518,1958,119,5,19580403,93,10
19518,1958,120,5,19580502,122,10
19518,1958,121,4,19580520,140,10
19518,1958,121,5,19580607,158,10
19518,1958,122,31,19581005,278,10
19518,1958,122,4,19580503,123,10
19518,1958,122,5,19580520,140,10
19518,1958,122,62,19580925,268,10
19518,1958,123,31,19580928,271,10
19518,1958,123,4,19580503,123,10
19518,1958,123,5,19580511,131,10
19518,1958,123,62,19580930,273,10
19518,1958,124,5,19580404,94,10
19518,1958,125,5,19580503,123,10
19518,1958,127,5,19580213,44,10
19518,1958,128,4,19580503,123,10
19518,1958,129,5,19580607,158,10
19518,1958,129,62,19580830,242,10
19518,1958,130,4,19580503,123,10
19518,1958,130,5,19580626,177,10
19518,1958,131,5,19580424,114,10
19518,1958,132,31,19581020,293,10
19518,1958,132,4,19580514,134,10
19518,1958,132,5,19580516,136,10
19518,1958,132,62,19580930,273,10
19518,1958,133,8,19580505,125,10
19518,1958,135,6,19580529,149,10
19518,1958,136,6,19580602,153,10
19518,1958,137,4,19580505,125,10
19518,1958,137,5,19580626,177,10
19518,1958,138,5,19580522,142,10
19518,1958,201,25,19580605,156,10
19518,1958,201,27,19580814,226,10
19518,1958,202,10,19581025,298,10
19518,1958,202,12,19581105,309,10
19518,1958,202,15,19580503,123,10
19518,1958,202,18,19580606,157,10
19518,1958,202,23,19580814,226,10
19518,1958,203,10,19581003,276,10
19518,1958,203,12,19581015,288,10
19518,1958,203,15,19580524,144,10
19518,1958,203,18,19580609,160,10
19518,1958,203,23,19580801,213,10
19518,1958,204,10,19580917,260,10
19518,1958,204,12,19580930,273,10
19518,1958,204,15,19580503,123,10
19518,1958,204,18,19580524,144,10
19518,1958,204,23,19580716,197,10
19518,1958,205,24,19580711,192,10
19518,1958,206,10,19580414,104,10
19518,1958,206,12,19580426,116,10
19518,1958,206,15,19580616,167,10
19518,1958,206,23,19580825,237,10
19518,1958,207,10,19580414,104,10
19518,1958,207,12,19580426,116,10
19518,1958,208,10,19580409,99,10
19518,1958,208,12,19580426,116,10
19518,1958,208,23,19580814,226,10
19518,1958,208,66,19580621,172,10
19518,1958,252,24,19580924,267,10
19518,1958,253,10,19580421,111,10
19518,1958,253,12,19580508,128,10
19518,1958,253,13,19580630,181,10
19518,1958,253,24,19581027,300,10
19518,1958,310,5,19580510,130,10
19518,1958,310,6,19580514,134,10
19518,1958,310,7,19580520,140,10
19518,1958,311,29,19580807,219,10
19518,1958,313,29,19581005,278,10
19518,1958,320,5,19580505,125,10
19518,1958,320,6,19580509,129,10
19518,1958,320,7,19580511,131,10
19518,1958,330,5,19580501,121,10
19518,1958,330,6,19580505,125,10
19518,1958,330,7,19580510,130,10
19518,1958,332,29,19580718,199,10
19518,1958,340,29,19580730,211,10
19518,1958,340,5,19580509,129,10
19518,1958,340,6,19580511,131,10
19518,1958,340,7,19580518,138,10
19518,1958,350,29,19580708,189,10
19518,1958,350,4,19580420,110,10
19518,1958,350,5,19580501,121,10
19518,1958,372,29,19580925,268,10
19518,1959,102,5,19590328,87,10
19518,1959,103,5,19590430,120,10
19518,1959,103,62,19590816,228,10
19518,1959,104,4,19590507,127,10
19518,1959,105,61,19590408,98,10
19518,1959,107,8,19590414,104,10
19518,1959,108,5,19590512,132,10
19518,1959,109,5,19590320,79,10
19518,1959,112,31,19590914,257,10
19518,1959,112,4,19590413,103,10
19518,1959,113,5,19590301,60,10
19518,1959,114,5,19590801,213,10
19518,1959,115,5,19590905,248,10
19518,1959,117,5,19590523,143,10
19518,1959,117,62,19590901,244,10
19518,1959,118,8,19590412,102,10
19518,1959,119,5,19590306,65,10
19518,1959,120,5,19590414,104,10
19518,1959,121,4,19590502,122,10
19518,1959,121,5,19590523,143,10
19518,1959,122,31,19591004,277,10
19518,1959,122,4,19590408,98,10
19518,1959,122,5,19590422,112,10
19518,1959,122,62,19590924,267,10
19518,1959,123,31,19590910,253,10
19518,1959,123,4,19590416,106,10
19518,1959,124,5,19590309,68,10
19518,1959,125,5,19590403,93,10
19518,1959,127,5,19590301,60,10
19518,1959,128,4,19590412,102,10
19518,1959,128,5,19590301,60,10
19518,1959,129,5,19590518,138,10
19518,1959,129,62,19590807,219,10
19518,1959,130,4,19590415,105,10
19518,1959,130,5,19590620,171,10
19518,1959,131,5,19590404,94,10
19518,1959,132,31,19591014,287,10
19518,1959,132,4,19590420,110,10
19518,1959,133,8,19590420,110,10
19518,1959,135,6,19590507,127,10
19518,1959,136,6,19590525,145,10
19518,1959,137,4,19590413,103,10
19518,1959,137,5,19590622,173,10
19518,1959,138,5,19590426,116,10
19518,1959,201,25,19590523,143,10
19518,1959,201,27,19590817,229,10
19518,1959,202,10,19591103,307,10
19518,1959,202,18,19590610,161,10
19518,1959,203,10,19591005,278,10
19518,1959,203,18,19590508,128,10
19518,1959,203,21,19590715,196,10
19518,1959,203,23,19590716,197,10
19518,1959,203,5,19590530,150,10
19518,1959,204,10,19590912,255,10
19518,1959,204,12,19590922,265,10
19518,1959,204,18,19590515,135,10
19518,1959,204,21,19590627,178,10
19518,1959,204,23,19590627,178,10
19518,1959,204,24,19590707,188,10
19518,1959,205,24,19590626,177,10
19518,1959,205,5,19590501,121,10
19518,1959,206,10,19590303,62,10
19518,1959,206,12,19590325,84,10
19518,1959,206,18,19590607,158,10
19518,1959,206,21,19590726,207,10
19518,1959,206,23,19590801,213,10
19518,1959,206,24,19590803,215,10
19518,1959,207,10,19590305,64,10
19518,1959,207,12,19590403,93,10
19518,1959,207,18,19590608,159,10
19518,1959,208,10,19590308,67,10
19518,1959,208,12,19590328,87,10
19518,1959,208,23,19590721,202,10
19518,1959,208,24,19590723,204,10
19518,1959,208,66,19590616,167,10
19518,1959,243,11,19590512,132,10
19518,1959,243,5,19590615,166,10
19518,1959,253,10,19590315,74,10
19518,1959,253,12,19590403,93,10
19518,1959,253,13,19590620,171,10
19518,1959,253,24,19590925,268,10
19518,1959,310,5,19590416,106,10
19518,1959,310,6,19590422,112,10
19518,1959,310,7,19590426,116,10
19518,1959,311,29,19590728,209,10
19518,1959,313,29,19591007,280,10
19518,1959,320,5,19590414,104,10
19518,1959,320,6,19590417,107,10
19518,1959,320,7,19590420,110,10
19518,1959,330,5,19590410,100,10
19518,1959,330,6,19590414,104,10
19518,1959,330,7,19590418,108,10
19518,1959,340,29,19590711,192,10
19518,1959,340,5,19590416,106,10
19518,1959,340,6,19590418,108,10
19518,1959,340,7,19590422,112,10
19518,1959,350,4,19590328,87,10
19518,1959,350,5,19590404,94,10
19518,1959,372,29,19590915,258,10
19518,1960,102,5,19600403,93,10
19518,1960,103,5,19600513,133,10
19518,1960,103,62,19600717,198,10
19518,1960,104,4,19600505,125,10
19518,1960,104,5,19600426,116,10
19518,1960,105,5,19600416,106,10
19518,1960,105,61,19600412,102,10
19518,1960,107,5,19600520,140,10
19518,1960,107,8,19600506,126,10
19518,1960,108,5,19600508,128,10
19518,1960,109,5,19600328,87,10
19518,1960,112,31,19601012,285,10
19518,1960,112,4,19600415,105,10
19518,1960,113,5,19600224,55,10
19518,1960,114,5,19600812,224,10
19518,1960,115,5,19600815,227,10
19518,1960,116,5,19600325,84,10
19518,1960,117,5,19600601,152,10
19518,1960,117,62,19600824,236,10
19518,1960,118,8,19600502,122,10
19518,1960,119,5,19600306,65,10
19518,1960,120,5,19600413,103,10
19518,1960,121,4,19600507,127,10
19518,1960,121,5,19600601,152,10
19518,1960,122,31,19601004,277,10
19518,1960,122,4,19600413,103,10
19518,1960,122,5,19600510,130,10
19518,1960,122,62,19600914,257,10
19518,1960,123,31,19600921,264,10
19518,1960,123,4,19600419,109,10
19518,1960,123,5,19600508,128,10
19518,1960,123,62,19600901,244,10
19518,1960,124,5,19600320,79,10
19518,1960,125,5,19600410,100,10
19518,1960,127,5,19600226,57,10
19518,1960,128,4,19600419,109,10
19518,1960,129,5,19600522,142,10
19518,1960,129,62,19600809,221,10
19518,1960,130,4,19600420,110,10
19518,1960,130,5,19600622,173,10
19518,1960,131,5,19600410,100,10
19518,1960,132,31,19601012,285,10
19518,1960,132,4,19600507,127,10
19518,1960,132,62,19600922,265,10
19518,1960,133,8,19600514,134,10
19518,1960,135,6,19600514,134,10
19518,1960,136,6,19600603,154,10
19518,1960,137,4,19600426,116,10
19518,1960,137,5,19600711,192,10
19518,1960,138,5,19600510,130,10
19518,1960,201,25,19600604,155,10
19518,1960,201,27,19600827,239,10
19518,1960,202,18,19600604,155,10
19518,1960,202,23,19600715,196,10
19518,1960,202,24,19600715,196,10
19518,1960,203,18,19600514,134,10
19518,1960,203,23,19600808,220,10
19518,1960,203,5,19600609,160,10
19518,1960,204,10,19600922,265,10
19518,1960,204,12,19601007,280,10
19518,1960,204,18,19600516,136,10
19518,1960,204,23,19600722,203,10
19518,1960,204,24,19600718,199,10
19518,1960,205,24,19600714,195,10
19518,1960,205,5,19600506,126,10
19518,1960,206,10,19600315,74,10
19518,1960,206,12,19600406,96,10
19518,1960,206,18,19600612,163,10
19518,1960,206,23,19600826,238,10
19518,1960,207,23,19600814,226,10
19518,1960,208,10,19600321,80,10
19518,1960,208,12,19600412,102,10
19518,1960,208,23,19600814,226,10
19518,1960,208,66,19600608,159,10
19518,1960,243,11,19600528,148,10
19518,1960,243,5,19600627,178,10
19518,1960,252,24,19600923,266,10
19518,1960,253,10,19600316,75,10
19518,1960,253,12,19600412,102,10
19518,1960,253,13,19600615,166,10
19518,1960,253,24,19600925,268,10
19518,1960,310,5,19600428,118,10
19518,1960,310,6,19600503,123,10
19518,1960,310,7,19600508,128,10
19518,1960,311,29,19600728,209,10
19518,1960,313,29,19601025,298,10
19518,1960,320,5,19600421,111,10
19518,1960,320,6,19600425,115,10
19518,1960,320,7,19600504,124,10
19518,1960,330,5,19600416,106,10
19518,1960,330,6,19600419,109,10
19518,1960,330,7,19600430,120,10
19518,1960,332,29,19600627,178,10
19518,1960,340,29,19600725,206,10
19518,1960,340,5,19600420,110,10
19518,1960,340,6,19600422,112,10
19518,1960,340,7,19600503,123,10
19518,1960,350,29,19600606,157,10
19518,1960,350,4,19600327,86,10
19518,1960,350,5,19600411,101,10
19518,1960,372,29,19600926,269,10
19518,1961,102,5,19610303,62,10
19518,1961,103,5,19610502,122,10
19518,1961,103,62,19610730,211,10
19518,1961,104,4,19610502,122,10
19518,1961,104,5,19610429,119,10
19518,1961,105,61,19610407,97,10
19518,1961,107,8,19610414,104,10
19518,1961,108,5,19610425,115,10
19518,1961,109,5,19610313,72,10
19518,1961,112,31,19610929,272,10
19518,1961,112,4,19610410,100,10
19518,1961,113,5,19610208,39,10
19518,1961,114,5,19610810,222,10
19518,1961,115,5,19610916,259,10
19518,1961,116,5,19610303,62,10
19518,1961,117,5,19610601,152,10
19518,1961,117,62,19610815,227,10
19518,1961,118,5,19610523,143,10
19518,1961,118,8,19610412,102,10
19518,1961,119,5,19610224,55,10
19518,1961,120,5,19610411,101,10
19518,1961,121,4,19610427,117,10
19518,1961,121,5,19610612,163,10
19518,1961,122,31,19610929,272,10
19518,1961,122,4,19610410,100,10
19518,1961,122,5,19610425,115,10
19518,1961,122,62,19611003,276,10
19518,1961,123,31,19610929,272,10
19518,1961,123,4,19610417,107,10
19518,1961,123,5,19610507,127,10
19518,1961,124,5,19610303,62,10
19518,1961,125,5,19610407,97,10
19518,1961,127,5,19610220,51,10
19518,1961,129,5,19610514,134,10
19518,1961,129,62,19610812,224,10
19518,1961,130,4,19610414,104,10
19518,1961,130,5,19610620,171,10
19518,1961,131,5,19610407,97,10
19518,1961,132,31,19610929,272,10
19518,1961,132,4,19610419,109,10
19518,1961,132,5,19610425,115,10
19518,1961,132,62,19610930,273,10
19518,1961,135,6,19610504,124,10
19518,1961,136,6,19610606,157,10
19518,1961,137,4,19610411,101,10
19518,1961,137,5,19610712,193,10
19518,1961,138,5,19610426,116,10
19518,1961,201,25,19610606,157,10
19518,1961,201,27,19610826,238,10
19518,1961,202,10,19611018,291,10
19518,1961,202,12,19611103,307,10
19518,1961,202,18,19610624,175,10
19518,1961,202,24,19610827,239,10
19518,1961,203,10,19611005,278,10
19518,1961,203,12,19611014,287,10
19518,1961,203,18,19610507,127,10
19518,1961,203,24,19610708,189,10
19518,1961,203,5,19610613,164,10
19518,1961,204,10,19610914,257,10
19518,1961,204,12,19610926,269,10
19518,1961,204,18,19610505,125,10
19518,1961,204,24,19610712,193,10
19518,1961,205,24,19610726,207,10
19518,1961,205,5,19610424,114,10
19518,1961,206,10,19610220,51,10
19518,1961,206,12,19610310,69,10
19518,1961,206,18,19610620,171,10
19518,1961,206,24,19610823,235,10
19518,1961,207,10,19610310,69,10
19518,1961,208,10,19610220,51,10
19518,1961,208,12,19610315,74,10
19518,1961,208,24,19610827,239,10
19518,1961,252,24,19610928,271,10
19518,1961,253,10,19610318,77,10
19518,1961,253,12,19610413,103,10
19518,1961,253,13,19610628,179,10
19518,1961,253,24,19611004,277,10
19518,1961,310,5,19610414,104,10
19518,1961,310,6,19610420,110,10
19518,1961,310,7,19610423,113,10
19518,1961,320,5,19610407,97,10
19518,1961,320,6,19610411,101,10
19518,1961,320,7,19610420,110,10
19518,1961,321,29,19610825,237,10
19518,1961,322,29,19611002,275,10
19518,1961,330,5,19610407,97,10
19518,1961,330,6,19610411,101,10
19518,1961,330,7,19610417,107,10
19518,1961,332,29,19610706,187,10
19518,1961,340,29,19610726,207,10
19518,1961,340,5,19610417,107,10
19518,1961,340,6,19610423,113,10
19518,1961,340,7,19610425,115,10
19518,1961,350,4,19610314,73,10
19518,1961,350,5,19610411,101,10
19518,1961,372,29,19610918,261,10
19518,1962,102,5,19620420,110,10
19518,1962,103,5,19620520,140,10
19518,1962,103,62,19620808,220,10
19518,1962,104,4,19620519,139,10
19518,1962,104,5,19620424,114,10
19518,1962,105,61,19620424,114,10
19518,1962,107,5,19620618,169,10
19518,1962,107,8,19620510,130,10
19518,1962,108,5,19620519,139,10
19518,1962,109,5,19620420,110,10
19518,1962,112,31,19621001,274,10
19518,1962,112,4,19620427,117,10
19518,1962,113,5,19620127,27,10
19518,1962,114,5,19620820,232,10
19518,1962,116,5,19620408,98,10
19518,1962,117,5,19620620,171,10
19518,1962,117,62,19620902,245,10
19518,1962,118,5,19620614,165,10
19518,1962,118,8,19620426,116,10
19518,1962,119,5,19620322,81,10
19518,1962,120,5,19620429,119,10
19518,1962,121,4,19620522,142,10
19518,1962,121,5,19620617,168,10
19518,1962,122,31,19620927,270,10
19518,1962,122,4,19620424,114,10
19518,1962,122,5,19620516,136,10
19518,1962,122,62,19621002,275,10
19518,1962,123,31,19620927,270,10
19518,1962,123,4,19620503,123,10
19518,1962,124,5,19620408,98,10
19518,1962,125,5,19620428,118,10
19518,1962,127,5,19620322,81,10
19518,1962,129,5,19620616,167,10
19518,1962,129,62,19620830,242,10
19518,1962,130,4,19620428,118,10
19518,1962,130,5,19620711,192,10
19518,1962,131,5,19620422,112,10
19518,1962,132,31,19621003,276,10
19518,1962,132,4,19620518,138,10
19518,1962,132,5,19620522,142,10
19518,1962,132,62,19621012,285,10
19518,1962,135,6,19620526,146,10
19518,1962,136,6,19620614,165,10
19518,1962,137,4,19620428,118,10
19518,1962,137,5,19620720,201,10
19518,1962,138,5,19620520,140,10
19518,1962,201,25,19620615,166,10
19518,1962,201,27,19620818,230,10
19518,1962,202,10,19621114,318,10
19518,1962,202,18,19620624,175,10
19518,1962,202,24,19620913,256,10
19518,1962,203,10,19620929,272,10
19518,1962,203,12,19621014,287,10
19518,1962,203,18,19620526,146,10
19518,1962,203,23,19620818,230,10
19518,1962,203,24,19620827,239,10
19518,1962,203,5,19620617,168,10
19518,1962,204,10,19621004,277,10
19518,1962,204,12,19621021,294,10
19518,1962,204,18,19620528,148,10
19518,1962,205,24,19620802,214,10
19518,1962,205,5,19620515,135,10
19518,1962,206,10,19620328,87,10
19518,1962,206,12,19620418,108,10
19518,1962,206,23,19620820,232,10
19518,1962,207,18,19620623,174,10
19518,1962,207,24,19620830,242,10
19518,1962,208,10,19620418,108,10
19518,1962,208,12,19620427,117,10
19518,1962,208,24,19620823,235,10
19518,1962,208,66,19620629,180,10
19518,1962,253,10,19620418,108,10
19518,1962,253,12,19620508,128,10
19518,1962,253,24,19621030,303,10
19518,1962,310,5,19620509,129,10
19518,1962,310,6,19620513,133,10
19518,1962,310,7,19620516,136,10
19518,1962,311,29,19620814,226,10
19518,1962,313,29,19621021,294,10
19518,1962,320,5,19620502,122,10
19518,1962,320,6,19620512,132,10
19518,1962,320,7,19620515,135,10
19518,1962,330,5,19620426,116,10
19518,1962,330,6,19620503,123,10
19518,1962,330,7,19620510,130,10
19518,1962,332,29,19620725,206,10
19518,1962,340,29,19620814,226,10
19518,1962,340,5,19620508,128,10
19518,1962,340,6,19620515,135,10
19518,1962,340,7,19620521,141,10
19518,1962,350,29,19620725,206,10
19518,1962,350,4,19620418,108,10
19518,1962,350,5,19620424,114,10
19518,1962,372,29,19621006,279,10
19518,1963,102,5,19630412,102,10
19518,1963,103,5,19630516,136,10
19518,1963,103,62,19630803,215,10
19518,1963,104,4,19630520,140,10
19518,1963,104,5,19630429,119,10
19518,1963,105,5,19630424,114,10
19518,1963,105,61,19630422,112,10
19518,1963,107,8,19630507,127,10
19518,1963,108,5,19630518,138,10
19518,1963,109,5,19630415,105,10
19518,1963,112,31,19631016,289,10
19518,1963,112,4,19630422,112,10
19518,1963,113,5,19630331,90,10
19518,1963,114,5,19630724,205,10
19518,1963,116,5,19630501,121,10
19518,1963,117,5,19630610,161,10
19518,1963,117,62,19630830,242,10
19518,1963,118,8,19630505,125,10
19518,1963,119,5,19630411,101,10
19518,1963,120,5,19630503,123,10
19518,1963,121,4,19630522,142,10
19518,1963,121,5,19630602,153,10
19518,1963,122,31,19631011,284,10
19518,1963,122,4,19630428,118,10
19518,1963,122,5,19630516,136,10
19518,1963,122,62,19631002,275,10
19518,1963,123,31,19631005,278,10
19518,1963,123,4,19630513,133,10
19518,1963,123,5,19630517,137,10
19518,1963,124,5,19630408,98,10
19518,1963,127,5,19630328,87,10
19518,1963,128,4,19630420,110,10
19518,1963,128,5,19630318,77,10
19518,1963,129,5,19630606,157,10
19518,1963,129,62,19630830,242,10
19518,1963,130,4,19630426,116,10
19518,1963,130,5,19630622,173,10
19518,1963,131,5,19630428,118,10
19518,1963,132,31,19631011,284,10
19518,1963,132,4,19630512,132,10
19518,1963,132,5,19630520,140,10
19518,1963,135,6,19630518,138,10
19518,1963,136,6,19630605,156,10
19518,1963,137,4,19630428,118,10
19518,1963,137,5,19630628,179,10
19518,1963,138,5,19630530,150,10
19518,1963,201,25,19630611,162,10
19518,1963,201,27,19630901,244,10
19518,1963,202,10,19631101,305,10
19518,1963,202,12,19631118,322,10
19518,1963,202,18,19630612,163,10
19518,1963,202,22,19630815,227,10
19518,1963,202,23,19630808,220,10
19518,1963,202,24,19630828,240,10
19518,1963,203,10,19630924,267,10
19518,1963,203,12,19631004,277,10
19518,1963,203,18,19630520,140,10
19518,1963,203,23,19630721,202,10
19518,1963,203,24,19630731,212,10
19518,1963,203,5,19630609,160,10
19518,1963,204,10,19630904,247,10
19518,1963,204,12,19630922,265,10
19518,1963,204,18,19630522,142,10
19518,1963,204,23,19630718,199,10
19518,1963,205,24,19630715,196,10
19518,1963,205,5,19630512,132,10
19518,1963,206,10,19630406,96,10
19518,1963,206,12,19630420,110,10
19518,1963,206,18,19630625,176,10
19518,1963,207,10,19630406,96,10
19518,1963,207,12,19630418,108,10
19518,1963,207,18,19630612,163,10
19518,1963,207,24,19630813,225,10
19518,1963,208,10,19630411,101,10
19518,1963,208,12,19630423,113,10
19518,1963,208,24,19630820,232,10
19518,1963,208,66,19630621,172,10
19518,1963,252,24,19631005,278,10
19518,1963,253,10,19630417,107,10
19518,1963,253,12,19630507,127,10
19518,1963,253,13,19630620,171,10
19518,1963,253,24,19631019,292,10
19518,1963,310,5,19630507,127,10
19518,1963,310,6,19630512,132,10
19518,1963,310,7,19630516,136,10
19518,1963,311,29,19630802,214,10
19518,1963,313,29,19631004,277,10
19518,1963,320,5,19630507,127,10
19518,1963,320,6,19630510,130,10
19518,1963,320,7,19630514,134,10
19518,1963,330,5,19630428,118,10
19518,1963,330,6,19630501,121,10
19518,1963,330,7,19630510,130,10
19518,1963,340,29,19630725,206,10
19518,1963,340,5,19630508,128,10
19518,1963,340,6,19630510,130,10
19518,1963,340,7,19630518,138,10
19518,1963,350,29,19630629,180,10
19518,1963,350,4,19630410,100,10
19518,1963,350,5,19630426,116,10
19518,1964,102,5,19640409,99,10
19518,1964,103,5,19640519,139,10
19518,1964,103,62,19640816,228,10
19518,1964,104,4,19640507,127,10
19518,1964,104,5,19640423,113,10
19518,1964,105,5,19640417,107,10
19518,1964,105,61,19640417,107,10
19518,1964,107,5,19640522,142,10
19518,1964,107,8,19640505,125,10
19518,1964,108,5,19640509,129,10
19518,1964,109,5,19640417,107,10
19518,1964,112,31,19640929,272,10
19518,1964,112,4,19640411,101,10
19518,1964,114,5,19640814,226,10
19518,1964,116,5,19640328,87,10
19518,1964,117,5,19640604,155,10
19518,1964,117,62,19640817,229,10
19518,1964,118,5,19640520,140,10
19518,1964,118,8,19640505,125,10
19518,1964,119,5,19640408,98,10
19518,1964,120,5,19640502,122,10
19518,1964,121,4,19640525,145,10
19518,1964,121,5,19640528,148,10
19518,1964,122,31,19640918,261,10
19518,1964,122,4,19640411,101,10
19518,1964,122,62,19640910,253,10
19518,1964,123,31,19640920,263,10
19518,1964,123,4,19640423,113,10
19518,1964,123,5,19640513,133,10
19518,1964,124,5,19640410,100,10
19518,1964,127,5,19640218,49,10
19518,1964,129,5,19640527,147,10
19518,1964,129,62,19640820,232,10
19518,1964,130,4,19640429,119,10
19518,1964,130,5,19640621,172,10
19518,1964,131,5,19640422,112,10
19518,1964,132,31,19640920,263,10
19518,1964,132,4,19640505,125,10
19518,1964,135,6,19640516,136,10
19518,1964,136,6,19640528,148,10
19518,1964,137,4,19640422,112,10
19518,1964,137,5,19640614,165,10
19518,1964,138,5,19640512,132,10
19518,1964,201,25,19640603,154,10
19518,1964,201,27,19640922,265,10
19518,1964,202,10,19641022,295,10
19518,1964,202,12,19641115,319,10
19518,1964,202,18,19640608,159,10
19518,1964,202,23,19640805,217,10
19518,1964,202,24,19640810,222,10
19518,1964,203,15,19640501,121,10
19518,1964,203,18,19640523,143,10
19518,1964,203,22,19640731,212,10
19518,1964,203,24,19640806,218,10
19518,1964,203,5,19640602,153,10
19518,1964,204,10,19640910,253,10
19518,1964,204,12,19641005,278,10
19518,1964,204,18,19640523,143,10
19518,1964,204,22,19640714,195,10
19518,1964,204,24,19640716,197,10
19518,1964,205,24,19640705,186,10
19518,1964,205,5,19640520,140,10
19518,1964,206,10,19640406,96,10
19518,1964,206,12,19640420,110,10
19518,1964,206,18,19640618,169,10
19518,1964,206,22,19640820,232,10
19518,1964,206,24,19640826,238,10
19518,1964,207,10,19640505,125,10
19518,1964,207,12,19640512,132,10
19518,1964,207,18,19640622,173,10
19518,1964,208,10,19640409,99,10
19518,1964,208,12,19640419,109,10
19518,1964,253,10,19640415,105,10
19518,1964,253,12,19640501,121,10
19518,1964,253,13,19640616,167,10
19518,1964,253,24,19640921,264,10
19518,1964,310,5,19640507,127,10
19518,1964,310,6,19640509,129,10
19518,1964,310,7,19640512,132,10
19518,1964,311,29,19640824,236,10
19518,1964,313,29,19640923,266,10
19518,1964,320,5,19640503,123,10
19518,1964,320,6,19640509,129,10
19518,1964,320,7,19640512,132,10
19518,1964,330,5,19640424,114,10
19518,1964,330,6,19640427,117,10
19518,1964,330,7,19640503,123,10
19518,1964,332,29,19640702,183,10
19518,1964,340,29,19640720,201,10
19518,1964,340,5,19640505,125,10
19518,1964,340,6,19640509,129,10
19518,1964,340,7,19640512,132,10
19518,1964,350,29,19640628,179,10
19518,1964,350,4,19640409,99,10
19518,1964,350,5,19640421,111,10
19518,1965,102,5,19650411,101,10
19518,1965,103,5,19650520,140,10
19518,1965,103,62,19650814,226,10
19518,1965,104,4,19650514,134,10
19518,1965,104,5,19650504,124,10
19518,1965,105,61,19650502,122,10
19518,1965,107,5,19650520,140,10
19518,1965,107,8,19650510,130,10
19518,1965,108,5,19650516,136,10
19518,1965,109,5,19650406,96,10
19518,1965,112,31,19651005,278,10
19518,1965,112,4,19650428,118,10
19518,1965,113,5,19650224,55,10
19518,1965,116,5,19650325,84,10
19518,1965,117,5,19650616,167,10
19518,1965,118,5,19650602,153,10
19518,1965,118,8,19650424,114,10
19518,1965,119,5,19650329,88,10
19518,1965,120,5,19650426,116,10
19518,1965,121,4,19650520,140,10
19518,1965,121,5,19650616,167,10
19518,1965,122,31,19650929,272,10
19518,1965,122,4,19650427,117,10
19518,1965,122,5,19650515,135,10
19518,1965,122,62,19650920,263,10
19518,1965,123,31,19650930,273,10
19518,1965,123,4,19650505,125,10
19518,1965,123,5,19650517,137,10
19518,1965,124,5,19650325,84,10
19518,1965,125,5,19650424,114,10
19518,1965,127,5,19650314,73,10
19518,1965,128,4,19650503,123,10
19518,1965,128,5,19650401,91,10
19518,1965,129,5,19650604,155,10
19518,1965,129,62,19650902,245,10
19518,1965,130,4,19650505,125,10
19518,1965,130,5,19650710,191,10
19518,1965,131,5,19650424,114,10
19518,1965,132,31,19651007,280,10
19518,1965,132,4,19650514,134,10
19518,1965,135,6,19650518,138,10
19518,1965,136,6,19650604,155,10
19518,1965,137,4,19650506,126,10
19518,1965,137,5,19650627,178,10
19518,1965,138,5,19650522,142,10
19518,1965,201,25,19650619,170,10
19518,1965,201,27,19650815,227,10
19518,1965,202,10,19651113,317,10
19518,1965,202,18,19650616,167,10
19518,1965,202,24,19650817,229,10
19518,1965,203,10,19651105,309,10
19518,1965,203,18,19650518,138,10
19518,1965,203,5,19650609,160,10
19518,1965,204,10,19650922,265,10
19518,1965,204,12,19651005,278,10
19518,1965,204,18,19650521,141,10
19518,1965,205,24,19650812,224,10
19518,1965,205,5,19650514,134,10
19518,1965,208,10,19650416,106,10
19518,1965,208,12,19650425,115,10
19518,1965,253,10,19650410,100,10
19518,1965,253,12,19650503,123,10
19518,1965,253,13,19650621,172,10
19518,1965,310,5,19650513,133,10
19518,1965,310,6,19650515,135,10
19518,1965,310,7,19650517,137,10
19518,1965,311,29,19650812,224,10
19518,1965,313,29,19651017,290,10
19518,1965,320,5,19650507,127,10
19518,1965,320,6,19650513,133,10
19518,1965,320,7,19650518,138,10
19518,1965,330,5,19650430,120,10
19518,1965,330,6,19650503,123,10
19518,1965,330,7,19650510,130,10
19518,1965,332,29,19650712,193,10
19518,1965,340,29,19650805,217,10
19518,1965,340,5,19650511,131,10
19518,1965,340,6,19650515,135,10
19518,1965,340,7,19650518,138,10
19518,1965,350,4,19650404,94,10
19518,1965,350,5,19650424,114,10
19518,1965,372,29,19650928,271,10
19518,1966,102,5,19660320,79,10
19518,1966,103,5,19660504,124,10
19518,1966,103,62,19660724,205,10
19518,1966,104,4,19660504,124,10
19518,1966,104,5,19660422,112,10
19518,1966,105,61,19660410,100,10
19518,1966,107,8,19660504,124,10
19518,1966,108,5,19660510,130,10
19518,1966,109,5,19660322,81,10
19518,1966,112,31,19661015,288,10
19518,1966,112,4,19660420,110,10
19518,1966,113,5,19660305,64,10
19518,1966,114,5,19660810,222,10
19518,1966,116,5,19660308,67,10
19518,1966,117,5,19660606,157,10
19518,1966,117,62,19660810,222,10
19518,1966,118,5,19660530,150,10
19518,1966,118,8,19660427,117,10
19518,1966,119,5,19660318,77,10
19518,1966,120,5,19660422,112,10
19518,1966,121,4,19660510,130,10
19518,1966,121,5,19660525,145,10
19518,1966,122,31,19660928,271,10
19518,1966,122,4,19660420,110,10
19518,1966,122,5,19660506,126,10
19518,1966,122,62,19660925,268,10
19518,1966,123,31,19660928,271,10
19518,1966,123,4,19660427,117,10
19518,1966,123,5,19660506,126,10
19518,1966,124,5,19660309,68,10
19518,1966,125,5,19660416,106,10
19518,1966,127,5,19660201,32,10
19518,1966,128,4,19660416,106,10
19518,1966,129,5,19660522,142,10
19518,1966,129,62,19660810,222,10
19518,1966,130,4,19660427,117,10
19518,1966,130,5,19660629,180,10
19518,1966,131,5,19660410,100,10
19518,1966,132,31,19661010,283,10
19518,1966,132,4,19660501,121,10
19518,1966,132,5,19660504,124,10
19518,1966,132,62,19660928,271,10
19518,1966,135,6,19660510,130,10
19518,1966,136,6,19660531,151,10
19518,1966,137,4,19660425,115,10
19518,1966,137,5,19660612,163,10
19518,1966,138,5,19660502,122,10
19518,1966,201,27,19660810,222,10
19518,1966,202,10,19661102,306,10
19518,1966,202,18,19660615,166,10
19518,1966,203,10,19660918,261,10
19518,1966,203,12,19660925,268,10
19518,1966,203,18,19660518,138,10
19518,1966,203,5,19660608,159,10
19518,1966,204,10,19660917,260,10
19518,1966,204,12,19660925,268,10
19518,1966,204,18,19660518,138,10
19518,1966,205,24,19660708,189,10
19518,1966,205,5,19660510,130,10
19518,1966,206,18,19660615,166,10
19518,1966,208,66,19660616,167,10
19518,1966,252,24,19661001,274,10
19518,1966,253,10,19660423,113,10
19518,1966,253,12,19660505,125,10
19518,1966,253,13,19660620,171,10
19518,1966,253,24,19661001,274,10
19518,1966,310,5,19660427,117,10
19518,1966,310,6,19660501,121,10
19518,1966,311,29,19660723,204,10
19518,1966,313,29,19661007,280,10
19518,1966,320,5,19660427,117,10
19518,1966,320,6,19660501,121,10
19518,1966,320,7,19660506,126,10
19518,1966,330,5,19660416,106,10
19518,1966,330,6,19660423,113,10
19518,1966,330,7,19660430,120,10
19518,1966,332,29,19660629,180,10
19518,1966,340,29,19660723,204,10
19518,1966,340,5,19660427,117,10
19518,1966,340,6,19660501,121,10
19518,1966,340,7,19660504,124,10
19518,1966,350,29,19660614,165,10
19518,1966,350,4,19660309,68,10
19518,1966,350,5,19660409,99,10
19518,1966,372,29,19661004,277,10
19518,1967,102,5,19670321,80,10
19518,1967,103,5,19670512,132,10
19518,1967,103,62,19670809,221,10
19518,1967,104,4,19670514,134,10
19518,1967,104,5,19670428,118,10
19518,1967,105,5,19670507,127,10
19518,1967,105,61,19670416,106,10
19518,1967,107,8,19670504,124,10
19518,1967,108,5,19670512,132,10
19518,1967,109,5,19670312,71,10
19518,1967,112,31,19671016,289,10
19518,1967,112,4,19670426,116,10
19518,1967,113,5,19670130,30,10
19518,1967,116,5,19670224,55,10
19518,1967,117,5,19670602,153,10
19518,1967,117,62,19670918,261,10
19518,1967,118,5,19670524,144,10
19518,1967,118,8,19670428,118,10
19518,1967,119,5,19670213,44,10
19518,1967,120,5,19670416,106,10
19518,1967,121,4,19670518,138,10
19518,1967,121,5,19670603,154,10
19518,1967,122,31,19671007,280,10
19518,1967,122,4,19670420,110,10
19518,1967,122,5,19670514,134,10
19518,1967,122,62,19670923,266,10
19518,1967,123,31,19671014,287,10
19518,1967,123,4,19670430,120,10
19518,1967,124,5,19670307,66,10
19518,1967,125,5,19670319,78,10
19518,1967,127,5,19670203,34,10
19518,1967,129,5,19670528,148,10
19518,1967,129,62,19670920,263,10
19518,1967,130,4,19670428,118,10
19518,1967,130,5,19670623,174,10
19518,1967,131,5,19670404,94,10
19518,1967,132,31,19671014,287,10
19518,1967,132,4,19670507,127,10
19518,1967,132,5,19670510,130,10
19518,1967,133,5,19670528,148,10
19518,1967,133,8,19670507,127,10
19518,1967,135,6,19670515,135,10
19518,1967,136,6,19670604,155,10
19518,1967,137,4,19670426,116,10
19518,1967,137,5,19670630,181,10
19518,1967,138,5,19670512,132,10
19518,1967,201,25,19670609,160,10
19518,1967,201,27,19670810,222,10
19518,1967,202,10,19671020,293,10
19518,1967,202,12,19671107,311,10
19518,1967,202,18,19670613,164,10
19518,1967,202,24,19670825,237,10
19518,1967,203,10,19671014,287,10
19518,1967,203,12,19671025,298,10
19518,1967,203,18,19670517,137,10
19518,1967,203,24,19670807,219,10
19518,1967,203,5,19670603,154,10
19518,1967,204,10,19670901,244,10
19518,1967,204,12,19670910,253,10
19518,1967,204,18,19670515,135,10
19518,1967,204,24,19670711,192,10
19518,1967,205,24,19670709,190,10
19518,1967,205,5,19670510,130,10
19518,1967,207,10,19670308,67,10
19518,1967,207,12,19670407,97,10
19518,1967,207,18,19670618,169,10
19518,1967,207,24,19670820,232,10
19518,1967,208,10,19670315,74,10
19518,1967,208,24,19670815,227,10
19518,1967,208,66,19670616,167,10
19518,1967,253,10,19670411,101,10
19518,1967,253,12,19670502,122,10
19518,1967,253,13,19670624,175,10
19518,1967,253,24,19670929,272,10
19518,1967,310,5,19670430,120,10
19518,1967,310,6,19670507,127,10
19518,1967,310,7,19670511,131,10
19518,1967,311,29,19670805,217,10
19518,1967,313,29,19671003,276,10
19518,1967,320,5,19670426,116,10
19518,1967,320,6,19670502,122,10
19518,1967,320,7,19670506,126,10
19518,1967,330,5,19670417,107,10
19518,1967,330,6,19670425,115,10
19518,1967,330,7,19670501,121,10
19518,1967,332,29,19670712,193,10
19518,1967,340,29,19670725,206,10
19518,1967,340,5,19670502,122,10
19518,1967,340,6,19670506,126,10
19518,1967,340,7,19670513,133,10
19518,1967,350,29,19670625,176,10
19518,1967,350,4,19670321,80,10
19518,1967,350,5,19670412,102,10
19518,1968,102,5,19680405,95,10
19518,1968,103,5,19680509,129,10
19518,1968,103,62,19680815,227,10
19518,1968,104,4,19680508,128,10
19518,1968,104,5,19680421,111,10
19518,1968,107,5,19680611,162,10
19518,1968,107,8,19680503,123,10
19518,1968,108,5,19680430,120,10
19518,1968,109,5,19680331,90,10
19518,1968,112,31,19681008,281,10
19518,1968,112,4,19680418,108,10
19518,1968,113,5,19680222,53,10
19518,1968,114,5,19680810,222,10
19518,1968,115,5,19680907,250,10
19518,1968,116,5,19680324,83,10
19518,1968,117,5,19680612,163,10
19518,1968,117,62,19680818,230,10
19518,1968,118,5,19680530,150,10
19518,1968,118,8,19680427,117,10
19518,1968,119,5,19680329,88,10
19518,1968,120,5,19680427,117,10
19518,1968,121,4,19680512,132,10
19518,1968,121,5,19680605,156,10
19518,1968,122,31,19681012,285,10
19518,1968,122,4,19680418,108,10
19518,1968,122,5,19680430,120,10
19518,1968,122,62,19681003,276,10
19518,1968,123,31,19681010,283,10
19518,1968,123,4,19680427,117,10
19518,1968,123,5,19680506,126,10
19518,1968,123,62,19680921,264,10
19518,1968,124,5,19680327,86,10
19518,1968,125,5,19680425,115,10
19518,1968,127,5,19680318,77,10
19518,1968,128,5,19680323,82,10
19518,1968,129,5,19680527,147,10
19518,1968,129,62,19680812,224,10
19518,1968,130,4,19680424,114,10
19518,1968,130,5,19680706,187,10
19518,1968,131,5,19680418,108,10
19518,1968,132,31,19681012,285,10
19518,1968,132,4,19680429,119,10
19518,1968,132,5,19680509,129,10
19518,1968,135,6,19680528,148,10
19518,1968,136,6,19680606,157,10
19518,1968,137,4,19680418,108,10
19518,1968,137,5,19680621,172,10
19518,1968,138,5,19680503,123,10
19518,1968,202,18,19680613,164,10
19518,1968,203,18,19680518,138,10
19518,1968,203,6,19680605,156,10
19518,1968,204,18,19680518,138,10
19518,1968,204,21,19680708,189,10
19518,1968,204,22,19680711,192,10
19518,1968,205,5,19680430,120,10
19518,1968,208,66,19680615,166,10
19518,1968,252,24,19680930,273,10
19518,1968,253,10,19680406,96,10
19518,1968,253,12,19680504,124,10
19518,1968,253,13,19680630,181,10
19518,1968,253,24,19680923,266,10
19518,1968,310,5,19680501,121,10
19518,1968,310,6,19680503,123,10
19518,1968,313,29,19681015,288,10
19518,1968,320,5,19680420,110,10
19518,1968,321,29,19680822,234,10
19518,1968,322,29,19680928,271,10
19518,1968,330,5,19680421,111,10
19518,1968,332,29,19680705,186,10
19518,1968,340,29,19680717,198,10
19518,1968,340,5,19680502,122,10
19518,1968,350,29,19680626,177,10
19518,1968,350,4,19680329,88,10
19518,1968,350,5,19680420,110,10
19518,1968,372,29,19680914,257,10
19518,1969,102,5,19690410,100,10
19518,1969,103,5,19690516,136,10
19518,1969,103,62,19690725,206,10
19518,1969,104,4,19690507,127,10
19518,1969,104,5,19690501,121,10
19518,1969,107,8,19690507,127,10
19518,1969,108,5,19690513,133,10
19518,1969,109,5,19690412,102,10
19518,1969,112,31,19691002,275,10
19518,1969,112,4,19690429,119,10
19518,1969,116,5,19690406,96,10
19518,1969,117,5,19690609,160,10
19518,1969,118,5,19690608,159,10
19518,1969,118,8,19690504,124,10
19518,1969,120,5,19690505,125,10
19518,1969,121,4,19690516,136,10
19518,1969,121,5,19690608,159,10
19518,1969,122,31,19691005,278,10
19518,1969,122,4,19690429,119,10
19518,1969,122,5,19690513,133,10
19518,1969,122,62,19690920,263,10
19518,1969,123,31,19691009,282,10
19518,1969,123,4,19690505,125,10
19518,1969,123,5,19690514,134,10
19518,1969,124,5,19690407,97,10
19518,1969,125,5,19690501,121,10
19518,1969,127,5,19690402,92,10
19518,1969,129,5,19690601,152,10
19518,1969,129,62,19690917,260,10
19518,1969,130,4,19690507,127,10
19518,1969,130,5,19690625,176,10
19518,1969,131,5,19690429,119,10
19518,1969,132,31,19691017,290,10
19518,1969,132,4,19690508,128,10
19518,1969,132,5,19690514,134,10
19518,1969,132,62,19691012,285,10
19518,1969,135,6,19690518,138,10
19518,1969,136,6,19690614,165,10
19518,1969,137,5,19690717,198,10
19518,1969,138,5,19690517,137,10
19518,1969,201,25,19690601,152,10
19518,1969,201,27,19690718,199,10
19518,1969,202,23,19690811,223,10
19518,1969,202,24,19690811,223,10
19518,1969,203,18,19690601,152,10
19518,1969,203,23,19690726,207,10
19518,1969,203,24,19690726,207,10
19518,1969,203,6,19690615,166,10
19518,1969,204,18,19690524,144,10
19518,1969,204,23,19690723,204,10
19518,1969,204,24,19690723,204,10
19518,1969,205,5,19690517,137,10
19518,1969,206,18,19690618,169,10
19518,1969,206,23,19690818,230,10
19518,1969,206,24,19690818,230,10
19518,1969,207,18,19690621,172,10
19518,1969,208,23,19690809,221,10
19518,1969,208,24,19690809,221,10
19518,1969,243,5,19690625,176,10
19518,1969,253,10,19690408,98,10
19518,1969,253,12,19690505,125,10
19518,1969,253,13,19690628,179,10
19518,1969,253,24,19690929,272,10
19518,1969,310,5,19690505,125,10
19518,1969,310,6,19690513,133,10
19518,1969,310,7,19690508,128,10
19518,1969,311,29,19690817,229,10
19518,1969,313,29,19691004,277,10
19518,1969,320,5,19690510,130,10
19518,1969,320,7,19690522,142,10
19518,1969,321,29,19690820,232,10
19518,1969,322,29,19691003,276,10
19518,1969,330,5,19690503,123,10
19518,1969,330,7,19690505,125,10
19518,1969,331,29,19690718,199,10
19518,1969,332,29,19690707,188,10
19518,1969,340,29,19690713,194,10
19518,1969,340,5,19690508,128,10
19518,1969,340,7,19690511,131,10
19518,1969,350,29,19690720,201,10
19518,1969,350,4,19690412,102,10
19518,1969,350,5,19690430,120,10
19518,1970,102,5,19700424,114,10
19518,1970,103,5,19700526,146,10
19518,1970,103,62,19700829,241,10
19518,1970,104,4,19700518,138,10
19518,1970,105,5,19700522,142,10
19518,1970,105,61,19700502,122,10
19518,1970,107,8,19700523,143,10
19518,1970,108,5,19700519,139,10
19518,1970,109,5,19700423,113,10
19518,1970,112,31,19701014,287,10
19518,1970,112,4,19700505,125,10
19518,1970,113,5,19700321,80,10
19518,1970,114,5,19700826,238,10
19518,1970,116,5,19700404,94,10
19518,1970,117,5,19700615,166,10
19518,1970,117,62,19700907,250,10
19518,1970,118,5,19700617,168,10
19518,1970,118,8,19700515,135,10
19518,1970,119,5,19700417,107,10
19518,1970,120,5,19700503,123,10
19518,1970,121,4,19700524,144,10
19518,1970,121,5,19700611,162,10
19518,1970,122,31,19701012,285,10
19518,1970,122,4,19700504,124,10
19518,1970,122,5,19700513,133,10
19518,1970,123,31,19701009,282,10
19518,1970,123,4,19700507,127,10
19518,1970,123,5,19700516,136,10
19518,1970,123,62,19700917,260,10
19518,1970,124,5,19700415,105,10
19518,1970,125,5,19700526,146,10
19518,1970,127,5,19700320,79,10
19518,1970,129,5,19700606,157,10
19518,1970,129,62,19701006,279,10
19518,1970,130,4,19700510,130,10
19518,1970,130,5,19700620,171,10
19518,1970,131,5,19700430,120,10
19518,1970,132,31,19701014,287,10
19518,1970,132,4,19700510,130,10
19518,1970,132,5,19700522,142,10
19518,1970,132,62,19700921,264,10
19518,1970,135,6,19700607,158,10
19518,1970,136,6,19700619,170,10
19518,1970,137,4,19700514,134,10
19518,1970,137,5,19700713,194,10
19518,1970,138,5,19700526,146,10
19518,1970,201,25,19700605,156,10
19518,1970,201,27,19700824,236,10
19518,1970,202,12,19701022,295,10
19518,1970,202,18,19700619,170,10
19518,1970,202,24,19700811,223,10
19518,1970,203,10,19701002,275,10
19518,1970,203,18,19700523,143,10
19518,1970,203,6,19700609,160,10
19518,1970,204,18,19700521,141,10
19518,1970,204,24,19700722,203,10
19518,1970,205,5,19700515,135,10
19518,1970,215,24,19700917,260,10
19518,1970,253,10,19700417,107,10
19518,1970,253,12,19700511,131,10
19518,1970,253,13,19700625,176,10
19518,1970,253,24,19700929,272,10
19518,1970,310,5,19700512,132,10
19518,1970,310,7,19700521,141,10
19518,1970,311,29,19700809,221,10
19518,1970,313,29,19701013,286,10
19518,1970,320,5,19700512,132,10
19518,1970,320,7,19700523,143,10
19518,1970,321,29,19700829,241,10
19518,1970,322,29,19701009,282,10
19518,1970,330,5,19700506,126,10
19518,1970,330,7,19700511,131,10
19518,1970,331,29,19700703,184,10
19518,1970,332,29,19700726,207,10
19518,1970,340,29,19700811,223,10
19518,1970,340,5,19700510,130,10
19518,1970,340,7,19700514,134,10
19518,1970,350,29,19700724,205,10
19518,1970,350,4,19700421,111,10
19518,1970,350,5,19700506,126,10
19518,1970,371,29,19700826,238,10
19518,1970,372,29,19700912,255,10
19518,1971,102,5,19710330,89,10
19518,1971,103,5,19710512,132,10
19518,1971,103,62,19710730,211,10
19518,1971,104,4,19710510,130,10
19518,1971,104,5,19710425,115,10
19518,1971,105,5,19710513,133,10
19518,1971,105,61,19710417,107,10
19518,1971,107,5,19710520,140,10
19518,1971,107,8,19710513,133,10
19518,1971,108,5,19710509,129,10
19518,1971,109,5,19710406,96,10
19518,1971,112,31,19711012,285,10
19518,1971,112,4,19710418,108,10
19518,1971,113,5,19710211,42,10
19518,1971,114,5,19710726,207,10
19518,1971,116,5,19710316,75,10
19518,1971,117,5,19710517,137,10
19518,1971,118,5,19710517,137,10
19518,1971,118,8,19710510,130,10
19518,1971,119,5,19710319,78,10
19518,1971,120,5,19710421,111,10
19518,1971,121,4,19710514,134,10
19518,1971,121,5,19710529,149,10
19518,1971,122,31,19711020,293,10
19518,1971,122,4,19710420,110,10
19518,1971,122,5,19710509,129,10
19518,1971,122,62,19710928,271,10
19518,1971,123,31,19710924,267,10
19518,1971,123,4,19710506,126,10
19518,1971,123,62,19710908,251,10
19518,1971,124,5,19710327,86,10
19518,1971,125,5,19710424,114,10
19518,1971,127,5,19710212,43,10
19518,1971,128,4,19710420,110,10
19518,1971,128,5,19710331,90,10
19518,1971,129,5,19710601,152,10
19518,1971,129,62,19710925,268,10
19518,1971,130,4,19710424,114,10
19518,1971,130,5,19710608,159,10
19518,1971,131,5,19710418,108,10
19518,1971,132,31,19711015,288,10
19518,1971,132,4,19710504,124,10
19518,1971,132,5,19710515,135,10
19518,1971,132,62,19711002,275,10
19518,1971,134,5,19710420,110,10
19518,1971,135,6,19710515,135,10
19518,1971,136,6,19710526,146,10
19518,1971,137,4,19710426,116,10
19518,1971,137,5,19710709,190,10
19518,1971,138,5,19710509,129,10
19518,1971,201,25,19710525,145,10
19518,1971,202,23,19710807,219,10
19518,1971,203,18,19710514,134,10
19518,1971,203,23,19710803,215,10
19518,1971,203,6,19710608,159,10
19518,1971,204,18,19710516,136,10
19518,1971,205,24,19710702,183,10
19518,1971,205,5,19710508,128,10
19518,1971,206,24,19710809,221,10
19518,1971,207,23,19710804,216,10
19518,1971,208,23,19710811,223,10
19518,1971,253,10,19710406,96,10
19518,1971,253,12,19710503,123,10
19518,1971,253,13,19710612,163,10
19518,1971,253,24,19710928,271,10
19518,1971,310,5,19710504,124,10
19518,1971,310,6,19710504,124,10
19518,1971,311,29,19710810,222,10
19518,1971,313,29,19711001,274,10
19518,1971,320,5,19710425,115,10
19518,1971,320,6,19710425,115,10
19518,1971,321,29,19710821,233,10
19518,1971,322,29,19710929,272,10
19518,1971,330,5,19710421,111,10
19518,1971,330,6,19710423,113,10
19518,1971,331,29,19710629,180,10
19518,1971,332,29,19710717,198,10
19518,1971,340,29,19710726,207,10
19518,1971,340,5,19710423,113,10
19518,1971,340,6,19710424,114,10
19518,1971,350,29,19710630,181,10
19518,1971,350,4,19710406,96,10
19518,1971,350,5,19710421,111,10
19518,1971,371,29,19710813,225,10
19518,1971,372,29,19710831,243,10
19518,1972,102,5,19720325,84,10
19518,1972,103,5,19720522,142,10
19518,1972,103,62,19720810,222,10
19518,1972,104,4,19720510,130,10
19518,1972,104,5,19720413,103,10
19518,1972,105,61,19720409,99,10
19518,1972,107,8,19720503,123,10
19518,1972,108,5,19720514,134,10
19518,1972,109,5,19720326,85,10
19518,1972,112,31,19721008,281,10
19518,1972,112,4,19720420,110,10
19518,1972,113,5,19720228,59,10
19518,1972,115,5,19721003,276,10
19518,1972,116,5,19720307,66,10
19518,1972,117,5,19720613,164,10
19518,1972,119,5,19720301,60,10
19518,1972,120,5,19720423,113,10
19518,1972,121,4,19720524,144,10
19518,1972,121,5,19720606,157,10
19518,1972,122,31,19721016,289,10
19518,1972,122,4,19720421,111,10
19518,1972,122,5,19720509,129,10
19518,1972,122,62,19720918,261,10
19518,1972,123,31,19721008,281,10
19518,1972,123,4,19720501,121,10
19518,1972,124,5,19720319,78,10
19518,1972,125,5,19720430,120,10
19518,1972,127,5,19720302,61,10
19518,1972,128,5,19720215,46,10
19518,1972,129,5,19720605,156,10
19518,1972,130,4,19720428,118,10
19518,1972,130,5,19720627,178,10
19518,1972,131,5,19720410,100,10
19518,1972,132,31,19721011,284,10
19518,1972,132,4,19720508,128,10
19518,1972,135,6,19720524,144,10
19518,1972,136,6,19720626,177,10
19518,1972,137,4,19720504,124,10
19518,1972,137,5,19720716,197,10
19518,1972,138,5,19720521,141,10
19518,1972,201,25,19720603,154,10
19518,1972,201,27,19720810,222,10
19518,1972,202,10,19721027,300,10
19518,1972,202,18,19720619,170,10
19518,1972,202,24,19720827,239,10
19518,1972,203,10,19721009,282,10
19518,1972,203,12,19721026,299,10
19518,1972,203,18,19720525,145,10
19518,1972,203,24,19720807,219,10
19518,1972,203,6,19720620,171,10
19518,1972,204,10,19720925,268,10
19518,1972,204,12,19721006,279,10
19518,1972,204,18,19720521,141,10
19518,1972,204,21,19720715,196,10
19518,1972,204,24,19720719,200,10
19518,1972,205,24,19720711,192,10
19518,1972,205,5,19720507,127,10
19518,1972,207,24,19720828,240,10
19518,1972,208,10,19720306,65,10
19518,1972,208,12,19720331,90,10
19518,1972,208,24,19720811,223,10
19518,1972,208,66,19720623,174,10
19518,1972,253,10,19720317,76,10
19518,1972,253,12,19720413,103,10
19518,1972,253,13,19720627,178,10
19518,1972,310,5,19720504,124,10
19518,1972,310,7,19720517,137,10
19518,1972,313,29,19721020,293,10
19518,1972,320,5,19720424,114,10
19518,1972,320,7,19720514,134,10
19518,1972,321,29,19720901,244,10
19518,1972,322,29,19721008,281,10
19518,1972,330,5,19720416,106,10
19518,1972,330,7,19720504,124,10
19518,1972,332,29,19720726,207,10
19518,1972,340,29,19720725,206,10
19518,1972,340,5,19720502,122,10
19518,1972,340,7,19720513,133,10
19518,1972,350,29,19720624,175,10
19518,1972,350,4,19720324,83,10
19518,1972,350,5,19720405,95,10
19518,1972,372,29,19720918,261,10
19518,1973,102,5,19730327,86,10
19518,1973,103,5,19730523,143,10
19518,1973,103,62,19730802,214,10
19518,1973,104,4,19730516,136,10
19518,1973,104,5,19730430,120,10
19518,1973,107,5,19730608,159,10
19518,1973,107,8,19730518,138,10
19518,1973,108,5,19730518,138,10
19518,1973,109,5,19730415,105,10
19518,1973,112,31,19731015,288,10
19518,1973,112,4,19730502,122,10
19518,1973,113,5,19730314,73,10
19518,1973,114,5,19730804,216,10
19518,1973,115,5,19730909,252,10
19518,1973,116,5,19730324,83,10
19518,1973,117,5,19730612,163,10
19518,1973,117,62,19730811,223,10
19518,1973,118,5,19730605,156,10
19518,1973,118,8,19730519,139,10
19518,1973,119,5,19730325,84,10
19518,1973,120,5,19730503,123,10
19518,1973,121,4,19730524,144,10
19518,1973,121,5,19730616,167,10
19518,1973,122,31,19731016,289,10
19518,1973,122,4,19730427,117,10
19518,1973,122,5,19730517,137,10
19518,1973,122,62,19730927,270,10
19518,1973,123,31,19731020,293,10
19518,1973,123,4,19730507,127,10
19518,1973,124,5,19730325,84,10
19518,1973,125,5,19730506,126,10
19518,1973,127,5,19730323,82,10
19518,1973,128,5,19730311,70,10
19518,1973,129,5,19730601,152,10
19518,1973,129,62,19730914,257,10
19518,1973,130,4,19730508,128,10
19518,1973,130,5,19730708,189,10
19518,1973,131,5,19730426,116,10
19518,1973,132,31,19731027,300,10
19518,1973,132,4,19730515,135,10
19518,1973,132,5,19730518,138,10
19518,1973,135,6,19730611,162,10
19518,1973,136,6,19730614,165,10
19518,1973,137,4,19730506,126,10
19518,1973,137,5,19730619,170,10
19518,1973,138,5,19730517,137,10
19518,1973,201,25,19730529,149,10
19518,1973,202,10,19731018,291,10
19518,1973,202,12,19731106,310,10
19518,1973,202,18,19730610,161,10
19518,1973,202,24,19730810,222,10
19518,1973,203,10,19731008,281,10
19518,1973,203,12,19731026,299,10
19518,1973,203,18,19730530,150,10
19518,1973,203,24,19730806,218,10
19518,1973,203,6,19730607,158,10
19518,1973,204,10,19730917,260,10
19518,1973,204,12,19730926,269,10
19518,1973,204,18,19730528,148,10
19518,1973,204,24,19730718,199,10
19518,1973,205,24,19730723,204,10
19518,1973,205,5,19730521,141,10
19518,1973,206,10,19730320,79,10
19518,1973,206,24,19730813,225,10
19518,1973,207,24,19730812,224,10
19518,1973,208,10,19730321,80,10
19518,1973,208,12,19730407,97,10
19518,1973,208,24,19730809,221,10
19518,1973,243,5,19730620,171,10
19518,1973,252,24,19731010,283,10
19518,1973,253,10,19730323,82,10
19518,1973,253,12,19730430,120,10
19518,1973,253,13,19730628,179,10
19518,1973,253,24,19730924,267,10
19518,1973,310,5,19730515,135,10
19518,1973,310,6,19730513,133,10
19518,1973,311,29,19730810,222,10
19518,1973,313,29,19731102,306,10
19518,1973,320,5,19730504,124,10
19518,1973,320,6,19730509,129,10
19518,1973,321,29,19730821,233,10
19518,1973,322,29,19731018,291,10
19518,1973,330,5,19730501,121,10
19518,1973,330,6,19730507,127,10
19518,1973,331,29,19730627,178,10
19518,1973,332,29,19730712,193,10
19518,1973,340,29,19730725,206,10
19518,1973,340,5,19730510,130,10
19518,1973,340,6,19730511,131,10
19518,1973,350,29,19730630,181,10
19518,1973,350,4,19730423,113,10
19518,1973,350,5,19730426,116,10
19518,1973,371,29,19730806,218,10
19518,1973,372,29,19730908,251,10
19518,1974,102,5,19740328,87,10
19518,1974,103,5,19740512,132,10
19518,1974,103,62,19740730,211,10
19518,1974,104,4,19740514,134,10
19518,1974,104,5,19740420,110,10
19518,1974,105,5,19740408,98,10
19518,1974,105,61,19740406,96,10
19518,1974,107,8,19740511,131,10
19518,1974,108,5,19740426,116,10
19518,1974,109,5,19740321,80,10
19518,1974,112,31,19740925,268,10
19518,1974,112,4,19740406,96,10
19518,1974,113,5,19740119,19,10
19518,1974,116,5,19740316,75,10
19518,1974,117,5,19740527,147,10
19518,1974,117,62,19740827,239,10
19518,1974,118,5,19740531,151,10
19518,1974,118,8,19740508,128,10
19518,1974,119,5,19740320,79,10
19518,1974,120,5,19740410,100,10
19518,1974,121,4,19740516,136,10
19518,1974,121,5,19740626,177,10
19518,1974,122,31,19741020,293,10
19518,1974,122,4,19740407,97,10
19518,1974,122,5,19740430,120,10
19518,1974,122,62,19740922,265,10
19518,1974,123,31,19741022,295,10
19518,1974,123,4,19740511,131,10
19518,1974,124,5,19740314,73,10
19518,1974,125,5,19740407,97,10
19518,1974,127,5,19740223,54,10
19518,1974,128,4,19740417,107,10
19518,1974,128,5,19740312,71,10
19518,1974,129,5,19740529,149,10
19518,1974,129,62,19740911,254,10
19518,1974,130,4,19740420,110,10
19518,1974,130,5,19740717,198,10
19518,1974,131,5,19740408,98,10
19518,1974,132,31,19741028,301,10
19518,1974,132,4,19740511,131,10
19518,1974,132,5,19740514,134,10
19518,1974,133,8,19740513,133,10
19518,1974,135,6,19740527,147,10
19518,1974,136,6,19740625,176,10
19518,1974,137,4,19740410,100,10
19518,1974,137,5,19740625,176,10
19518,1974,138,5,19740511,131,10
19518,1974,201,25,19740601,152,10
19518,1974,201,27,19740815,227,10
19518,1974,202,10,19741009,282,10
19518,1974,202,18,19740605,156,10
19518,1974,202,21,19740813,225,10
19518,1974,202,23,19740818,230,10
19518,1974,202,24,19740813,225,10
19518,1974,203,10,19741001,274,10
19518,1974,203,12,19741016,289,10
19518,1974,203,18,19740521,141,10
19518,1974,203,23,19740813,225,10
19518,1974,203,24,19740813,225,10
19518,1974,203,6,19740602,153,10
19518,1974,204,10,19740921,264,10
19518,1974,204,12,19741002,275,10
19518,1974,204,18,19740514,134,10
19518,1974,204,23,19740722,203,10
19518,1974,204,24,19740722,203,10
19518,1974,205,12,19740919,262,10
19518,1974,205,24,19740826,238,10
19518,1974,205,5,19740430,120,10
19518,1974,206,10,19740315,74,10
19518,1974,206,12,19740403,93,10
19518,1974,206,18,19740617,168,10
19518,1974,207,10,19740322,81,10
19518,1974,207,18,19740613,164,10
19518,1974,208,10,19740322,81,10
19518,1974,208,12,19740403,93,10
19518,1974,208,23,19740813,225,10
19518,1974,208,24,19740813,225,10
19518,1974,243,24,19740907,250,10
19518,1974,252,24,19740920,263,10
19518,1974,253,10,19740318,77,10
19518,1974,253,12,19740403,93,10
19518,1974,253,13,19740622,173,10
19518,1974,253,24,19740923,266,10
19518,1974,310,5,19740414,104,10
19518,1974,310,7,19740510,130,10
19518,1974,311,29,19740811,223,10
19518,1974,313,29,19741004,277,10
19518,1974,320,5,19740412,102,10
19518,1974,320,7,19740430,120,10
19518,1974,321,29,19740905,248,10
19518,1974,322,29,19741003,276,10
19518,1974,330,5,19740411,101,10
19518,1974,330,7,19740507,127,10
19518,1974,331,29,19740702,183,10
19518,1974,332,29,19740728,209,10
19518,1974,340,29,19740815,227,10
19518,1974,340,5,19740419,109,10
19518,1974,340,7,19740506,126,10
19518,1974,350,29,19740715,196,10
19518,1974,350,4,19740330,89,10
19518,1974,350,5,19740406,96,10
19518,1974,371,29,19740822,234,10
19518,1974,372,29,19740914,257,10
19518,1975,102,5,19750310,69,10
19518,1975,103,5,19750515,135,10
19518,1975,103,62,19750809,221,10
19518,1975,104,4,19750515,135,10
19518,1975,104,5,19750427,117,10
19518,1975,105,61,19750424,114,10
19518,1975,107,8,19750516,136,10
19518,1975,108,5,19750508,128,10
19518,1975,109,5,19750309,68,10
19518,1975,112,31,19751015,288,10
19518,1975,112,4,19750424,114,10
19518,1975,113,5,19750122,22,10
19518,1975,115,5,19750920,263,10
19518,1975,116,5,19750310,69,10
19518,1975,117,5,19750616,167,10
19518,1975,118,5,19750523,143,10
19518,1975,118,8,19750509,129,10
19518,1975,119,5,19750225,56,10
19518,1975,120,5,19750426,116,10
19518,1975,121,4,19750518,138,10
19518,1975,121,5,19750614,165,10
19518,1975,122,31,19751027,300,10
19518,1975,122,4,19750421,111,10
19518,1975,122,5,19750515,135,10
19518,1975,122,62,19750915,258,10
19518,1975,123,31,19751030,303,10
19518,1975,123,4,19750507,127,10
19518,1975,123,5,19750514,134,10
19518,1975,124,5,19750304,63,10
19518,1975,125,5,19750425,115,10
19518,1975,127,5,19750119,19,10
19518,1975,128,5,19750314,73,10
19518,1975,129,5,19750528,148,10
19518,1975,129,62,19750921,264,10
19518,1975,130,4,19750507,127,10
19518,1975,130,5,19750712,193,10
19518,1975,131,5,19750425,115,10
19518,1975,132,31,19751029,302,10
19518,1975,132,4,19750515,135,10
19518,1975,132,5,19750516,136,10
19518,1975,133,8,19750516,136,10
19518,1975,135,6,19750519,139,10
19518,1975,136,6,19750608,159,10
19518,1975,137,4,19750501,121,10
19518,1975,137,5,19750623,174,10
19518,1975,138,5,19750517,137,10
19518,1975,201,25,19750524,144,10
19518,1975,202,18,19750611,162,10
19518,1975,203,18,19750521,141,10
19518,1975,203,6,19750610,161,10
19518,1975,204,10,19750910,253,10
19518,1975,204,12,19750919,262,10
19518,1975,204,18,19750517,137,10
19518,1975,205,5,19750430,120,10
19518,1975,206,10,19750315,74,10
19518,1975,206,12,19750414,104,10
19518,1975,206,18,19750624,175,10
19518,1975,207,10,19750411,101,10
19518,1975,208,10,19750311,70,10
19518,1975,252,10,19750426,116,10
19518,1975,253,10,19750422,112,10
19518,1975,253,12,19750512,132,10
19518,1975,253,13,19750630,181,10
19518,1975,253,24,19750930,273,10
19518,1975,310,5,19750502,122,10
19518,1975,310,7,19750508,128,10
19518,1975,320,5,19750426,116,10
19518,1975,330,5,19750429,119,10
19518,1975,330,6,19750427,117,10
19518,1975,330,7,19750507,127,10
19518,1975,332,29,19750714,195,10
19518,1975,340,29,19750716,197,10
19518,1975,340,5,19750429,119,10
19518,1975,340,6,19750504,124,10
19518,1975,340,7,19750514,134,10
19518,1975,350,29,19750708,189,10
19518,1975,350,4,19750420,110,10
19518,1975,350,5,19750428,118,10
19518,1975,371,29,19750824,236,10
19518,1976,102,5,19760411,101,10
19518,1976,103,5,19760516,136,10
19518,1976,103,62,19760801,213,10
19518,1976,104,4,19760513,133,10
19518,1976,105,5,19760416,106,10
19518,1976,105,61,19760421,111,10
19518,1976,107,5,19760527,147,10
19518,1976,107,8,19760511,131,10
19518,1976,108,5,19760515,135,10
19518,1976,109,5,19760406,96,10
19518,1976,112,31,19761009,282,10
19518,1976,112,4,19760422,112,10
19518,1976,113,5,19760122,22,10
19518,1976,114,5,19760806,218,10
19518,1976,115,5,19760925,268,10
19518,1976,116,5,19760328,87,10
19518,1976,117,5,19760609,160,10
19518,1976,117,62,19760907,250,10
19518,1976,118,5,19760530,150,10
19518,1976,118,8,19760508,128,10
19518,1976,119,5,19760330,89,10
19518,1976,120,5,19760429,119,10
19518,1976,121,4,19760524,144,10
19518,1976,121,5,19760617,168,10
19518,1976,122,31,19760927,270,10
19518,1976,122,4,19760424,114,10
19518,1976,122,5,19760514,134,10
19518,1976,122,62,19760920,263,10
19518,1976,123,31,19761005,278,10
19518,1976,123,4,19760510,130,10
19518,1976,123,5,19760516,136,10
19518,1976,123,62,19760909,252,10
19518,1976,124,5,19760331,90,10
19518,1976,125,5,19760429,119,10
19518,1976,127,5,19760302,61,10
19518,1976,128,4,19760407,97,10
19518,1976,128,5,19760221,52,10
19518,1976,129,5,19760613,164,10
19518,1976,129,62,19760910,253,10
19518,1976,130,4,19760508,128,10
19518,1976,130,5,19760625,176,10
19518,1976,131,5,19760424,114,10
19518,1976,132,31,19761002,275,10
19518,1976,132,4,19760510,130,10
19518,1976,132,5,19760512,132,10
19518,1976,132,62,19760921,264,10
19518,1976,132,9,19760613,164,10
19518,1976,135,6,19760521,141,10
19518,1976,136,6,19760607,158,10
19518,1976,137,4,19760511,131,10
19518,1976,137,5,19760707,188,10
19518,1976,138,5,19760523,143,10
19518,1976,201,25,19760608,159,10
19518,1976,202,10,19761015,288,10
19518,1976,202,12,19761028,301,10
19518,1976,202,18,19760608,159,10
19518,1976,202,21,19760713,194,10
19518,1976,202,22,19760725,206,10
19518,1976,202,23,19760727,208,10
19518,1976,202,24,19760728,209,10
19518,1976,203,10,19760927,270,10
19518,1976,203,12,19761006,279,10
19518,1976,203,18,19760517,137,10
19518,1976,203,21,19760720,201,10
19518,1976,203,22,19760723,204,10
19518,1976,203,23,19760726,207,10
19518,1976,203,24,19760727,208,10
19518,1976,204,10,19760831,243,10
19518,1976,204,12,19760916,259,10
19518,1976,204,18,19760518,138,10
19518,1976,204,21,19760624,175,10
19518,1976,204,22,19760701,182,10
19518,1976,204,23,19760705,186,10
19518,1976,204,24,19760706,187,10
19518,1976,205,10,19760816,228,10
19518,1976,205,12,19760824,236,10
19518,1976,205,24,19760708,189,10
19518,1976,205,5,19760509,129,10
19518,1976,206,10,19760303,62,10
19518,1976,206,21,19760711,192,10
19518,1976,206,22,19760727,208,10
19518,1976,206,23,19760730,211,10
19518,1976,206,24,19760802,214,10
19518,1976,207,21,19760714,195,10
19518,1976,207,22,19760724,205,10
19518,1976,207,23,19760729,210,10
19518,1976,207,24,19760729,210,10
19518,1976,208,21,19760708,189,10
19518,1976,208,22,19760721,202,10
19518,1976,208,23,19760723,204,10
19518,1976,208,24,19760726,207,10
19518,1976,243,24,19760819,231,10
19518,1976,243,5,19760625,176,10
19518,1976,252,24,19761004,277,10
19518,1976,253,10,19760327,86,10
19518,1976,253,12,19760420,110,10
19518,1976,253,24,19760930,273,10
19518,1976,310,5,19760509,129,10
19518,1976,310,7,19760514,134,10
19518,1976,311,29,19760802,214,10
19518,1976,313,29,19761002,275,10
19518,1976,320,5,19760503,123,10
19518,1976,320,7,19760512,132,10
19518,1976,321,29,19760803,215,10
19518,1976,322,29,19760923,266,10
19518,1976,330,5,19760427,117,10
19518,1976,330,7,19760509,129,10
19518,1976,331,29,19760707,188,10
19518,1976,332,29,19760715,196,10
19518,1976,340,5,19760504,124,10
19518,1976,340,7,19760510,130,10
19518,1976,350,29,19760709,190,10
19518,1976,350,4,19760423,113,10
19518,1976,350,5,19760425,115,10
19518,1976,371,29,19760816,228,10
19518,1977,102,5,19770310,69,10
19518,1977,103,5,19770518,138,10
19518,1977,103,62,19770802,214,10
19518,1977,104,4,19770514,134,10
19518,1977,104,5,19770509,129,10
19518,1977,105,5,19770429,119,10
19518,1977,105,61,19770416,106,10
19518,1977,107,5,19770530,150,10
19518,1977,107,8,19770510,130,10
19518,1977,108,5,19770513,133,10
19518,1977,109,5,19770309,68,10
19518,1977,112,31,19771009,282,10
19518,1977,112,4,19770416,106,10
19518,1977,113,5,19770220,51,10
19518,1977,114,5,19770815,227,10
19518,1977,115,5,19770924,267,10
19518,1977,116,5,19770318,77,10
19518,1977,117,5,19770621,172,10
19518,1977,117,62,19770918,261,10
19518,1977,118,5,19770520,140,10
19518,1977,118,8,19770506,126,10
19518,1977,119,5,19770305,64,10
19518,1977,120,5,19770424,114,10
19518,1977,121,4,19770515,135,10
19518,1977,121,5,19770616,167,10
19518,1977,122,31,19770921,264,10
19518,1977,122,4,19770326,85,10
19518,1977,122,5,19770514,134,10
19518,1977,122,62,19770920,263,10
19518,1977,123,31,19770930,273,10
19518,1977,123,4,19770507,127,10
19518,1977,123,5,19770515,135,10
19518,1977,123,62,19770922,265,10
19518,1977,124,5,19770304,63,10
19518,1977,125,5,19770419,109,10
19518,1977,127,5,19770129,29,10
19518,1977,128,4,19770417,107,10
19518,1977,129,5,19770610,161,10
19518,1977,129,62,19770919,262,10
19518,1977,130,4,19770423,113,10
19518,1977,130,5,19770628,179,10
19518,1977,131,5,19770420,110,10
19518,1977,132,31,19771002,275,10
19518,1977,132,4,19770507,127,10
19518,1977,132,5,19770504,124,10
19518,1977,132,62,19770921,264,10
19518,1977,132,9,19770703,184,10
19518,1977,133,5,19770530,150,10
19518,1977,133,8,19770508,128,10
19518,1977,135,6,19770612,163,10
19518,1977,136,6,19770624,175,10
19518,1977,137,4,19770426,116,10
19518,1977,137,5,19770707,188,10
19518,1977,138,5,19770514,134,10
19518,1977,201,25,19770531,151,10
19518,1977,201,27,19770819,231,10
19518,1977,202,10,19770927,270,10
19518,1977,202,12,19771015,288,10
19518,1977,202,15,19770518,138,10
19518,1977,202,18,19770610,161,10
19518,1977,202,21,19770802,214,10
19518,1977,202,22,19770811,223,10
19518,1977,202,23,19770808,220,10
19518,1977,202,24,19770815,227,10
19518,1977,203,10,19770928,271,10
19518,1977,203,12,19771011,284,10
19518,1977,203,15,19770424,114,10
19518,1977,203,18,19770519,139,10
19518,1977,203,21,19770801,213,10
19518,1977,203,22,19770804,216,10
19518,1977,203,23,19770803,215,10
19518,1977,203,24,19770806,218,10
19518,1977,203,6,19770608,159,10
19518,1977,204,10,19770920,263,10
19518,1977,204,12,19771001,274,10
19518,1977,204,15,19770422,112,10
19518,1977,204,18,19770519,139,10
19518,1977,204,21,19770709,190,10
19518,1977,204,22,19770714,195,10
19518,1977,204,23,19770714,195,10
19518,1977,204,24,19770721,202,10
19518,1977,205,10,19770824,236,10
19518,1977,205,12,19770910,253,10
19518,1977,205,24,19770714,195,10
19518,1977,205,5,19770529,149,10
19518,1977,206,10,19770308,67,10
19518,1977,206,12,19770327,86,10
19518,1977,206,15,19770522,142,10
19518,1977,206,18,19770612,163,10
19518,1977,207,10,19770322,81,10
19518,1977,207,12,19770406,96,10
19518,1977,207,15,19770509,129,10
19518,1977,207,18,19770602,153,10
19518,1977,207,21,19770805,217,10
19518,1977,207,22,19770809,221,10
19518,1977,207,23,19770808,220,10
19518,1977,207,24,19770811,223,10
19518,1977,208,10,19770308,67,10
19518,1977,208,12,19770331,90,10
19518,1977,208,15,19770516,136,10
19518,1977,208,21,19770717,198,10
19518,1977,208,22,19770807,219,10
19518,1977,208,23,19770804,216,10
19518,1977,208,24,19770813,225,10
19518,1977,208,66,19770605,156,10
19518,1977,215,10,19770503,123,10
19518,1977,243,11,19770523,143,10
19518,1977,243,24,19770823,235,10
19518,1977,243,5,19770622,173,10
19518,1977,244,24,19770908,251,10
19518,1977,252,10,19770315,74,10
19518,1977,252,12,19770420,110,10
19518,1977,252,13,19770620,171,10
19518,1977,252,24,19770922,265,10
19518,1977,253,10,19770314,73,10
19518,1977,253,12,19770422,112,10
19518,1977,253,13,19770620,171,10
19518,1977,253,24,19770926,269,10
19518,1977,310,5,19770512,132,10
19518,1977,310,6,19770517,137,10
19518,1977,310,7,19770520,140,10
19518,1977,311,29,19770819,231,10
19518,1977,313,29,19770928,271,10
19518,1977,320,5,19770425,115,10
19518,1977,320,6,19770501,121,10
19518,1977,320,7,19770505,125,10
19518,1977,321,29,19770825,237,10
19518,1977,322,29,19770920,263,10
19518,1977,330,5,19770421,111,10
19518,1977,330,6,19770424,114,10
19518,1977,330,7,19770430,120,10
19518,1977,331,29,19770715,196,10
19518,1977,332,29,19770725,206,10
19518,1977,340,29,19770806,218,10
19518,1977,340,5,19770423,113,10
19518,1977,340,6,19770427,117,10
19518,1977,340,7,19770501,121,10
19518,1977,350,29,19770715,196,10
19518,1977,350,4,19770321,80,10
19518,1977,350,5,19770426,116,10
19518,1977,371,29,19770822,234,10
19518,1977,372,29,19770917,260,10
19518,1978,102,5,19780402,92,10
19518,1978,103,5,19780511,131,10
19518,1978,103,62,19780727,208,10
19518,1978,104,4,19780512,132,10
19518,1978,104,5,19780509,129,10
19518,1978,105,5,19780503,123,10
19518,1978,105,61,19780415,105,10
19518,1978,107,5,19780511,131,10
19518,1978,107,8,19780509,129,10
19518,1978,108,5,19780518,138,10
19518,1978,109,5,19780324,83,10
19518,1978,112,31,19781007,280,10
19518,1978,112,4,19780419,109,10
19518,1978,113,5,19780312,71,10
19518,1978,115,5,19780919,262,10
19518,1978,116,5,19780406,96,10
19518,1978,117,5,19780609,160,10
19518,1978,117,62,19780928,271,10
19518,1978,118,5,19780430,120,10
19518,1978,118,8,19780505,125,10
19518,1978,119,5,19780325,84,10
19518,1978,120,5,19780420,110,10
19518,1978,121,4,19780515,135,10
19518,1978,121,5,19780607,158,10
19518,1978,122,31,19781003,276,10
19518,1978,122,4,19780406,96,10
19518,1978,122,5,19780517,137,10
19518,1978,122,62,19781002,275,10
19518,1978,123,31,19781008,281,10
19518,1978,123,4,19780501,121,10
19518,1978,123,5,19780510,130,10
19518,1978,123,62,19780926,269,10
19518,1978,124,5,19780327,86,10
19518,1978,125,5,19780424,114,10
19518,1978,127,5,19780303,62,10
19518,1978,128,4,19780420,110,10
19518,1978,128,5,19780315,74,10
19518,1978,129,5,19780608,159,10
19518,1978,129,62,19780927,270,10
19518,1978,130,4,19780421,111,10
19518,1978,130,5,19780620,171,10
19518,1978,131,5,19780405,95,10
19518,1978,132,31,19781007,280,10
19518,1978,132,4,19780522,142,10
19518,1978,132,5,19780526,146,10
19518,1978,132,62,19780922,265,10
19518,1978,132,9,19780706,187,10
19518,1978,133,5,19780511,131,10
19518,1978,133,8,19780514,134,10
19518,1978,134,5,19780501,121,10
19518,1978,135,6,19780602,153,10
19518,1978,136,6,19780619,170,10
19518,1978,137,4,19780501,121,10
19518,1978,137,5,19780703,184,10
19518,1978,138,5,19780603,154,10
19518,1978,201,25,19780529,149,10
19518,1978,201,27,19780731,212,10
19518,1978,202,10,19781010,283,10
19518,1978,202,12,19781024,297,10
19518,1978,202,15,19780525,145,10
19518,1978,202,18,19780615,166,10
19518,1978,202,21,19780725,206,10
19518,1978,202,22,19780808,220,10
19518,1978,202,23,19780818,230,10
19518,1978,202,24,19780821,233,10
19518,1978,203,10,19780928,271,10
19518,1978,203,12,19781015,288,10
19518,1978,203,15,19780509,129,10
19518,1978,203,18,19780530,150,10
19518,1978,203,21,19780725,206,10
19518,1978,203,22,19780806,218,10
19518,1978,203,23,19780811,223,10
19518,1978,203,24,19780814,226,10
19518,1978,203,6,19780611,162,10
19518,1978,204,10,19780920,263,10
19518,1978,204,12,19781005,278,10
19518,1978,204,15,19780509,129,10
19518,1978,204,18,19780528,148,10
19518,1978,204,21,19780711,192,10
19518,1978,204,22,19780716,197,10
19518,1978,204,23,19780714,195,10
19518,1978,204,24,19780724,205,10
19518,1978,205,10,19780815,227,10
19518,1978,205,12,19780901,244,10
19518,1978,205,24,19780717,198,10
19518,1978,205,5,19780512,132,10
19518,1978,206,10,19780322,81,10
19518,1978,206,12,19780414,104,10
19518,1978,206,15,19780607,158,10
19518,1978,206,18,19780701,182,10
19518,1978,206,21,19780803,215,10
19518,1978,206,22,19780821,233,10
19518,1978,206,23,19780819,231,10
19518,1978,206,24,19780824,236,10
19518,1978,207,10,19780327,86,10
19518,1978,207,12,19780415,105,10
19518,1978,207,15,19780526,146,10
19518,1978,207,18,19780617,168,10
19518,1978,207,21,19780726,207,10
19518,1978,207,22,19780809,221,10
19518,1978,207,23,19780808,220,10
19518,1978,207,24,19780816,228,10
19518,1978,208,10,19780328,87,10
19518,1978,208,12,19780412,102,10
19518,1978,208,15,19780521,141,10
19518,1978,208,21,19780804,216,10
19518,1978,208,22,19780821,233,10
19518,1978,208,23,19780817,229,10
19518,1978,208,24,19780821,233,10
19518,1978,208,66,19780615,166,10
19518,1978,215,10,19780426,116,10
19518,1978,215,12,19780514,134,10
19518,1978,215,24,19780918,261,10
19518,1978,215,6,19780808,220,10
19518,1978,215,65,19780625,176,10
19518,1978,243,11,19780524,144,10
19518,1978,243,24,19780902,245,10
19518,1978,243,5,19780628,179,10
19518,1978,244,24,19780909,252,10
19518,1978,252,10,19780412,102,10
19518,1978,252,12,19780504,124,10
19518,1978,252,13,19780613,164,10
19518,1978,252,24,19780925,268,10
19518,1978,253,10,19780410,100,10
19518,1978,253,12,19780430,120,10
19518,1978,253,13,19780609,160,10
19518,1978,253,24,19780927,270,10
19518,1978,310,5,19780502,122,10
19518,1978,310,6,19780507,127,10
19518,1978,310,7,19780516,136,10
19518,1978,311,29,19780808,220,10
19518,1978,313,29,19781011,284,10
19518,1978,320,5,19780428,118,10
19518,1978,320,6,19780503,123,10
19518,1978,320,7,19780509,129,10
19518,1978,321,29,19780809,221,10
19518,1978,322,29,19780912,255,10
19518,1978,330,5,19780427,117,10
19518,1978,330,6,19780430,120,10
19518,1978,330,7,19780508,128,10
19518,1978,331,29,19780718,199,10
19518,1978,332,29,19780722,203,10
19518,1978,340,29,19780728,209,10
19518,1978,340,5,19780428,118,10
19518,1978,340,6,19780505,125,10
19518,1978,340,7,19780508,128,10
19518,1978,350,29,19780630,181,10
19518,1978,350,4,19780410,100,10
19518,1978,350,5,19780422,112,10
19518,1978,371,29,19780807,219,10
19518,1978,372,29,19780915,258,10
19518,1979,102,5,19790419,109,10
19518,1979,103,5,19790520,140,10
19518,1979,103,62,19790801,213,10
19518,1979,104,4,19790504,124,10
19518,1979,104,5,19790419,109,10
19518,1979,105,5,19790506,126,10
19518,1979,105,61,19790417,107,10
19518,1979,107,5,19790515,135,10
19518,1979,107,8,19790511,131,10
19518,1979,108,5,19790519,139,10
19518,1979,109,5,19790415,105,10
19518,1979,112,31,19791002,275,10
19518,1979,112,4,19790428,118,10
19518,1979,113,5,19790323,82,10
19518,1979,115,5,19790910,253,10
19518,1979,116,5,19790414,104,10
19518,1979,117,5,19790611,162,10
19518,1979,117,62,19790924,267,10
19518,1979,118,5,19790515,135,10
19518,1979,118,8,19790519,139,10
19518,1979,119,5,19790410,100,10
19518,1979,120,5,19790508,128,10
19518,1979,121,4,19790518,138,10
19518,1979,121,5,19790605,156,10
19518,1979,122,31,19791006,279,10
19518,1979,122,4,19790418,108,10
19518,1979,122,5,19790517,137,10
19518,1979,122,62,19790917,260,10
19518,1979,123,31,19791009,282,10
19518,1979,123,4,19790506,126,10
19518,1979,123,5,19790516,136,10
19518,1979,123,62,19790919,262,10
19518,1979,124,5,19790408,98,10
19518,1979,125,5,19790429,119,10
19518,1979,127,5,19790317,76,10
19518,1979,128,4,19790425,115,10
19518,1979,128,5,19790416,106,10
19518,1979,129,5,19790607,158,10
19518,1979,129,62,19790923,266,10
19518,1979,130,4,19790428,118,10
19518,1979,130,5,19790614,165,10
19518,1979,131,5,19790424,114,10
19518,1979,132,31,19791007,280,10
19518,1979,132,4,19790511,131,10
19518,1979,132,5,19790517,137,10
19518,1979,132,62,19790912,255,10
19518,1979,132,9,19790705,186,10
19518,1979,133,5,19790516,136,10
19518,1979,133,8,19790520,140,10
19518,1979,134,5,19790516,136,10
19518,1979,135,6,19790603,154,10
19518,1979,136,6,19790618,169,10
19518,1979,137,4,19790510,130,10
19518,1979,137,5,19790701,182,10
19518,1979,138,5,19790604,155,10
19518,1979,201,25,19790528,148,10
19518,1979,201,27,19790809,221,10
19518,1979,202,10,19790924,267,10
19518,1979,202,12,19791013,286,10
19518,1979,202,15,19790515,135,10
19518,1979,202,18,19790613,164,10
19518,1979,202,21,19790723,204,10
19518,1979,202,22,19790816,228,10
19518,1979,202,23,19790813,225,10
19518,1979,202,24,19790818,230,10
19518,1979,203,10,19791002,275,10
19518,1979,203,12,19791017,290,10
19518,1979,203,15,19790513,133,10
19518,1979,203,18,19790603,154,10
19518,1979,203,21,19790722,203,10
19518,1979,203,22,19790809,221,10
19518,1979,203,23,19790807,219,10
19518,1979,203,24,19790813,225,10
19518,1979,203,6,19790616,167,10
19518,1979,204,10,19790903,246,10
19518,1979,204,12,19790923,266,10
19518,1979,204,15,19790514,134,10
19518,1979,204,18,19790603,154,10
19518,1979,204,21,19790710,191,10
19518,1979,204,22,19790719,200,10
19518,1979,204,23,19790716,197,10
19518,1979,204,24,19790714,195,10
19518,1979,205,10,19790814,226,10
19518,1979,205,12,19790830,242,10
19518,1979,205,24,19790711,192,10
19518,1979,205,5,19790524,144,10
19518,1979,206,10,19790328,87,10
19518,1979,206,12,19790414,104,10
19518,1979,206,15,19790609,160,10
19518,1979,206,18,19790706,187,10
19518,1979,206,21,19790731,212,10
19518,1979,206,22,19790820,232,10
19518,1979,206,23,19790817,229,10
19518,1979,206,24,19790822,234,10
19518,1979,207,10,19790410,100,10
19518,1979,207,12,19790424,114,10
19518,1979,207,15,19790524,144,10
19518,1979,207,18,19790613,164,10
19518,1979,207,21,19790719,200,10
19518,1979,207,22,19790808,220,10
19518,1979,207,23,19790806,218,10
19518,1979,207,24,19790815,227,10
19518,1979,208,10,19790410,100,10
19518,1979,208,12,19790425,115,10
19518,1979,208,15,19790527,147,10
19518,1979,208,21,19790808,220,10
19518,1979,208,22,19790820,232,10
19518,1979,208,23,19790819,231,10
19518,1979,208,24,19790817,229,10
19518,1979,208,66,19790613,164,10
19518,1979,215,10,19790430,120,10
19518,1979,215,12,19790516,136,10
19518,1979,215,24,19790913,256,10
19518,1979,215,6,19790710,191,10
19518,1979,215,65,19790726,207,10
19518,1979,243,11,19790529,149,10
19518,1979,243,24,19790802,214,10
19518,1979,243,5,19790701,182,10
19518,1979,244,24,19790905,248,10
19518,1979,252,10,19790415,105,10
19518,1979,252,12,19790430,120,10
19518,1979,252,13,19790616,167,10
19518,1979,252,24,19790925,268,10
19518,1979,253,10,19790411,101,10
19518,1979,253,12,19790427,117,10
19518,1979,253,13,19790612,163,10
19518,1979,253,24,19791001,274,10
19518,1979,310,5,19790515,135,10
19518,1979,310,6,19790522,142,10
19518,1979,310,7,19790529,149,10
19518,1979,311,29,19790801,213,10
19518,1979,313,29,19791008,281,10
19518,1979,320,5,19790513,133,10
19518,1979,320,6,19790518,138,10
19518,1979,320,7,19790524,144,10
19518,1979,322,29,19790911,254,10
19518,1979,330,5,19790508,128,10
19518,1979,330,6,19790512,132,10
19518,1979,330,7,19790519,139,10
19518,1979,331,29,19790702,183,10
19518,1979,332,29,19790712,193,10
19518,1979,340,29,19790726,207,10
19518,1979,340,5,19790517,137,10
19518,1979,340,6,19790521,141,10
19518,1979,340,7,19790528,148,10
19518,1979,350,29,19790707,188,10
19518,1979,350,4,19790404,94,10
19518,1979,350,5,19790507,127,10
19518,1979,371,29,19790806,218,10
19518,1979,372,29,19790914,257,10
19518,1980,102,5,19800416,106,10
19518,1980,103,5,19800522,142,10
19518,1980,103,62,19800803,215,10
19518,1980,104,4,19800521,141,10
19518,1980,104,5,19800516,136,10
19518,1980,105,5,19800514,134,10
19518,1980,105,61,19800416,106,10
19518,1980,107,5,19800516,136,10
19518,1980,107,8,19800510,130,10
19518,1980,108,5,19800519,139,10
19518,1980,109,5,19800325,84,10
19518,1980,112,31,19801008,281,10
19518,1980,112,4,19800421,111,10
19518,1980,113,5,19800306,65,10
19518,1980,114,5,19800828,240,10
19518,1980,115,5,19800921,264,10
19518,1980,116,5,19800401,91,10
19518,1980,117,5,19800611,162,10
19518,1980,117,62,19800927,270,10
19518,1980,118,5,19800510,130,10
19518,1980,118,8,19800516,136,10
19518,1980,119,5,19800407,97,10
19518,1980,120,5,19800501,121,10
19518,1980,121,4,19800516,136,10
19518,1980,121,5,19800607,158,10
19518,1980,122,31,19800924,267,10
19518,1980,122,4,19800415,105,10
19518,1980,122,5,19800515,135,10
19518,1980,122,62,19800905,248,10
19518,1980,123,31,19801006,279,10
19518,1980,123,4,19800430,120,10
19518,1980,123,5,19800511,131,10
19518,1980,123,62,19800928,271,10
19518,1980,124,5,19800323,82,10
19518,1980,125,5,19800427,117,10
19518,1980,127,5,19800225,56,10
19518,1980,128,4,19800424,114,10
19518,1980,128,5,19800317,76,10
19518,1980,129,5,19800531,151,10
19518,1980,129,62,19801002,275,10
19518,1980,130,4,19800419,109,10
19518,1980,130,5,19800621,172,10
19518,1980,131,5,19800417,107,10
19518,1980,132,31,19801003,276,10
19518,1980,132,4,19800507,127,10
19518,1980,132,5,19800512,132,10
19518,1980,132,62,19800919,262,10
19518,1980,132,9,19800709,190,10
19518,1980,133,5,19800513,133,10
19518,1980,133,8,19800519,139,10
19518,1980,134,5,19800510,130,10
19518,1980,135,6,19800607,158,10
19518,1980,136,6,19800620,171,10
19518,1980,137,4,19800501,121,10
19518,1980,137,5,19800706,187,10
19518,1980,138,5,19800603,154,10
19518,1980,201,25,19800604,155,10
19518,1980,201,27,19800827,239,10
19518,1980,202,10,19800926,269,10
19518,1980,202,12,19801013,286,10
19518,1980,202,15,19800518,138,10
19518,1980,202,18,19800606,157,10
19518,1980,202,21,19800731,212,10
19518,1980,202,22,19800826,238,10
19518,1980,202,23,19800822,234,10
19518,1980,202,24,19800826,238,10
19518,1980,203,10,19800922,265,10
19518,1980,203,12,19801012,285,10
19518,1980,203,15,19800506,126,10
19518,1980,203,18,19800606,157,10
19518,1980,203,21,19800730,211,10
19518,1980,203,22,19800818,230,10
19518,1980,203,23,19800815,227,10
19518,1980,203,24,19800825,237,10
19518,1980,203,6,19800620,171,10
19518,1980,204,10,19800916,259,10
19518,1980,204,12,19800930,273,10
19518,1980,204,15,19800508,128,10
19518,1980,204,18,19800520,140,10
19518,1980,204,21,19800702,183,10
19518,1980,204,22,19800716,197,10
19518,1980,204,23,19800713,194,10
19518,1980,204,24,19800722,203,10
19518,1980,205,10,19800815,227,10
19518,1980,205,12,19800830,242,10
19518,1980,205,24,19800721,202,10
19518,1980,205,5,19800519,139,10
19518,1980,206,10,19800311,70,10
19518,1980,206,12,19800405,95,10
19518,1980,206,15,19800603,154,10
19518,1980,206,18,19800702,183,10
19518,1980,206,21,19800730,211,10
19518,1980,206,22,19800825,237,10
19518,1980,206,23,19800820,232,10
19518,1980,206,24,19800829,241,10
19518,1980,207,10,19800310,69,10
19518,1980,207,12,19800331,90,10
19518,1980,207,15,19800513,133,10
19518,1980,207,18,19800608,159,10
19518,1980,207,21,19800724,205,10
19518,1980,207,22,19800808,220,10
19518,1980,207,23,19800804,216,10
19518,1980,207,24,19800814,226,10
19518,1980,208,10,19800312,71,10
19518,1980,208,12,19800411,101,10
19518,1980,208,15,19800524,144,10
19518,1980,208,21,19800802,214,10
19518,1980,208,22,19800818,230,10
19518,1980,208,23,19800816,228,10
19518,1980,208,24,19800818,230,10
19518,1980,208,66,19800610,161,10
19518,1980,215,10,19800424,114,10
19518,1980,215,12,19800513,133,10
19518,1980,215,24,19800922,265,10
19518,1980,215,6,19800806,218,10
19518,1980,215,65,19800719,200,10
19518,1980,243,11,19800527,147,10
19518,1980,243,24,19800819,231,10
19518,1980,243,5,19800629,180,10
19518,1980,244,24,19800920,263,10
19518,1980,252,10,19800414,104,10
19518,1980,252,12,19800428,118,10
19518,1980,252,13,19800617,168,10
19518,1980,252,24,19800928,271,10
19518,1980,253,10,19800408,98,10
19518,1980,253,12,19800430,120,10
19518,1980,253,13,19800621,172,10
19518,1980,253,24,19801001,274,10
19518,1980,310,5,19800503,123,10
19518,1980,310,6,19800513,133,10
19518,1980,310,7,19800521,141,10
19518,1980,311,29,19800805,217,10
19518,1980,313,29,19801006,279,10
19518,1980,320,5,19800504,124,10
19518,1980,320,6,19800508,128,10
19518,1980,320,7,19800516,136,10
19518,1980,321,29,19800813,225,10
19518,1980,322,29,19800918,261,10
19518,1980,330,5,19800428,118,10
19518,1980,330,6,19800504,124,10
19518,1980,330,7,19800514,134,10
19518,1980,331,29,19800714,195,10
19518,1980,332,29,19800722,203,10
19518,1980,340,29,19800802,214,10
19518,1980,340,5,19800502,122,10
19518,1980,340,6,19800509,129,10
19518,1980,340,7,19800518,138,10
19518,1980,350,29,19800708,189,10
19518,1980,350,4,19800409,99,10
19518,1980,350,5,19800430,120,10
19518,1980,371,29,19800905,248,10
19518,1980,372,29,19800929,272,10
19518,1981,102,5,19810402,92,10
19518,1981,103,5,19810510,130,10
19518,1981,103,62,19810723,204,10
19518,1981,104,4,19810515,135,10
19518,1981,104,5,19810511,131,10
19518,1981,105,5,19810502,122,10
19518,1981,105,61,19810410,100,10
19518,1981,107,5,19810512,132,10
19518,1981,107,8,19810510,130,10
19518,1981,108,5,19810509,129,10
19518,1981,109,5,19810324,83,10
19518,1981,112,31,19811006,279,10
19518,1981,112,4,19810408,98,10
19518,1981,113,5,19810310,69,10
19518,1981,115,5,19810907,250,10
19518,1981,116,5,19810331,90,10
19518,1981,117,5,19810608,159,10
19518,1981,117,62,19810924,267,10
19518,1981,118,5,19810507,127,10
19518,1981,118,8,19810515,135,10
19518,1981,119,5,19810322,81,10
19518,1981,120,5,19810415,105,10
19518,1981,121,4,19810512,132,10
19518,1981,121,5,19810608,159,10
19518,1981,122,31,19810927,270,10
19518,1981,122,4,19810330,89,10
19518,1981,122,5,19810511,131,10
19518,1981,122,62,19810929,272,10
19518,1981,123,31,19811016,289,10
19518,1981,123,4,19810429,119,10
19518,1981,123,5,19810508,128,10
19518,1981,123,62,19810923,266,10
19518,1981,124,5,19810323,82,10
19518,1981,125,5,19810426,116,10
19518,1981,127,5,19810307,66,10
19518,1981,128,4,19810412,102,10
19518,1981,128,5,19810404,94,10
19518,1981,129,5,19810604,155,10
19518,1981,129,62,19810919,262,10
19518,1981,130,4,19810407,97,10
19518,1981,130,5,19810610,161,10
19518,1981,131,5,19810403,93,10
19518,1981,132,31,19811021,294,10
19518,1981,132,4,19810429,119,10
19518,1981,132,5,19810508,128,10
19518,1981,132,62,19810924,267,10
19518,1981,132,9,19810706,187,10
19518,1981,133,5,19810514,134,10
19518,1981,133,8,19810517,137,10
19518,1981,134,5,19810506,126,10
19518,1981,135,6,19810531,151,10
19518,1981,136,6,19810611,162,10
19518,1981,137,4,19810430,120,10
19518,1981,137,5,19810628,179,10
19518,1981,138,5,19810530,150,10
19518,1981,201,25,19810530,150,10
19518,1981,201,27,19810728,209,10
19518,1981,202,10,19811001,274,10
19518,1981,202,12,19811020,293,10
19518,1981,202,15,19810513,133,10
19518,1981,202,18,19810531,151,10
19518,1981,202,21,19810713,194,10
19518,1981,202,22,19810804,216,10
19518,1981,202,23,19810806,218,10
19518,1981,202,24,19810807,219,10
19518,1981,203,10,19810914,257,10
19518,1981,203,12,19811003,276,10
19518,1981,203,15,19810503,123,10
19518,1981,203,18,19810517,137,10
19518,1981,203,21,19810715,196,10
19518,1981,203,22,19810802,214,10
19518,1981,203,23,19810804,216,10
19518,1981,203,24,19810805,217,10
19518,1981,203,6,19810602,153,10
19518,1981,204,10,19810908,251,10
19518,1981,204,12,19810925,268,10
19518,1981,204,15,19810504,124,10
19518,1981,204,18,19810518,138,10
19518,1981,204,21,19810630,181,10
19518,1981,204,22,19810703,184,10
19518,1981,204,23,19810707,188,10
19518,1981,204,24,19810709,190,10
19518,1981,205,10,19810813,225,10
19518,1981,205,12,19810902,245,10
19518,1981,205,24,19810716,197,10
19518,1981,205,5,19810507,127,10
19518,1981,206,10,19810321,80,10
19518,1981,206,12,19810405,95,10
19518,1981,206,15,19810528,148,10
19518,1981,206,18,19810614,165,10
19518,1981,206,21,19810803,215,10
19518,1981,206,22,19810823,235,10
19518,1981,206,23,19810821,233,10
19518,1981,206,24,19810825,237,10
19518,1981,207,10,19810401,91,10
19518,1981,207,12,19810424,114,10
19518,1981,207,15,19810521,141,10
19518,1981,207,18,19810612,163,10
19518,1981,207,21,19810715,196,10
19518,1981,207,22,19810803,215,10
19518,1981,207,23,19810801,213,10
19518,1981,207,24,19810804,216,10
19518,1981,208,10,19810327,86,10
19518,1981,208,12,19810416,106,10
19518,1981,208,15,19810524,144,10
19518,1981,208,21,19810731,212,10
19518,1981,208,22,19810815,227,10
19518,1981,208,23,19810817,229,10
19518,1981,208,24,19810819,231,10
19518,1981,208,66,19810613,164,10
19518,1981,215,10,19810424,114,10
19518,1981,215,12,19810514,134,10
19518,1981,215,24,19810922,265,10
19518,1981,215,65,19810620,171,10
19518,1981,243,11,19810522,142,10
19518,1981,243,24,19810801,213,10
19518,1981,243,5,19810701,182,10
19518,1981,244,24,19810910,253,10
19518,1981,252,10,19810406,96,10
19518,1981,252,12,19810424,114,10
19518,1981,252,13,19810612,163,10
19518,1981,252,24,19810923,266,10
19518,1981,253,10,19810401,91,10
19518,1981,253,12,19810421,111,10
19518,1981,253,13,19810610,161,10
19518,1981,253,24,19810924,267,10
19518,1981,310,5,19810425,115,10
19518,1981,310,6,19810504,124,10
19518,1981,310,7,19810518,138,10
19518,1981,311,29,19810731,212,10
19518,1981,320,5,19810412,102,10
19518,1981,320,6,19810419,109,10
19518,1981,320,7,19810424,114,10
19518,1981,321,29,19810814,226,10
19518,1981,322,29,19810916,259,10
19518,1981,330,5,19810409,99,10
19518,1981,330,6,19810414,104,10
19518,1981,330,7,19810421,111,10
19518,1981,331,29,19810714,195,10
19518,1981,332,29,19810721,202,10
19518,1981,340,29,19810721,202,10
19518,1981,340,5,19810412,102,10
19518,1981,340,6,19810418,108,10
19518,1981,340,7,19810428,118,10
19518,1981,350,29,19810624,175,10
19518,1981,350,4,19810403,93,10
19518,1981,350,5,19810428,118,10
19518,1981,371,29,19810814,226,10
19518,1981,372,29,19810917,260,10
19518,1982,102,5,19820403,93,10
19518,1982,103,5,19820520,140,10
19518,1982,103,62,19820819,231,10
19518,1982,104,4,19820517,137,10
19518,1982,104,5,19820510,130,10
19518,1982,105,5,19820416,106,10
19518,1982,105,61,19820402,92,10
19518,1982,107,5,19820514,134,10
19518,1982,107,8,19820508,128,10
19518,1982,108,5,19820516,136,10
19518,1982,109,5,19820327,86,10
19518,1982,112,31,19820916,259,10
19518,1982,112,4,19820412,102,10
19518,1982,113,5,19820306,65,10
19518,1982,115,5,19820910,253,10
19518,1982,116,5,19820330,89,10
19518,1982,117,5,19820606,157,10
19518,1982,117,62,19820923,266,10
19518,1982,118,5,19820513,133,10
19518,1982,118,8,19820520,140,10
19518,1982,119,5,19820324,83,10
19518,1982,120,5,19820421,111,10
19518,1982,121,4,19820515,135,10
19518,1982,121,5,19820604,155,10
19518,1982,122,31,19820925,268,10
19518,1982,122,4,19820406,96,10
19518,1982,122,5,19820513,133,10
19518,1982,122,62,19820919,262,10
19518,1982,123,31,19820929,272,10
19518,1982,123,4,19820504,124,10
19518,1982,123,5,19820512,132,10
19518,1982,123,62,19820916,259,10
19518,1982,124,5,19820322,81,10
19518,1982,125,5,19820429,119,10
19518,1982,127,5,19820304,63,10
19518,1982,128,4,19820413,103,10
19518,1982,128,5,19820404,94,10
19518,1982,129,5,19820603,154,10
19518,1982,129,62,19820917,260,10
19518,1982,130,4,19820418,108,10
19518,1982,130,5,19820612,163,10
19518,1982,131,5,19820418,108,10
19518,1982,132,31,19820924,267,10
19518,1982,132,4,19820506,126,10
19518,1982,132,5,19820514,134,10
19518,1982,132,62,19820921,264,10
19518,1982,132,9,19820705,186,10
19518,1982,133,5,19820517,137,10
19518,1982,133,8,19820524,144,10
19518,1982,134,5,19820514,134,10
19518,1982,135,6,19820605,156,10
19518,1982,136,6,19820613,164,10
19518,1982,137,4,19820501,121,10
19518,1982,137,5,19820629,180,10
19518,1982,138,5,19820529,149,10
19518,1982,201,25,19820527,147,10
19518,1982,201,27,19820804,216,10
19518,1982,202,10,19820917,260,10
19518,1982,202,12,19821009,282,10
19518,1982,202,15,19820524,144,10
19518,1982,202,18,19820603,154,10
19518,1982,202,21,19820722,203,10
19518,1982,202,22,19820812,224,10
19518,1982,202,23,19820810,222,10
19518,1982,202,24,19820812,224,10
19518,1982,203,10,19820913,256,10
19518,1982,203,12,19821005,278,10
19518,1982,203,15,19820503,123,10
19518,1982,203,18,19820522,142,10
19518,1982,203,21,19820710,191,10
19518,1982,203,22,19820730,211,10
19518,1982,203,23,19820727,208,10
19518,1982,203,24,19820728,209,10
19518,1982,203,6,19820610,161,10
19518,1982,204,10,19820907,250,10
19518,1982,204,12,19820929,272,10
19518,1982,204,15,19820507,127,10
19518,1982,204,18,19820523,143,10
19518,1982,204,21,19820624,175,10
19518,1982,204,22,19820708,189,10
19518,1982,204,23,19820707,188,10
19518,1982,204,24,19820710,191,10
19518,1982,205,10,19820811,223,10
19518,1982,205,12,19820901,244,10
19518,1982,205,24,19820713,194,10
19518,1982,205,5,19820508,128,10
19518,1982,206,10,19820310,69,10
19518,1982,206,12,19820403,93,10
19518,1982,206,15,19820526,146,10
19518,1982,206,18,19820616,167,10
19518,1982,206,21,19820723,204,10
19518,1982,206,22,19820818,230,10
19518,1982,206,23,19820816,228,10
19518,1982,206,24,19820819,231,10
19518,1982,207,10,19820405,95,10
19518,1982,207,12,19820422,112,10
19518,1982,207,15,19820529,149,10
19518,1982,207,18,19820610,161,10
19518,1982,207,21,19820624,175,10
19518,1982,207,22,19820719,200,10
19518,1982,207,23,19820715,196,10
19518,1982,207,24,19820716,197,10
19518,1982,208,10,19820325,84,10
19518,1982,208,12,19820409,99,10
19518,1982,208,15,19820529,149,10
19518,1982,208,21,19820722,203,10
19518,1982,208,22,19820808,220,10
19518,1982,208,23,19820805,217,10
19518,1982,208,24,19820809,221,10
19518,1982,208,66,19820615,166,10
19518,1982,215,10,19820427,117,10
19518,1982,215,12,19820516,136,10
19518,1982,215,24,19820915,258,10
19518,1982,215,6,19820706,187,10
19518,1982,215,65,19820624,175,10
19518,1982,243,11,19820519,139,10
19518,1982,243,24,19820827,239,10
19518,1982,243,5,19820627,178,10
19518,1982,244,24,19820911,254,10
19518,1982,252,10,19820323,82,10
19518,1982,252,12,19820416,106,10
19518,1982,252,13,19820611,162,10
19518,1982,252,24,19820928,271,10
19518,1982,253,10,19820322,81,10
19518,1982,253,12,19820414,104,10
19518,1982,253,13,19820613,164,10
19518,1982,253,24,19820921,264,10
19518,1982,310,5,19820502,122,10
19518,1982,310,6,19820514,134,10
19518,1982,310,7,19820526,146,10
19518,1982,311,29,19820721,202,10
19518,1982,313,29,19820924,267,10
19518,1982,320,5,19820429,119,10
19518,1982,320,6,19820507,127,10
19518,1982,320,7,19820524,144,10
19518,1982,321,29,19820810,222,10
19518,1982,322,29,19820912,255,10
19518,1982,330,5,19820422,112,10
19518,1982,330,6,19820503,123,10
19518,1982,330,7,19820511,131,10
19518,1982,331,29,19820706,187,10
19518,1982,332,29,19820714,195,10
19518,1982,340,29,19820716,197,10
19518,1982,340,5,19820430,120,10
19518,1982,340,6,19820509,129,10
19518,1982,340,7,19820520,140,10
19518,1982,350,29,19820704,185,10
19518,1982,350,4,19820326,85,10
19518,1982,350,5,19820426,116,10
19518,1982,371,29,19820818,230,10
19518,1982,372,29,19820908,251,10
19518,1983,102,5,19830410,100,10
19518,1983,103,5,19830512,132,10
19518,1983,103,62,19830809,221,10
19518,1983,104,4,19830519,139,10
19518,1983,104,5,19830512,132,10
19518,1983,105,5,19830502,122,10
19518,1983,105,61,19830410,100,10
19518,1983,107,5,19830516,136,10
19518,1983,107,8,19830512,132,10
19518,1983,108,5,19830506,126,10
19518,1983,109,5,19830320,79,10
19518,1983,112,31,19830921,264,10
19518,1983,112,4,19830421,111,10
19518,1983,113,5,19830305,64,10
19518,1983,115,5,19830920,263,10
19518,1983,116,5,19830401,91,10
19518,1983,117,5,19830604,155,10
19518,1983,117,62,19830927,270,10
19518,1983,118,5,19830503,123,10
19518,1983,118,8,19830508,128,10
19518,1983,119,5,19830407,97,10
19518,1983,120,5,19830421,111,10
19518,1983,121,4,19830504,124,10
19518,1983,121,5,19830609,160,10
19518,1983,122,31,19830929,272,10
19518,1983,122,4,19830417,107,10
19518,1983,122,5,19830510,130,10
19518,1983,122,62,19830920,263,10
19518,1983,123,31,19831006,279,10
19518,1983,123,4,19830501,121,10
19518,1983,123,5,19830510,130,10
19518,1983,123,62,19830917,260,10
19518,1983,124,5,19830324,83,10
19518,1983,125,5,19830428,118,10
19518,1983,127,5,19830304,63,10
19518,1983,128,4,19830424,114,10
19518,1983,128,5,19830318,77,10
19518,1983,129,5,19830605,156,10
19518,1983,129,62,19830917,260,10
19518,1983,130,4,19830419,109,10
19518,1983,130,5,19830619,170,10
19518,1983,131,5,19830418,108,10
19518,1983,132,31,19831007,280,10
19518,1983,132,4,19830507,127,10
19518,1983,132,5,19830516,136,10
19518,1983,132,62,19830925,268,10
19518,1983,132,9,19830711,192,10
19518,1983,133,5,19830519,139,10
19518,1983,133,8,19830523,143,10
19518,1983,134,5,19830505,125,10
19518,1983,135,6,19830526,146,10
19518,1983,136,6,19830603,154,10
19518,1983,137,4,19830429,119,10
19518,1983,137,5,19830709,190,10
19518,1983,138,5,19830528,148,10
19518,1983,201,25,19830601,152,10
19518,1983,201,27,19830726,207,10
19518,1983,202,10,19830922,265,10
19518,1983,202,12,19831008,281,10
19518,1983,202,15,19830510,130,10
19518,1983,202,18,19830526,146,10
19518,1983,202,21,19830714,195,10
19518,1983,202,22,19830731,212,10
19518,1983,202,23,19830729,210,10
19518,1983,202,24,19830802,214,10
19518,1983,203,10,19830921,264,10
19518,1983,203,12,19831010,283,10
19518,1983,203,15,19830501,121,10
19518,1983,203,18,19830513,133,10
19518,1983,203,21,19830707,188,10
19518,1983,203,22,19830728,209,10
19518,1983,203,23,19830725,206,10
19518,1983,203,24,19830727,208,10
19518,1983,203,6,19830601,152,10
19518,1983,204,10,19830908,251,10
19518,1983,204,12,19830925,268,10
19518,1983,204,15,19830430,120,10
19518,1983,204,18,19830511,131,10
19518,1983,204,21,19830626,177,10
19518,1983,204,22,19830710,191,10
19518,1983,204,23,19830708,189,10
19518,1983,204,24,19830711,192,10
19518,1983,205,10,19830810,222,10
19518,1983,205,12,19830902,245,10
19518,1983,205,24,19830706,187,10
19518,1983,205,5,19830509,129,10
19518,1983,206,10,19830310,69,10
19518,1983,206,12,19830404,94,10
19518,1983,206,15,19830516,136,10
19518,1983,206,18,19830607,158,10
19518,1983,206,21,19830726,207,10
19518,1983,206,22,19830813,225,10
19518,1983,206,23,19830812,224,10
19518,1983,206,24,19830815,227,10
19518,1983,207,10,19830329,88,10
19518,1983,207,12,19830417,107,10
19518,1983,207,15,19830517,137,10
19518,1983,207,18,19830609,160,10
19518,1983,207,21,19830629,180,10
19518,1983,207,22,19830724,205,10
19518,1983,207,23,19830718,199,10
19518,1983,207,24,19830719,200,10
19518,1983,208,10,19830331,90,10
19518,1983,208,12,19830417,107,10
19518,1983,208,15,19830518,138,10
19518,1983,208,21,19830720,201,10
19518,1983,208,22,19830805,217,10
19518,1983,208,23,19830803,215,10
19518,1983,208,24,19830808,220,10
19518,1983,208,66,19830613,164,10
19518,1983,215,10,19830502,122,10
19518,1983,215,12,19830526,146,10
19518,1983,215,24,19830914,257,10
19518,1983,215,6,19830705,186,10
19518,1983,215,65,19830625,176,10
19518,1983,243,11,19830514,134,10
19518,1983,243,24,19830728,209,10
19518,1983,243,5,19830619,170,10
19518,1983,244,24,19830910,253,10
19518,1983,252,10,19830330,89,10
19518,1983,252,12,19830416,106,10
19518,1983,252,13,19830621,172,10
19518,1983,252,24,19830928,271,10
19518,1983,253,10,19830314,73,10
19518,1983,253,12,19830401,91,10
19518,1983,253,13,19830616,167,10
19518,1983,253,24,19831003,276,10
19518,1983,310,5,19830427,117,10
19518,1983,310,6,19830509,129,10
19518,1983,310,7,19830520,140,10
19518,1983,311,29,19830725,206,10
19518,1983,313,29,19830924,267,10
19518,1983,320,5,19830422,112,10
19518,1983,320,6,19830428,118,10
19518,1983,320,7,19830507,127,10
19518,1983,321,29,19830822,234,10
19518,1983,322,29,19830910,253,10
19518,1983,330,5,19830420,110,10
19518,1983,330,6,19830425,115,10
19518,1983,330,7,19830502,122,10
19518,1983,331,29,19830706,187,10
19518,1983,332,29,19830713,194,10
19518,1983,340,29,19830722,203,10
19518,1983,340,5,19830427,117,10
19518,1983,340,6,19830502,122,10
19518,1983,340,7,19830518,138,10
19518,1983,350,29,19830703,184,10
19518,1983,350,4,19830416,106,10
19518,1983,350,5,19830501,121,10
19518,1983,371,29,19830811,223,10
19518,1983,372,29,19830910,253,10
19518,1984,102,5,19840417,107,10
19518,1984,103,5,19840520,140,10
19518,1984,103,62,19840812,224,10
19518,1984,104,4,19840521,141,10
19518,1984,104,5,19840515,135,10
19518,1984,105,5,19840419,109,10
19518,1984,105,61,19840408,98,10
19518,1984,107,5,19840522,142,10
19518,1984,107,8,19840513,133,10
19518,1984,108,5,19840519,139,10
19518,1984,109,5,19840404,94,10
19518,1984,112,31,19841003,276,10
19518,1984,112,4,19840423,113,10
19518,1984,113,5,19840309,68,10
19518,1984,115,5,19840922,265,10
19518,1984,116,5,19840409,99,10
19518,1984,117,5,19840610,161,10
19518,1984,117,62,19840929,272,10
19518,1984,118,5,19840513,133,10
19518,1984,118,8,19840521,141,10
19518,1984,119,5,19840409,99,10
19518,1984,120,5,19840422,112,10
19518,1984,121,4,19840517,137,10
19518,1984,121,5,19840617,168,10
19518,1984,122,31,19841009,282,10
19518,1984,122,4,19840421,111,10
19518,1984,122,5,19840514,134,10
19518,1984,122,62,19841001,274,10
19518,1984,123,31,19841011,284,10
19518,1984,123,4,19840504,124,10
19518,1984,123,5,19840519,139,10
19518,1984,123,62,19840923,266,10
19518,1984,124,5,19840327,86,10
19518,1984,125,5,19840501,121,10
19518,1984,127,5,19840308,67,10
19518,1984,128,4,19840414,104,10
19518,1984,128,5,19840406,96,10
19518,1984,129,5,19840609,160,10
19518,1984,129,62,19840927,270,10
19518,1984,130,4,19840424,114,10
19518,1984,130,5,19840629,180,10
19518,1984,131,5,19840424,114,10
19518,1984,132,31,19841015,288,10
19518,1984,132,4,19840511,131,10
19518,1984,132,5,19840519,139,10
19518,1984,132,62,19840928,271,10
19518,1984,132,9,19840721,202,10
19518,1984,133,5,19840524,144,10
19518,1984,133,8,19840529,149,10
19518,1984,134,5,19840516,136,10
19518,1984,135,6,19840608,159,10
19518,1984,136,6,19840616,167,10
19518,1984,137,4,19840506,126,10
19518,1984,137,5,19840717,198,10
19518,1984,138,5,19840531,151,10
19518,1984,201,25,19840608,159,10
19518,1984,201,27,19840830,242,10
19518,1984,202,10,19840925,268,10
19518,1984,202,12,19841017,290,10
19518,1984,202,15,19840512,132,10
19518,1984,202,18,19840614,165,10
19518,1984,202,21,19840726,207,10
19518,1984,202,22,19840825,237,10
19518,1984,202,23,19840828,240,10
19518,1984,202,24,19840830,242,10
19518,1984,203,10,19840917,260,10
19518,1984,203,12,19841005,278,10
19518,1984,203,15,19840502,122,10
19518,1984,203,18,19840520,140,10
19518,1984,203,21,19840728,209,10
19518,1984,203,22,19840811,223,10
19518,1984,203,23,19840813,225,10
19518,1984,203,24,19840814,226,10
19518,1984,203,6,19840609,160,10
19518,1984,204,10,19840911,254,10
19518,1984,204,12,19840929,272,10
19518,1984,204,15,19840504,124,10
19518,1984,204,18,19840518,138,10
19518,1984,204,21,19840704,185,10
19518,1984,204,22,19840720,201,10
19518,1984,204,23,19840721,202,10
19518,1984,204,24,19840725,206,10
19518,1984,205,10,19840816,228,10
19518,1984,205,12,19840904,247,10
19518,1984,205,24,19840725,206,10
19518,1984,205,5,19840507,127,10
19518,1984,206,10,19840322,81,10
19518,1984,206,12,19840410,100,10
19518,1984,206,15,19840601,152,10
19518,1984,206,18,19840628,179,10
19518,1984,206,21,19840819,231,10
19518,1984,206,22,19840912,255,10
19518,1984,206,23,19840910,253,10
19518,1984,206,24,19840913,256,10
19518,1984,207,10,19840404,94,10
19518,1984,207,12,19840424,114,10
19518,1984,207,15,19840531,151,10
19518,1984,207,18,19840613,164,10
19518,1984,207,21,19840731,212,10
19518,1984,207,22,19840817,229,10
19518,1984,207,23,19840820,232,10
19518,1984,207,24,19840822,234,10
19518,1984,208,10,19840315,74,10
19518,1984,208,12,19840405,95,10
19518,1984,208,15,19840530,150,10
19518,1984,208,21,19840731,212,10
19518,1984,208,22,19840818,230,10
19518,1984,208,23,19840816,228,10
19518,1984,208,24,19840819,231,10
19518,1984,208,66,19840617,168,10
19518,1984,215,10,19840426,116,10
19518,1984,215,12,19840518,138,10
19518,1984,215,24,19840926,269,10
19518,1984,215,6,19840808,220,10
19518,1984,215,65,19840726,207,10
19518,1984,243,11,19840515,135,10
19518,1984,243,24,19840901,244,10
19518,1984,243,5,19840620,171,10
19518,1984,244,24,19840914,257,10
19518,1984,252,10,19840328,87,10
19518,1984,252,12,19840416,106,10
19518,1984,252,13,19840706,187,10
19518,1984,252,24,19840925,268,10
19518,1984,253,10,19840327,86,10
19518,1984,253,12,19840414,104,10
19518,1984,253,13,19840703,184,10
19518,1984,253,24,19841001,274,10
19518,1984,310,5,19840501,121,10
19518,1984,310,6,19840513,133,10
19518,1984,310,7,19840525,145,10
19518,1984,311,29,19840730,211,10
19518,1984,313,29,19841012,285,10
19518,1984,320,5,19840425,115,10
19518,1984,320,6,19840504,124,10
19518,1984,320,7,19840519,139,10
19518,1984,321,29,19840817,229,10
19518,1984,322,29,19840915,258,10
19518,1984,330,5,19840422,112,10
19518,1984,330,6,19840428,118,10
19518,1984,330,7,19840505,125,10
19518,1984,331,29,19840717,198,10
19518,1984,332,29,19840723,204,10
19518,1984,340,29,19840804,216,10
19518,1984,340,5,19840429,119,10
19518,1984,340,6,19840506,126,10
19518,1984,340,7,19840522,142,10
19518,1984,350,29,19840718,199,10
19518,1984,350,4,19840419,109,10
19518,1984,350,5,19840429,119,10
19518,1984,371,29,19840826,238,10
19518,1984,372,29,19840921,264,10
19518,1985,102,5,19850407,97,10
19518,1985,103,5,19850509,129,10
19518,1985,103,62,19850806,218,10
19518,1985,104,4,19850518,138,10
19518,1985,104,5,19850514,134,10
19518,1985,105,5,19850422,112,10
19518,1985,105,61,19850407,97,10
19518,1985,107,5,19850515,135,10
19518,1985,107,8,19850508,128,10
19518,1985,108,5,19850514,134,10
19518,1985,109,5,19850407,97,10
19518,1985,112,31,19851004,277,10
19518,1985,112,4,19850414,104,10
19518,1985,113,5,19850309,68,10
19518,1985,115,5,19850919,262,10
19518,1985,116,5,19850405,95,10
19518,1985,117,5,19850531,151,10
19518,1985,117,62,19850924,267,10
19518,1985,118,5,19850506,126,10
19518,1985,118,8,19850516,136,10
19518,1985,119,5,19850405,95,10
19518,1985,120,5,19850414,104,10
19518,1985,121,4,19850513,133,10
19518,1985,121,5,19850603,154,10
19518,1985,122,31,19851003,276,10
19518,1985,122,4,19850413,103,10
19518,1985,122,5,19850510,130,10
19518,1985,122,62,19850927,270,10
19518,1985,123,31,19850925,268,10
19518,1985,123,4,19850429,119,10
19518,1985,123,5,19850513,133,10
19518,1985,123,62,19850922,265,10
19518,1985,124,5,19850328,87,10
19518,1985,125,5,19850503,123,10
19518,1985,127,5,19850303,62,10
19518,1985,128,4,19850417,107,10
19518,1985,128,5,19850406,96,10
19518,1985,129,5,19850601,152,10
19518,1985,129,62,19850914,257,10
19518,1985,130,4,19850415,105,10
19518,1985,130,5,19850621,172,10
19518,1985,131,5,19850424,114,10
19518,1985,132,31,19851013,286,10
19518,1985,132,4,19850504,124,10
19518,1985,132,5,19850512,132,10
19518,1985,132,62,19850927,270,10
19518,1985,132,9,19850714,195,10
19518,1985,133,5,19850518,138,10
19518,1985,133,8,19850522,142,10
19518,1985,134,5,19850507,127,10
19518,1985,135,6,19850529,149,10
19518,1985,136,6,19850612,163,10
19518,1985,137,4,19850423,113,10
19518,1985,137,5,19850712,193,10
19518,1985,138,5,19850525,145,10
19518,1985,201,25,19850524,144,10
19518,1985,201,27,19850729,210,10
19518,1985,202,10,19850925,268,10
19518,1985,202,12,19851015,288,10
19518,1985,202,15,19850522,142,10
19518,1985,202,18,19850607,158,10
19518,1985,202,21,19850801,213,10
19518,1985,202,22,19850819,231,10
19518,1985,202,23,19850816,228,10
19518,1985,202,24,19850819,231,10
19518,1985,203,10,19850917,260,10
19518,1985,203,12,19851006,279,10
19518,1985,203,15,19850516,136,10
19518,1985,203,18,19850528,148,10
19518,1985,203,21,19850723,204,10
19518,1985,203,22,19850812,224,10
19518,1985,203,23,19850810,222,10
19518,1985,203,24,19850813,225,10
19518,1985,203,6,19850616,167,10
19518,1985,204,10,19850911,254,10
19518,1985,204,12,19850926,269,10
19518,1985,204,15,19850514,134,10
19518,1985,204,18,19850523,143,10
19518,1985,204,21,19850629,180,10
19518,1985,204,22,19850714,195,10
19518,1985,204,23,19850712,193,10
19518,1985,204,24,19850716,197,10
19518,1985,205,10,19850815,227,10
19518,1985,205,12,19850830,242,10
19518,1985,205,24,19850725,206,10
19518,1985,205,5,19850512,132,10
19518,1985,206,10,19850321,80,10
19518,1985,206,12,19850411,101,10
19518,1985,206,15,19850525,145,10
19518,1985,206,18,19850621,172,10
19518,1985,206,21,19850814,226,10
19518,1985,206,22,19850822,234,10
19518,1985,206,23,19850822,234,10
19518,1985,206,24,19850826,238,10
19518,1985,207,10,19850401,91,10
19518,1985,207,12,19850419,109,10
19518,1985,207,15,19850526,146,10
19518,1985,207,18,19850614,165,10
19518,1985,207,21,19850718,199,10
19518,1985,207,22,19850807,219,10
19518,1985,207,23,19850805,217,10
19518,1985,207,24,19850808,220,10
19518,1985,208,10,19850402,92,10
19518,1985,208,12,19850419,109,10
19518,1985,208,15,19850522,142,10
19518,1985,208,21,19850802,214,10
19518,1985,208,22,19850819,231,10
19518,1985,208,23,19850816,228,10
19518,1985,208,24,19850820,232,10
19518,1985,208,66,19850611,162,10
19518,1985,215,10,19850428,118,10
19518,1985,215,12,19850519,139,10
19518,1985,215,24,19850924,267,10
19518,1985,215,6,19850707,188,10
19518,1985,215,65,19850625,176,10
19518,1985,243,11,19850515,135,10
19518,1985,243,24,19850816,228,10
19518,1985,243,5,19850613,164,10
19518,1985,244,24,19850914,257,10
19518,1985,252,10,19850410,100,10
19518,1985,252,12,19850501,121,10
19518,1985,252,13,19850619,170,10
19518,1985,252,24,19850919,262,10
19518,1985,253,10,19850408,98,10
19518,1985,253,12,19850427,117,10
19518,1985,253,13,19850614,165,10
19518,1985,253,24,19850923,266,10
19518,1985,310,5,19850507,127,10
19518,1985,310,6,19850518,138,10
19518,1985,310,7,19850602,153,10
19518,1985,311,29,19850721,202,10
19518,1985,313,29,19851001,274,10
19518,1985,320,5,19850429,119,10
19518,1985,320,6,19850514,134,10
19518,1985,320,7,19850521,141,10
19518,1985,322,29,19850913,256,10
19518,1985,330,5,19850424,114,10
19518,1985,330,6,19850429,119,10
19518,1985,330,7,19850512,132,10
19518,1985,331,29,19850710,191,10
19518,1985,332,29,19850717,198,10
19518,1985,340,29,19850719,200,10
19518,1985,340,5,19850503,123,10
19518,1985,340,6,19850508,128,10
19518,1985,340,7,19850526,146,10
19518,1985,350,29,19850707,188,10
19518,1985,350,4,19850405,95,10
19518,1985,350,5,19850419,109,10
19518,1985,371,29,19850810,222,10
19518,1985,372,29,19850913,256,10
19518,1986,102,5,19860415,105,10
19518,1986,103,5,19860517,137,10
19518,1986,103,62,19860805,217,10
19518,1986,104,4,19860507,127,10
19518,1986,104,5,19860502,122,10
19518,1986,105,5,19860419,109,10
19518,1986,105,61,19860406,96,10
19518,1986,107,5,19860517,137,10
19518,1986,107,8,19860508,128,10
19518,1986,108,5,19860514,134,10
19518,1986,109,5,19860422,112,10
19518,1986,112,31,19861001,274,10
19518,1986,112,4,19860427,117,10
19518,1986,113,5,19860320,79,10
19518,1986,115,5,19860916,259,10
19518,1986,116,5,19860414,104,10
19518,1986,117,5,19860605,156,10
19518,1986,117,62,19860921,264,10
19518,1986,118,5,19860511,131,10
19518,1986,118,8,19860517,137,10
19518,1986,119,5,19860409,99,10
19518,1986,120,5,19860504,124,10
19518,1986,121,4,19860513,133,10
19518,1986,121,5,19860607,158,10
19518,1986,122,31,19860925,268,10
19518,1986,122,4,19860424,114,10
19518,1986,122,5,19860511,131,10
19518,1986,122,62,19860924,267,10
19518,1986,123,31,19860926,269,10
19518,1986,123,4,19860508,128,10
19518,1986,123,5,19860519,139,10
19518,1986,123,62,19860920,263,10
19518,1986,124,5,19860404,94,10
19518,1986,125,5,19860508,128,10
19518,1986,127,5,19860315,74,10
19518,1986,128,4,19860415,105,10
19518,1986,128,5,19860402,92,10
19518,1986,129,5,19860601,152,10
19518,1986,129,62,19860914,257,10
19518,1986,130,4,19860430,120,10
19518,1986,130,5,19860617,168,10
19518,1986,131,5,19860426,116,10
19518,1986,132,31,19860924,267,10
19518,1986,132,4,19860508,128,10
19518,1986,132,5,19860516,136,10
19518,1986,132,62,19860921,264,10
19518,1986,132,9,19860710,191,10
19518,1986,133,5,19860520,140,10
19518,1986,133,8,19860525,145,10
19518,1986,134,5,19860514,134,10
19518,1986,135,6,19860601,152,10
19518,1986,136,6,19860613,164,10
19518,1986,137,4,19860507,127,10
19518,1986,137,5,19860706,187,10
19518,1986,138,5,19860527,147,10
19518,1986,201,25,19860530,150,10
19518,1986,201,27,19860725,206,10
19518,1986,202,10,19860924,267,10
19518,1986,202,12,19861018,291,10
19518,1986,202,15,19860513,133,10
19518,1986,202,18,19860610,161,10
19518,1986,202,21,19860724,205,10
19518,1986,202,22,19860812,224,10
19518,1986,202,24,19860812,224,10
19518,1986,203,10,19860917,260,10
19518,1986,203,12,19861005,278,10
19518,1986,203,15,19860510,130,10
19518,1986,203,18,19860528,148,10
19518,1986,203,21,19860717,198,10
19518,1986,203,22,19860801,213,10
19518,1986,203,24,19860802,214,10
19518,1986,203,6,19860615,166,10
19518,1986,204,10,19860916,259,10
19518,1986,204,12,19860930,273,10
19518,1986,204,15,19860509,129,10
19518,1986,204,18,19860523,143,10
19518,1986,204,21,19860701,182,10
19518,1986,204,22,19860711,192,10
19518,1986,204,24,19860713,194,10
19518,1986,205,10,19860827,239,10
19518,1986,205,12,19860915,258,10
19518,1986,205,24,19860731,212,10
19518,1986,205,5,19860513,133,10
19518,1986,206,10,19860417,107,10
19518,1986,206,12,19860504,124,10
19518,1986,206,15,19860606,157,10
19518,1986,206,18,19860621,172,10
19518,1986,206,21,19860807,219,10
19518,1986,206,22,19860822,234,10
19518,1986,206,24,19860825,237,10
19518,1986,207,10,19860421,111,10
19518,1986,207,12,19860509,129,10
19518,1986,207,15,19860603,154,10
19518,1986,207,18,19860616,167,10
19518,1986,207,21,19860709,190,10
19518,1986,207,22,19860803,215,10
19518,1986,207,24,19860804,216,10
19518,1986,208,10,19860416,106,10
19518,1986,208,12,19860501,121,10
19518,1986,208,15,19860531,151,10
19518,1986,208,21,19860726,207,10
19518,1986,208,22,19860812,224,10
19518,1986,208,24,19860814,226,10
19518,1986,208,66,19860615,166,10
19518,1986,215,10,19860425,115,10
19518,1986,215,12,19860515,135,10
19518,1986,215,24,19860930,273,10
19518,1986,215,6,19860702,183,10
19518,1986,215,65,19860620,171,10
19518,1986,243,11,19860515,135,10
19518,1986,243,24,19860808,220,10
19518,1986,243,5,19860603,154,10
19518,1986,244,24,19860913,256,10
19518,1986,252,10,19860424,114,10
19518,1986,252,12,19860511,131,10
19518,1986,252,13,19860621,172,10
19518,1986,252,24,19860919,262,10
19518,1986,253,10,19860422,112,10
19518,1986,253,12,19860509,129,10
19518,1986,253,13,19860618,169,10
19518,1986,253,24,19860922,265,10
19518,1986,310,5,19860509,129,10
19518,1986,310,6,19860517,137,10
19518,1986,310,7,19860528,148,10
19518,1986,311,29,19860723,204,10
19518,1986,313,29,19861004,277,10
19518,1986,320,5,19860505,125,10
19518,1986,320,6,19860512,132,10
19518,1986,320,7,19860523,143,10
19518,1986,321,29,19860810,222,10
19518,1986,322,29,19860911,254,10
19518,1986,330,5,19860501,121,10
19518,1986,330,6,19860508,128,10
19518,1986,330,7,19860513,133,10
19518,1986,331,29,19860703,184,10
19518,1986,332,29,19860708,189,10
19518,1986,340,29,19860714,195,10
19518,1986,340,5,19860504,124,10
19518,1986,340,6,19860511,131,10
19518,1986,340,7,19860525,145,10
19518,1986,350,29,19860708,189,10
19518,1986,350,4,19860409,99,10
19518,1986,350,5,19860425,115,10
19518,1986,371,29,19860816,228,10
19518,1986,372,29,19860923,266,10
19518,1987,102,5,19870409,99,10
19518,1987,103,5,19870517,137,10
19518,1987,103,62,19870802,214,10
19518,1987,104,4,19870522,142,10
19518,1987,104,5,19870518,138,10
19518,1987,105,5,19870421,111,10
19518,1987,105,61,19870406,96,10
19518,1987,107,5,19870517,137,10
19518,1987,107,8,19870516,136,10
19518,1987,108,5,19870519,139,10
19518,1987,109,5,19870419,109,10
19518,1987,112,31,19871005,278,10
19518,1987,112,4,19870420,110,10
19518,1987,113,5,19870329,88,10
19518,1987,114,5,19870804,216,10
19518,1987,115,5,19870926,269,10
19518,1987,116,5,19870410,100,10
19518,1987,117,5,19870607,158,10
19518,1987,117,62,19870925,268,10
19518,1987,118,5,19870510,130,10
19518,1987,118,8,19870518,138,10
19518,1987,119,5,19870409,99,10
19518,1987,120,5,19870429,119,10
19518,1987,121,4,19870524,144,10
19518,1987,121,5,19870615,166,10
19518,1987,122,31,19871009,282,10
19518,1987,122,4,19870419,109,10
19518,1987,122,5,19870517,137,10
19518,1987,122,62,19870924,267,10
19518,1987,123,31,19871011,284,10
19518,1987,123,4,19870425,115,10
19518,1987,123,5,19870513,133,10
19518,1987,123,62,19870925,268,10
19518,1987,124,5,19870408,98,10
19518,1987,125,5,19870506,126,10
19518,1987,127,5,19870325,84,10
19518,1987,128,4,19870418,108,10
19518,1987,128,5,19870404,94,10
19518,1987,129,5,19870615,166,10
19518,1987,129,62,19870921,264,10
19518,1987,130,4,19870423,113,10
19518,1987,130,5,19870701,182,10
19518,1987,131,5,19870423,113,10
19518,1987,132,31,19871009,282,10
19518,1987,132,4,19870505,125,10
19518,1987,132,5,19870514,134,10
19518,1987,132,62,19870927,270,10
19518,1987,132,9,19870724,205,10
19518,1987,133,5,19870519,139,10
19518,1987,133,8,19870524,144,10
19518,1987,134,5,19870513,133,10
19518,1987,135,6,19870606,157,10
19518,1987,136,6,19870621,172,10
19518,1987,137,4,19870502,122,10
19518,1987,137,5,19870718,199,10
19518,1987,138,5,19870530,150,10
19518,1987,201,25,19870602,153,10
19518,1987,201,27,19870707,188,10
19518,1987,202,10,19870928,271,10
19518,1987,202,12,19871016,289,10
19518,1987,202,15,19870510,130,10
19518,1987,202,18,19870609,160,10
19518,1987,202,21,19870802,214,10
19518,1987,202,22,19870822,234,10
19518,1987,202,24,19870826,238,10
19518,1987,203,10,19870922,265,10
19518,1987,203,12,19871011,284,10
19518,1987,203,15,19870504,124,10
19518,1987,203,18,19870521,141,10
19518,1987,203,21,19870729,210,10
19518,1987,203,22,19870824,236,10
19518,1987,203,24,19870827,239,10
19518,1987,203,6,19870616,167,10
19518,1987,204,10,19870911,254,10
19518,1987,204,12,19870928,271,10
19518,1987,204,15,19870430,120,10
19518,1987,204,18,19870515,135,10
19518,1987,204,21,19870709,190,10
19518,1987,204,22,19870730,211,10
19518,1987,204,24,19870805,217,10
19518,1987,205,10,19870813,225,10
19518,1987,205,12,19870905,248,10
19518,1987,205,24,19870727,208,10
19518,1987,205,5,19870512,132,10
19518,1987,206,10,19870408,98,10
19518,1987,206,12,19870428,118,10
19518,1987,206,15,19870610,161,10
19518,1987,206,18,19870629,180,10
19518,1987,206,21,19870821,233,10
19518,1987,206,22,19870906,249,10
19518,1987,206,24,19870908,251,10
19518,1987,207,10,19870407,97,10
19518,1987,207,12,19870425,115,10
19518,1987,207,15,19870530,150,10
19518,1987,207,18,19870617,168,10
19518,1987,207,21,19870816,228,10
19518,1987,207,22,19870829,241,10
19518,1987,207,24,19870831,243,10
19518,1987,208,10,19870406,96,10
19518,1987,208,12,19870424,114,10
19518,1987,208,15,19870606,157,10
19518,1987,208,21,19870731,212,10
19518,1987,208,22,19870828,240,10
19518,1987,208,24,19870831,243,10
19518,1987,208,66,19870623,174,10
19518,1987,215,10,19870428,118,10
19518,1987,215,12,19870516,136,10
19518,1987,215,24,19871014,287,10
19518,1987,215,6,19870808,220,10
19518,1987,215,65,19870728,209,10
19518,1987,243,11,19870514,134,10
19518,1987,243,24,19870822,234,10
19518,1987,243,5,19870619,170,10
19518,1987,244,24,19870919,262,10
19518,1987,252,10,19870411,101,10
19518,1987,252,12,19870429,119,10
19518,1987,252,13,19870610,161,10
19518,1987,252,24,19871013,286,10
19518,1987,253,10,19870409,99,10
19518,1987,253,12,19870426,116,10
19518,1987,253,13,19870608,159,10
19518,1987,253,24,19870925,268,10
19518,1987,310,5,19870510,130,10
19518,1987,310,6,19870518,138,10
19518,1987,310,7,19870528,148,10
19518,1987,311,29,19870731,212,10
19518,1987,313,29,19871009,282,10
19518,1987,320,5,19870505,125,10
19518,1987,320,6,19870513,133,10
19518,1987,320,7,19870523,143,10
19518,1987,321,29,19870818,230,10
19518,1987,322,29,19870916,259,10
19518,1987,330,5,19870427,117,10
19518,1987,330,6,19870430,120,10
19518,1987,330,7,19870509,129,10
19518,1987,331,29,19870715,196,10
19518,1987,332,29,19870721,202,10
19518,1987,340,29,19870722,203,10
19518,1987,340,5,19870504,124,10
19518,1987,340,6,19870509,129,10
19518,1987,340,7,19870519,139,10
19518,1987,350,29,19870708,189,10
19518,1987,350,4,19870410,100,10
19518,1987,350,5,19870426,116,10
19518,1987,371,29,19870822,234,10
19518,1987,372,29,19870920,263,10
19518,1988,102,5,19880410,100,10
19518,1988,103,5,19880511,131,10
19518,1988,103,62,19880819,231,10
19518,1988,104,4,19880515,135,10
19518,1988,104,5,19880510,130,10
19518,1988,105,5,19880410,100,10
19518,1988,105,61,19880401,91,10
19518,1988,107,5,19880512,132,10
19518,1988,107,8,19880507,127,10
19518,1988,108,5,19880512,132,10
19518,1988,109,5,19880328,87,10
19518,1988,112,31,19881006,279,10
19518,1988,112,4,19880419,109,10
19518,1988,115,5,19880830,242,10
19518,1988,116,5,19880409,99,10
19518,1988,117,5,19880602,153,10
19518,1988,117,62,19880908,251,10
19518,1988,118,5,19880506,126,10
19518,1988,118,8,19880513,133,10
19518,1988,119,5,19880407,97,10
19518,1988,120,5,19880418,108,10
19518,1988,121,4,19880513,133,10
19518,1988,121,5,19880601,152,10
19518,1988,122,31,19881002,275,10
19518,1988,122,4,19880416,106,10
19518,1988,122,5,19880509,129,10
19518,1988,122,62,19880924,267,10
19518,1988,123,31,19881001,274,10
19518,1988,123,4,19880419,109,10
19518,1988,123,5,19880505,125,10
19518,1988,123,62,19880921,264,10
19518,1988,124,5,19880407,97,10
19518,1988,125,5,19880430,120,10
19518,1988,127,5,19880315,74,10
19518,1988,128,4,19880411,101,10
19518,1988,128,5,19880327,86,10
19518,1988,129,5,19880527,147,10
19518,1988,129,62,19880902,245,10
19518,1988,130,4,19880422,112,10
19518,1988,130,5,19880702,183,10
19518,1988,131,5,19880417,107,10
19518,1988,132,31,19881004,277,10
19518,1988,132,4,19880505,125,10
19518,1988,132,5,19880514,134,10
19518,1988,132,62,19880925,268,10
19518,1988,132,9,19880710,191,10
19518,1988,133,5,19880515,135,10
19518,1988,133,8,19880520,140,10
19518,1988,134,5,19880506,126,10
19518,1988,135,6,19880530,150,10
19518,1988,136,6,19880611,162,10
19518,1988,137,4,19880501,121,10
19518,1988,137,5,19880719,200,10
19518,1988,138,5,19880520,140,10
19518,1988,201,25,19880527,147,10
19518,1988,201,27,19880725,206,10
19518,1988,202,10,19880923,266,10
19518,1988,202,12,19881015,288,10
19518,1988,202,15,19880515,135,10
19518,1988,202,18,19880607,158,10
19518,1988,202,21,19880714,195,10
19518,1988,202,22,19880730,211,10
19518,1988,202,24,19880805,217,10
19518,1988,203,10,19880928,271,10
19518,1988,203,12,19881015,288,10
19518,1988,203,15,19880505,125,10
19518,1988,203,18,19880520,140,10
19518,1988,203,21,19880707,188,10
19518,1988,203,22,19880803,215,10
19518,1988,203,24,19880802,214,10
19518,1988,203,6,19880605,156,10
19518,1988,204,10,19880912,255,10
19518,1988,204,12,19880927,270,10
19518,1988,204,15,19880430,120,10
19518,1988,204,18,19880518,138,10
19518,1988,204,21,19880630,181,10
19518,1988,204,22,19880707,188,10
19518,1988,204,24,19880708,189,10
19518,1988,205,10,19880815,227,10
19518,1988,205,12,19880831,243,10
19518,1988,205,24,19880711,192,10
19518,1988,205,5,19880502,122,10
19518,1988,206,10,19880331,90,10
19518,1988,206,12,19880420,110,10
19518,1988,206,15,19880605,156,10
19518,1988,206,18,19880628,179,10
19518,1988,206,21,19880728,209,10
19518,1988,206,22,19880810,222,10
19518,1988,206,24,19880812,224,10
19518,1988,207,10,19880406,96,10
19518,1988,207,12,19880421,111,10
19518,1988,207,15,19880525,145,10
19518,1988,207,18,19880617,168,10
19518,1988,207,21,19880730,211,10
19518,1988,207,22,19880804,216,10
19518,1988,207,24,19880805,217,10
19518,1988,208,10,19880404,94,10
19518,1988,208,12,19880418,108,10
19518,1988,208,15,19880526,146,10
19518,1988,208,21,19880728,209,10
19518,1988,208,22,19880810,222,10
19518,1988,208,24,19880810,222,10
19518,1988,208,66,19880619,170,10
19518,1988,215,10,19880422,112,10
19518,1988,215,12,19880513,133,10
19518,1988,215,24,19881006,279,10
19518,1988,215,6,19880706,187,10
19518,1988,215,65,19880623,174,10
19518,1988,243,11,19880516,136,10
19518,1988,243,24,19880807,219,10
19518,1988,243,5,19880615,166,10
19518,1988,244,24,19880912,255,10
19518,1988,252,10,19880412,102,10
19518,1988,252,12,19880425,115,10
19518,1988,252,13,19880614,165,10
19518,1988,252,24,19881003,276,10
19518,1988,253,10,19880408,98,10
19518,1988,253,12,19880422,112,10
19518,1988,253,13,19880613,164,10
19518,1988,253,24,19880929,272,10
19518,1988,310,5,19880503,123,10
19518,1988,310,6,19880508,128,10
19518,1988,310,7,19880524,144,10
19518,1988,311,29,19880721,202,10
19518,1988,313,29,19880924,267,10
19518,1988,320,5,19880423,113,10
19518,1988,320,6,19880507,127,10
19518,1988,320,7,19880514,134,10
19518,1988,322,29,19880910,253,10
19518,1988,330,5,19880426,116,10
19518,1988,330,6,19880501,121,10
19518,1988,330,7,19880508,128,10
19518,1988,331,29,19880625,176,10
19518,1988,332,29,19880702,183,10
19518,1988,340,29,19880715,196,10
19518,1988,340,5,19880429,119,10
19518,1988,340,6,19880504,124,10
19518,1988,340,7,19880512,132,10
19518,1988,350,29,19880709,190,10
19518,1988,350,4,19880415,105,10
19518,1988,350,5,19880501,121,10
19518,1988,371,29,19880727,208,10
19518,1988,372,29,19880903,246,10
19518,1989,102,5,19890315,74,10
19518,1989,103,5,19890504,124,10
19518,1989,103,62,19890809,221,10
19518,1989,104,4,19890511,131,10
19518,1989,104,5,19890504,124,10
19518,1989,105,5,19890321,80,10
19518,1989,105,61,19890311,70,10
19518,1989,107,5,19890508,128,10
19518,1989,107,8,19890505,125,10
19518,1989,108,5,19890506,126,10
19518,1989,109,5,19890309,68,10
19518,1989,112,31,19891002,275,10
19518,1989,112,4,19890331,90,10
19518,1989,113,5,19890203,34,10
19518,1989,115,5,19890827,239,10
19518,1989,116,5,19890319,78,10
19518,1989,117,5,19890526,146,10
19518,1989,117,62,19890906,249,10
19518,1989,118,5,19890430,120,10
19518,1989,118,8,19890506,126,10
19518,1989,119,5,19890313,72,10
19518,1989,120,5,19890321,80,10
19518,1989,121,4,19890506,126,10
19518,1989,121,5,19890527,147,10
19518,1989,122,31,19890920,263,10
19518,1989,122,4,19890327,86,10
19518,1989,122,5,19890426,116,10
19518,1989,122,62,19890909,252,10
19518,1989,123,31,19891006,279,10
19518,1989,123,4,19890329,88,10
19518,1989,123,5,19890429,119,10
19518,1989,123,62,19890913,256,10
19518,1989,124,5,19890320,79,10
19518,1989,125,5,19890418,108,10
19518,1989,127,5,19890225,56,10
19518,1989,128,4,19890321,80,10
19518,1989,128,5,19890306,65,10
19518,1989,129,5,19890525,145,10
19518,1989,129,62,19890828,240,10
19518,1989,130,4,19890412,102,10
19518,1989,130,5,19890615,166,10
19518,1989,131,5,19890329,88,10
19518,1989,132,31,19891003,276,10
19518,1989,132,4,19890427,117,10
19518,1989,132,5,19890507,127,10
19518,1989,132,62,19890919,262,10
19518,1989,132,9,19890705,186,10
19518,1989,133,5,19890510,130,10
19518,1989,133,8,19890515,135,10
19518,1989,134,5,19890428,118,10
19518,1989,135,6,19890521,141,10
19518,1989,136,6,19890603,154,10
19518,1989,137,4,19890424,114,10
19518,1989,137,5,19890629,180,10
19518,1989,138,5,19890514,134,10
19518,1989,201,25,19890519,139,10
19518,1989,201,27,19890815,227,10
19518,1989,202,10,19890922,265,10
19518,1989,202,12,19891008,281,10
19518,1989,202,15,19890505,125,10
19518,1989,202,18,19890528,148,10
19518,1989,202,21,19890715,196,10
19518,1989,202,22,19890722,203,10
19518,1989,202,24,19890731,212,10
19518,1989,203,10,19890926,269,10
19518,1989,203,12,19891011,284,10
19518,1989,203,15,19890427,117,10
19518,1989,203,18,19890511,131,10
19518,1989,203,21,19890711,192,10
19518,1989,203,22,19890723,204,10
19518,1989,203,24,19890727,208,10
19518,1989,203,6,19890531,151,10
19518,1989,204,10,19890912,255,10
19518,1989,204,12,19890929,272,10
19518,1989,204,15,19890423,113,10
19518,1989,204,18,19890509,129,10
19518,1989,204,21,19890701,182,10
19518,1989,204,22,19890708,189,10
19518,1989,204,24,19890710,191,10
19518,1989,205,10,19890812,224,10
19518,1989,205,12,19890830,242,10
19518,1989,205,24,19890713,194,10
19518,1989,205,5,19890419,109,10
19518,1989,206,10,19890309,68,10
19518,1989,206,12,19890331,90,10
19518,1989,206,15,19890524,144,10
19518,1989,206,18,19890612,163,10
19518,1989,206,21,19890728,209,10
19518,1989,206,22,19890811,223,10
19518,1989,206,24,19890814,226,10
19518,1989,207,10,19890321,80,10
19518,1989,207,12,19890409,99,10
19518,1989,207,15,19890519,139,10
19518,1989,207,18,19890610,161,10
19518,1989,207,21,19890728,209,10
19518,1989,207,22,19890803,215,10
19518,1989,207,24,19890807,219,10
19518,1989,208,10,19890320,79,10
19518,1989,208,12,19890405,95,10
19518,1989,208,15,19890522,142,10
19518,1989,208,21,19890729,210,10
19518,1989,208,22,19890811,223,10
19518,1989,208,24,19890814,226,10
19518,1989,208,66,19890611,162,10
19518,1989,215,10,19890424,114,10
19518,1989,215,12,19890515,135,10
19518,1989,215,24,19890923,266,10
19518,1989,215,6,19890629,180,10
19518,1989,215,65,19890619,170,10
19518,1989,243,11,19890511,131,10
19518,1989,243,24,19890808,220,10
19518,1989,243,5,19890612,163,10
19518,1989,244,24,19890914,257,10
19518,1989,252,10,19890328,87,10
19518,1989,252,12,19890418,108,10
19518,1989,252,13,19890611,162,10
19518,1989,252,24,19891003,276,10
19518,1989,253,10,19890325,84,10
19518,1989,253,12,19890413,103,10
19518,1989,253,13,19890606,157,10
19518,1989,253,24,19890927,270,10
19518,1989,310,5,19890429,119,10
19518,1989,310,6,19890505,125,10
19518,1989,310,7,19890518,138,10
19518,1989,311,29,19890728,209,10
19518,1989,313,29,19891002,275,10
19518,1989,320,5,19890420,110,10
19518,1989,320,6,19890503,123,10
19518,1989,320,7,19890510,130,10
19518,1989,321,29,19890806,218,10
19518,1989,322,29,19890915,258,10
19518,1989,330,5,19890419,109,10
19518,1989,330,6,19890424,114,10
19518,1989,330,7,19890502,122,10
19518,1989,331,29,19890629,180,10
19518,1989,332,29,19890705,186,10
19518,1989,340,29,19890719,200,10
19518,1989,340,5,19890426,116,10
19518,1989,340,6,19890430,120,10
19518,1989,340,7,19890507,127,10
19518,1989,350,29,19890713,194,10
19518,1989,350,4,19890415,105,10
19518,1989,350,5,19890430,120,10
19518,1989,371,29,19890802,214,10
19518,1989,372,29,19890909,252,10
19518,1990,102,5,19900317,76,10
19518,1990,103,5,19900422,112,10
19518,1990,103,62,19900815,227,10
19518,1990,104,4,19900428,118,10
19518,1990,104,5,19900409,99,10
19518,1990,105,5,19900315,74,10
19518,1990,105,61,19900310,69,10
19518,1990,107,5,19900424,114,10
19518,1990,107,8,19900428,118,10
19518,1990,108,5,19900430,120,10
19518,1990,109,5,19900201,32,10
19518,1990,112,31,19900906,249,10
19518,1990,112,4,19900325,84,10
19518,1990,113,5,19900128,28,10
19518,1990,115,5,19900830,242,10
19518,1990,116,5,19900304,63,10
19518,1990,117,5,19900512,132,10
19518,1990,117,62,19900904,247,10
19518,1990,118,5,19900417,107,10
19518,1990,118,8,19900423,113,10
19518,1990,119,5,19900223,54,10
19518,1990,120,5,19900321,80,10
19518,1990,121,4,19900504,124,10
19518,1990,121,5,19900522,142,10
19518,1990,122,31,19900924,267,10
19518,1990,122,4,19900322,81,10
19518,1990,122,5,19900418,108,10
19518,1990,122,62,19900904,247,10
19518,1990,123,31,19901002,275,10
19518,1990,123,4,19900323,82,10
19518,1990,123,5,19900415,105,10
19518,1990,123,62,19900901,244,10
19518,1990,124,5,19900225,56,10
19518,1990,125,5,19900410,100,10
19518,1990,127,5,19900213,44,10
19518,1990,128,4,19900307,66,10
19518,1990,128,5,19900124,24,10
19518,1990,129,5,19900508,128,10
19518,1990,129,62,19900822,234,10
19518,1990,130,4,19900323,82,10
19518,1990,130,5,19900605,156,10
19518,1990,131,5,19900313,72,10
19518,1990,132,31,19900924,267,10
19518,1990,132,4,19900421,111,10
19518,1990,132,5,19900502,122,10
19518,1990,132,62,19900908,251,10
19518,1990,132,9,19900704,185,10
19518,1990,133,5,19900426,116,10
19518,1990,133,8,19900501,121,10
19518,1990,134,5,19900415,105,10
19518,1990,135,6,19900515,135,10
19518,1990,136,6,19900603,154,10
19518,1990,137,4,19900406,96,10
19518,1990,137,5,19900625,176,10
19518,1990,138,5,19900429,119,10
19518,1990,201,25,19900510,130,10
19518,1990,201,27,19900723,204,10
19518,1990,202,10,19900925,268,10
19518,1990,202,12,19901011,284,10
19518,1990,202,15,19900502,122,10
19518,1990,202,18,19900526,146,10
19518,1990,202,21,19900707,188,10
19518,1990,202,22,19900728,209,10
19518,1990,202,24,19900726,207,10
19518,1990,203,10,19900914,257,10
19518,1990,203,12,19901004,277,10
19518,1990,203,15,19900419,109,10
19518,1990,203,18,19900511,131,10
19518,1990,203,21,19900705,186,10
19518,1990,203,22,19900723,204,10
19518,1990,203,24,19900720,201,10
19518,1990,203,6,19900529,149,10
19518,1990,204,10,19900905,248,10
19518,1990,204,12,19900926,269,10
19518,1990,204,15,19900412,102,10
19518,1990,204,18,19900509,129,10
19518,1990,204,21,19900628,179,10
19518,1990,204,22,19900709,190,10
19518,1990,204,24,19900711,192,10
19518,1990,205,10,19900817,229,10
19518,1990,205,12,19900901,244,10
19518,1990,205,24,19900713,194,10
19518,1990,205,5,19900403,93,10
19518,1990,206,10,19900308,67,10
19518,1990,206,12,19900327,86,10
19518,1990,206,15,19900522,142,10
19518,1990,206,18,19900614,165,10
19518,1990,206,21,19900725,206,10
19518,1990,206,22,19900808,220,10
19518,1990,206,24,19900810,222,10
19518,1990,207,10,19900315,74,10
19518,1990,207,12,19900404,94,10
19518,1990,207,15,19900517,137,10
19518,1990,207,18,19900609,160,10
19518,1990,207,21,19900721,202,10
19518,1990,207,22,19900802,214,10
19518,1990,207,24,19900731,212,10
19518,1990,208,10,19900312,71,10
19518,1990,208,12,19900331,90,10
19518,1990,208,15,19900522,142,10
19518,1990,208,21,19900724,205,10
19518,1990,208,22,19900807,219,10
19518,1990,208,24,19900808,220,10
19518,1990,208,66,19900612,163,10
19518,1990,215,10,19900418,108,10
19518,1990,215,12,19900515,135,10
19518,1990,215,24,19900914,257,10
19518,1990,215,6,19900630,181,10
19518,1990,215,65,19900620,171,10
19518,1990,243,11,19900512,132,10
19518,1990,243,24,19900803,215,10
19518,1990,243,5,19900603,154,10
19518,1990,244,24,19900906,249,10
19518,1990,252,10,19900326,85,10
19518,1990,252,12,19900411,101,10
19518,1990,252,13,19900607,158,10
19518,1990,252,24,19901002,275,10
19518,1990,253,10,19900321,80,10
19518,1990,253,12,19900407,97,10
19518,1990,253,13,19900531,151,10
19518,1990,253,24,19900926,269,10
19518,1990,310,5,19900401,91,10
19518,1990,310,6,19900408,98,10
19518,1990,310,7,19900420,110,10
19518,1990,311,29,19900726,207,10
19518,1990,313,29,19900924,267,10
19518,1990,320,5,19900321,80,10
19518,1990,320,6,19900404,94,10
19518,1990,320,7,19900414,104,10
19518,1990,322,29,19900911,254,10
19518,1990,330,5,19900322,81,10
19518,1990,330,6,19900407,97,10
19518,1990,330,7,19900417,107,10
19518,1990,331,29,19900701,182,10
19518,1990,332,29,19900708,189,10
19518,1990,340,29,19900721,202,10
19518,1990,340,5,19900406,96,10
19518,1990,340,6,19900418,108,10
19518,1990,340,7,19900428,118,10
19518,1990,350,29,19900705,186,10
19518,1990,350,4,19900307,66,10
19518,1990,350,5,19900331,90,10
19518,1990,371,29,19900726,207,10
19518,1990,372,29,19900901,244,10
19518,1991,102,5,19910318,77,10
19518,1991,103,3,19910321,80,10
19518,1991,103,4,19910326,85,10
19518,1991,103,5,19910514,134,10
19518,1991,103,62,19910901,244,10
19518,1991,104,4,19910503,123,10
19518,1991,104,5,19910409,99,10
19518,1991,105,61,19910329,88,10
19518,1991,105,63,19911024,297,10
19518,1991,105,64,19911129,333,10
19518,1991,107,8,19910508,128,10
19518,1991,108,5,19910520,140,10
19518,1991,109,5,19910312,71,10
19518,1991,112,3,19910328,87,10
19518,1991,112,31,19910915,258,10
19518,1991,112,4,19910403,93,10
19518,1991,112,5,19910407,97,10
19518,1991,113,5,19910301,60,10
19518,1991,116,5,19910409,99,10
19518,1991,119,5,19910313,72,10
19518,1991,120,5,19910411,101,10
19518,1991,121,5,19910701,182,10
19518,1991,122,3,19910422,112,10
19518,1991,122,31,19911002,275,10
19518,1991,122,4,19910426,116,10
19518,1991,122,5,19910517,137,10
19518,1991,122,62,19910930,273,10
19518,1991,123,31,19911006,279,10
19518,1991,123,4,19910419,109,10
19518,1991,124,5,19910316,75,10
19518,1991,125,5,19910414,104,10
19518,1991,127,5,19910303,62,10
19518,1991,128,4,19910419,109,10
19518,1991,128,5,19910318,77,10
19518,1991,129,5,19910604,155,10
19518,1991,129,62,19910908,251,10
19518,1991,130,5,19910629,180,10
19518,1991,131,5,19910417,107,10
19518,1991,132,31,19911004,277,10
19518,1991,132,4,19910507,127,10
19518,1991,132,62,19910925,268,10
19518,1991,135,5,19910522,142,10
19518,1991,135,6,19910527,147,10
19518,1991,136,6,19910603,154,10
19518,1991,201,1,19910314,73,10
19518,1991,201,25,19910530,150,10
19518,1991,201,27,19910722,203,10
19518,1991,202,10,19911008,281,10
19518,1991,202,12,19911025,298,10
19518,1991,202,15,19910525,145,10
19518,1991,202,18,19910608,159,10
19518,1991,202,19,19910708,189,10
19518,1991,202,21,19910802,214,10
19518,1991,202,24,19910808,220,10
19518,1991,203,10,19910920,263,10
19518,1991,203,12,19911008,281,10
19518,1991,203,15,19910518,138,10
19518,1991,203,18,19910528,148,10
19518,1991,203,21,19910720,201,10
19518,1991,203,24,19910729,210,10
19518,1991,203,5,19910610,161,10
19518,1991,203,6,19910617,168,10
19518,1991,204,10,19910916,259,10
19518,1991,204,12,19911002,275,10
19518,1991,204,15,19910516,136,10
19518,1991,204,18,19910522,142,10
19518,1991,204,21,19910710,191,10
19518,1991,204,24,19910719,200,10
19518,1991,205,10,19910815,227,10
19518,1991,205,12,19910914,257,10
19518,1991,205,17,19910424,114,10
19518,1991,205,22,19910706,187,10
19518,1991,205,24,19910730,211,10
19518,1991,205,5,19910501,121,10
19518,1991,208,10,19910325,84,10
19518,1991,208,12,19910415,105,10
19518,1991,208,15,19910524,144,10
19518,1991,208,21,19910803,215,10
19518,1991,208,24,19910807,219,10
19518,1991,208,66,19910623,174,10
19518,1991,215,10,19910424,114,10
19518,1991,215,12,19910513,133,10
19518,1991,215,20,19910913,256,10
19518,1991,215,24,19910918,261,10
19518,1991,215,5,19910703,184,10
19518,1991,215,65,19910720,201,10
19518,1991,253,10,19910328,87,10
19518,1991,253,12,19910415,105,10
19518,1991,253,13,19910614,165,10
19518,1991,253,24,19910924,267,10
19518,1991,311,29,19910803,215,10
19518,1991,311,3,19910401,91,10
19518,1991,311,32,19911012,285,10
19518,1991,311,5,19910419,109,10
19518,1991,311,6,19910426,116,10
19518,1991,311,7,19910506,126,10
19518,1991,313,29,19911019,292,10
19518,1991,313,3,19910418,108,10
19518,1991,313,32,19911103,307,10
19518,1991,313,5,19910509,129,10
19518,1991,313,6,19910518,138,10
19518,1991,313,7,19910529,149,10
19518,1991,320,29,19910906,249,10
19518,1991,320,5,19910410,100,10
19518,1991,320,6,19910417,107,10
19518,1991,320,7,19910424,114,10
19518,1991,330,29,19910706,187,10
19518,1991,330,5,19910408,98,10
19518,1991,330,6,19910501,121,10
19518,1991,330,7,19910507,127,10
19518,1991,340,29,19910717,198,10
19518,1991,340,5,19910418,108,10
19518,1991,340,6,19910506,126,10
19518,1991,340,7,19910512,132,10
19518,1991,350,29,19910622,173,10
19518,1991,350,3,19910305,64,10
19518,1991,350,4,19910311,70,10
19518,1991,350,5,19910401,91,10
19518,1991,360,29,19910721,202,10
19518,1991,360,5,19910412,102,10
19518,1992,102,5,19920327,86,10
19518,1992,103,3,19920407,97,10
19518,1992,103,4,19920412,102,10
19518,1992,103,5,19920514,134,10
19518,1992,103,62,19920807,219,10
19518,1992,104,4,19920517,137,10
19518,1992,104,5,19920510,130,10
19518,1992,105,61,19920321,80,10
19518,1992,107,8,19920504,124,10
19518,1992,108,5,19920511,131,10
19518,1992,109,5,19920304,63,10
19518,1992,112,31,19920922,265,10
19518,1992,112,32,19921027,300,10
19518,1992,112,4,19920412,102,10
19518,1992,112,5,19920426,116,10
19518,1992,113,5,19920225,56,10
19518,1992,116,5,19920303,62,10
19518,1992,117,5,19920526,146,10
19518,1992,117,62,19920908,251,10
19518,1992,118,5,19920505,125,10
19518,1992,118,8,19920427,117,10
19518,1992,119,5,19920315,74,10
19518,1992,120,5,19920416,106,10
19518,1992,121,5,19920525,145,10
19518,1992,122,3,19920410,100,10
19518,1992,122,31,19920925,268,10
19518,1992,122,32,19921026,299,10
19518,1992,122,4,19920414,104,10
19518,1992,122,5,19920510,130,10
19518,1992,122,62,19920921,264,10
19518,1992,123,31,19921006,279,10
19518,1992,123,32,19921102,306,10
19518,1992,123,4,19920501,121,10
19518,1992,124,5,19920305,64,10
19518,1992,125,5,19920422,112,10
19518,1992,127,5,19920228,59,10
19518,1992,128,4,19920322,81,10
19518,1992,128,5,19920227,58,10
19518,1992,129,5,19920528,148,10
19518,1992,129,62,19920908,251,10
19518,1992,130,5,19920615,166,10
19518,1992,131,5,19920410,100,10
19518,1992,132,31,19920925,268,10
19518,1992,132,4,19920511,131,10
19518,1992,132,62,19920916,259,10
19518,1992,135,5,19920508,128,10
19518,1992,135,6,19920522,142,10
19518,1992,136,6,19920605,156,10
19518,1992,138,5,19920526,146,10
19518,1992,138,62,19920911,254,10
19518,1992,201,1,19920302,61,10
19518,1992,201,26,19920513,133,10
19518,1992,201,28,19920721,202,10
19518,1992,202,10,19920924,267,10
19518,1992,202,12,19921010,283,10
19518,1992,202,15,19920520,140,10
19518,1992,202,18,19920603,154,10
19518,1992,202,19,19920621,172,10
19518,1992,202,21,19920720,201,10
19518,1992,202,24,19920803,215,10
19518,1992,203,10,19920918,261,10
19518,1992,203,12,19921003,276,10
19518,1992,203,15,19920504,124,10
19518,1992,203,18,19920519,139,10
19518,1992,203,21,19920714,195,10
19518,1992,203,24,19920723,204,10
19518,1992,203,5,19920530,150,10
19518,1992,203,6,19920605,156,10
19518,1992,204,10,19920914,257,10
19518,1992,204,12,19921002,275,10
19518,1992,204,15,19920503,123,10
19518,1992,204,18,19920517,137,10
19518,1992,204,21,19920625,176,10
19518,1992,204,24,19920707,188,10
19518,1992,205,10,19920817,229,10
19518,1992,205,12,19920903,246,10
19518,1992,205,22,19920704,185,10
19518,1992,205,24,19920722,203,10
19518,1992,205,5,19920507,127,10
19518,1992,208,10,19920326,85,10
19518,1992,208,12,19920411,101,10
19518,1992,208,15,19920520,140,10
19518,1992,208,21,19920729,210,10
19518,1992,208,24,19920811,223,10
19518,1992,208,66,19920612,163,10
19518,1992,215,10,19920507,127,10
19518,1992,215,24,19920915,258,10
19518,1992,215,65,19920712,193,10
19518,1992,253,10,19920408,98,10
19518,1992,253,12,19920426,116,10
19518,1992,253,13,19920609,160,10
19518,1992,253,24,19920924,267,10
19518,1992,311,29,19920804,216,10
19518,1992,311,3,19920409,99,10
19518,1992,311,32,19921002,275,10
19518,1992,311,5,19920426,116,10
19518,1992,311,6,19920501,121,10
19518,1992,311,7,19920511,131,10
19518,1992,313,29,19920926,269,10
19518,1992,313,3,19920418,108,10
19518,1992,313,32,19921025,298,10
19518,1992,313,5,19920504,124,10
19518,1992,313,6,19920510,130,10
19518,1992,313,7,19920524,144,10
19518,1992,320,5,19920426,116,10
19518,1992,320,6,19920509,129,10
19518,1992,320,7,19920518,138,10
19518,1992,330,29,19920629,180,10
19518,1992,330,5,19920420,110,10
19518,1992,330,6,19920502,122,10
19518,1992,330,7,19920510,130,10
19518,1992,340,29,19920718,199,10
19518,1992,340,5,19920429,119,10
19518,1992,340,6,19920508,128,10
19518,1992,340,7,19920517,137,10
19518,1992,350,29,19920707,188,10
19518,1992,350,3,19920314,73,10
19518,1992,350,4,19920319,78,10
19518,1992,350,5,19920430,120,10
19518,1992,360,29,19920713,194,10
19518,1992,360,5,19920426,116,10
19518,2006,103,3,20060331,90,10
19518,2006,103,4,20060421,111,10
19518,2006,103,5,20060509,129,10
19518,2006,103,62,20060815,227,10
19518,2006,104,4,20060508,128,10
19518,2006,104,5,20060503,123,10
19518,2006,107,8,20060508,128,10
19518,2006,108,5,20060508,128,10
19518,2006,109,5,20060417,107,10
19518,2006,112,3,20060414,104,10
19518,2006,112,31,20061022,295,10
19518,2006,112,4,20060420,110,10
19518,2006,112,5,20060420,110,10
19518,2006,113,5,20060327,86,10
19518,2006,117,5,20060608,159,10
19518,2006,117,62,20060912,255,10
19518,2006,118,5,20060519,139,10
19518,2006,118,8,20060517,137,10
19518,2006,120,5,20060423,113,10
19518,2006,122,3,20060408,98,10
19518,2006,122,4,20060425,115,10
19518,2006,122,5,20060508,128,10
19518,2006,122,62,20060915,258,10
19518,2006,125,5,20060425,115,10
19518,2006,127,5,20060304,63,10
19518,2006,128,4,20060427,117,10
19518,2006,129,5,20060524,144,10
19518,2006,129,62,20060906,249,10
19518,2006,130,5,20060622,173,10
19518,2006,132,4,20060512,132,10
19518,2006,135,5,20060508,128,10
19518,2006,135,6,20060513,133,10
19518,2006,136,6,20060607,158,10
19518,2006,202,10,20060922,265,10
19518,2006,202,12,20061003,276,10
19518,2006,202,15,20060503,123,10
19518,2006,202,18,20060530,150,10
19518,2006,202,19,20060705,186,10
19518,2006,202,21,20060717,198,10
19518,2006,202,24,20060801,213,10
19518,2006,204,10,20060920,263,10
19518,2006,204,12,20060929,272,10
19518,2006,204,15,20060501,121,10
19518,2006,204,18,20060513,133,10
19518,2006,204,21,20060705,186,10
19518,2006,204,24,20060711,192,10
19518,2006,205,10,20060819,231,10
19518,2006,205,12,20060824,236,10
19518,2006,205,17,20060415,105,10
19518,2006,205,24,20060720,201,10
19518,2006,205,5,20060501,121,10
19518,2006,253,10,20060426,116,10
19518,2006,253,12,20060513,133,10
19518,2006,253,13,20060619,170,10
19518,2006,253,24,20061106,310,10
19518,2006,311,3,20060417,107,10
19518,2006,311,5,20060501,121,10
19518,2006,311,6,20060503,123,10
19518,2006,311,7,20060513,133,10
19518,2006,330,29,20060703,184,10
19518,2006,330,5,20060426,116,10
19518,2006,330,6,20060428,118,10
19518,2006,330,7,20060508,128,10
19518,2006,350,29,20060628,179,10
19518,2006,350,3,20060328,87,10
19518,2006,350,4,20060414,104,10
19518,2006,350,5,20060422,112,10
19518,2006,360,29,20060627,178,10
19518,2006,360,5,20060424,114,10
19518,2007,103,3,20070329,88,10
19518,2007,103,32,20071106,310,10
19518,2007,103,4,20070416,106,10
19518,2007,103,5,20070427,117,10
19518,2007,103,62,20070804,216,10
19518,2007,104,4,20070429,119,10
19518,2007,107,8,20070420,110,10
19518,2007,108,5,20070420,110,10
19518,2007,109,5,20070311,70,10
19518,2007,112,3,20070325,84,10
19518,2007,112,31,20071004,277,10
19518,2007,112,32,20071106,310,10
19518,2007,112,4,20070403,93,10
19518,2007,112,5,20070415,105,10
19518,2007,113,5,20070109,9,10
19518,2007,117,5,20070521,141,10
19518,2007,118,8,20070427,117,10
19518,2007,120,5,20070331,90,10
19518,2007,122,3,20070325,84,10
19518,2007,122,31,20071002,275,10
19518,2007,122,32,20071106,310,10
19518,2007,122,4,20070412,102,10
19518,2007,122,5,20070423,113,10
19518,2007,122,62,20070911,254,10
19518,2007,124,5,20070311,70,10
19518,2007,125,5,20070315,74,10
19518,2007,127,5,20070204,35,10
19518,2007,128,4,20070416,106,10
19518,2007,128,5,20070222,53,10
19518,2007,129,5,20070517,137,10
19518,2007,129,62,20070811,223,10
19518,2007,131,5,20070330,89,10
19518,2007,132,31,20071004,277,10
19518,2007,132,32,20071121,325,10
19518,2007,132,4,20070423,113,10
19518,2007,132,62,20070926,269,10
19518,2007,135,5,20070420,110,10
19518,2007,135,6,20070427,117,10
19518,2007,136,6,20070523,143,10
19518,2007,202,10,20071017,290,10
19518,2007,202,12,20071105,309,10
19518,2007,202,15,20070411,101,10
19518,2007,202,18,20070516,136,10
19518,2007,202,19,20070606,157,10
19518,2007,202,21,20070704,185,10
19518,2007,202,24,20070719,200,10
19518,2007,204,10,20070915,258,10
19518,2007,204,12,20070924,267,10
19518,2007,204,15,20070311,70,10
19518,2007,204,18,20070501,121,10
19518,2007,204,21,20070619,170,10
19518,2007,204,24,20070701,182,10
19518,2007,205,17,20070310,69,10
19518,2007,205,24,20070718,199,10
19518,2007,205,5,20070402,92,10
19518,2007,253,10,20070404,94,10
19518,2007,253,12,20070501,121,10
19518,2007,253,13,20070608,159,10
19518,2007,253,24,20071011,284,10
19518,2007,311,29,20070718,199,10
19518,2007,311,3,20070328,87,10
19518,2007,311,32,20071010,283,10
19518,2007,311,5,20070415,105,10
19518,2007,311,6,20070420,110,10
19518,2007,311,7,20070509,129,10
19518,2007,320,5,20070413,103,10
19518,2007,320,6,20070416,106,10
19518,2007,320,7,20070427,117,10
19518,2007,330,29,20070616,167,10
19518,2007,330,31,20071018,291,10
19518,2007,330,5,20070412,102,10
19518,2007,330,6,20070416,106,10
19518,2007,330,7,20070427,117,10
19518,2007,350,3,20070314,73,10
19518,2007,350,4,20070327,86,10
19518,2007,350,5,20070411,101,10
19518,2007,360,5,20070411,101,10
19518,2008,103,4,20080416,106,10
19518,2008,103,5,20080506,126,10
19518,2008,103,62,20080722,203,10
19518,2008,107,8,20080426,116,10
19518,2008,108,5,20080506,126,10
19518,2008,109,5,20080303,62,10
19518,2008,112,3,20080330,89,10
19518,2008,112,31,20081008,281,10
19518,2008,112,32,20081106,310,10
19518,2008,112,4,20080411,101,10
19518,2008,112,5,20080418,108,10
19518,2008,113,5,20080129,29,10
19518,2008,117,5,20080605,156,10
19518,2008,117,62,20080909,252,10
19518,2008,118,8,20080511,131,10
19518,2008,119,5,20080224,55,10
19518,2008,120,5,20080413,103,10
19518,2008,122,3,20080330,89,10
19518,2008,122,31,20081008,281,10
19518,2008,122,32,20081106,310,10
19518,2008,122,4,20080423,113,10
19518,2008,122,5,20080507,127,10
19518,2008,122,62,20080906,249,10
19518,2008,124,5,20080224,55,10
19518,2008,125,5,20080313,72,10
19518,2008,127,5,20080126,26,10
19518,2008,128,4,20080416,106,10
19518,2008,128,5,20080208,39,10
19518,2008,129,5,20080519,139,10
19518,2008,129,62,20080824,236,10
19518,2008,130,5,20080615,166,10
19518,2008,131,5,20080404,94,10
19518,2008,132,4,20080507,127,10
19518,2008,132,62,20081008,281,10
19518,2008,135,5,20080502,122,10
19518,2008,135,6,20080508,128,10
19518,2008,136,6,20080606,157,10
19518,2008,202,10,20081018,291,10
19518,2008,202,12,20081110,314,10
19518,2008,202,15,20080411,101,10
19518,2008,202,18,20080529,149,10
19518,2008,202,21,20080712,193,10
19518,2008,202,24,20080731,212,10
19518,2008,204,10,20080918,261,10
19518,2008,204,12,20080930,273,10
19518,2008,204,15,20080411,101,10
19518,2008,204,18,20080511,131,10
19518,2008,204,21,20080621,172,10
19518,2008,204,24,20080703,184,10
19518,2008,205,17,20080329,88,10
19518,2008,205,22,20080709,190,10
19518,2008,205,24,20080725,206,10
19518,2008,205,5,20080420,110,10
19518,2008,253,10,20080424,114,10
19518,2008,253,12,20080515,135,10
19518,2008,253,13,20080615,166,10
19518,2008,253,24,20081017,290,10
19518,2008,311,29,20080731,212,10
19518,2008,311,3,20080330,89,10
19518,2008,311,5,20080427,117,10
19518,2008,311,7,20080511,131,10
19518,2008,313,29,20081006,279,10
19518,2008,320,5,20080416,106,10
19518,2008,320,6,20080417,107,10
19518,2008,332,29,20080623,174,10
19518,2008,332,31,20081013,286,10
19518,2008,332,5,20080420,110,10
19518,2008,332,6,20080427,117,10
19518,2008,350,3,20080308,67,10
19518,2008,350,4,20080311,70,10
19518,2008,350,5,20080423,113,10
19518,2008,360,29,20080624,175,10
19518,2008,360,5,20080416,106,10
19518,2009,103,3,20090402,92,10
19518,2009,103,4,20090409,99,10
19518,2009,103,5,20090501,121,10
19518,2009,103,62,20090724,205,10
19518,2009,107,8,20090503,123,10
19518,2009,108,5,20090426,116,10
19518,2009,112,3,20090402,92,10
19518,2009,112,31,20091017,290,10
19518,2009,112,32,20091106,310,10
19518,2009,112,4,20090406,96,10
19518,2009,112,5,20090408,98,10
19518,2009,113,5,20090303,62,10
19518,2009,118,5,20090507,127,10
19518,2009,118,8,20090514,134,10
19518,2009,119,5,20090327,86,10
19518,2009,119,62,20090907,250,10
19518,2009,120,5,20090410,100,10
19518,2009,122,3,20090331,90,10
19518,2009,122,31,20091017,290,10
19518,2009,122,32,20091104,308,10
19518,2009,122,4,20090408,98,10
19518,2009,122,5,20090426,116,10
19518,2009,122,62,20090910,253,10
19518,2009,124,5,20090401,91,10
19518,2009,127,5,20090225,56,10
19518,2009,128,4,20090409,99,10
19518,2009,128,5,20090313,72,10
19518,2009,129,5,20090602,153,10
19518,2009,129,62,20090819,231,10
19518,2009,130,5,20090612,163,10
19518,2009,131,5,20090407,97,10
19518,2009,132,32,20091107,311,10
19518,2009,132,4,20090425,115,10
19518,2009,135,5,20090423,113,10
19518,2009,135,6,20090503,123,10
19518,2009,136,6,20090602,153,10
19518,2009,202,10,20091001,274,10
19518,2009,202,12,20091017,290,10
19518,2009,202,15,20090421,111,10
19518,2009,202,18,20090528,148,10
19518,2009,202,21,20090722,203,10
19518,2009,202,24,20090804,216,10
19518,2009,204,15,20090409,99,10
19518,2009,204,18,20090507,127,10
19518,2009,204,21,20090621,172,10
19518,2009,204,24,20090705,186,10
19518,2009,205,17,20090406,96,10
19518,2009,205,5,20090416,106,10
19518,2009,205,67,20090402,92,10
19518,2009,253,10,20090406,96,10
19518,2009,253,12,20090425,115,10
19518,2009,253,13,20090608,159,10
19518,2009,253,24,20090919,262,10
19518,2009,311,29,20090731,212,10
19518,2009,311,32,20091031,304,10
19518,2009,311,5,20090420,110,10
19518,2009,311,6,20090426,116,10
19518,2009,311,7,20090504,124,10
19518,2009,313,32,20091104,308,10
19518,2009,320,29,20090910,253,10
19518,2009,320,5,20090414,104,10
19518,2009,320,6,20090418,108,10
19518,2009,320,7,20090426,116,10
19518,2009,330,31,20091031,304,10
19518,2009,330,5,20090412,102,10
19518,2009,330,6,20090415,105,10
19518,2009,330,7,20090423,113,10
19518,2009,350,29,20090703,184,10
19518,2009,350,3,20090327,86,10
19518,2009,350,4,20090406,96,10
19518,2009,350,5,20090414,104,10
19518,2009,360,29,20090615,166,10
19518,2009,360,5,20090414,104,10
19518,2010,103,3,20100325,84,10
19518,2010,103,32,20101024,297,10
19518,2010,103,4,20100416,106,10
19518,2010,103,5,20100511,131,10
19518,2010,103,62,20100814,226,10
19518,2010,107,8,20100511,131,10
19518,2010,108,5,20100508,128,10
19518,2010,109,5,20100406,96,10
19518,2010,112,3,20100402,92,10
19518,2010,112,31,20101020,293,10
19518,2010,112,32,20101107,311,10
19518,2010,112,4,20100408,98,10
19518,2010,112,5,20100417,107,10
19518,2010,113,5,20100318,77,10
19518,2010,117,62,20100915,258,10
19518,2010,118,5,20100527,147,10
19518,2010,118,8,20100527,147,10
19518,2010,119,5,20100328,87,10
19518,2010,120,5,20100415,105,10
19518,2010,122,3,20100328,87,10
19518,2010,122,31,20101008,281,10
19518,2010,122,32,20101104,308,10
19518,2010,122,4,20100419,109,10
19518,2010,122,5,20100508,128,10
19518,2010,122,62,20100925,268,10
19518,2010,124,5,20100328,87,10
19518,2010,127,5,20100303,62,10
19518,2010,128,4,20100423,113,10
19518,2010,128,5,20100319,78,10
19518,2010,129,5,20100609,160,10
19518,2010,129,62,20100825,237,10
19518,2010,130,5,20100623,174,10
19518,2010,132,31,20101030,303,10
19518,2010,132,32,20101107,311,10
19518,2010,132,4,20100508,128,10
19518,2010,135,5,20100508,128,10
19518,2010,135,6,20100527,147,10
19518,2010,136,6,20100609,160,10
19518,2010,202,10,20100914,257,10
19518,2010,202,12,20101009,282,10
19518,2010,202,15,20100430,120,10
19518,2010,202,18,20100609,160,10
19518,2010,202,21,20100721,202,10
19518,2010,202,24,20100809,221,10
19518,2010,204,10,20100921,264,10
19518,2010,204,12,20101003,276,10
19518,2010,204,21,20100630,181,10
19518,2010,204,24,20100717,198,10
19518,2010,250,10,20100416,106,10
19518,2010,250,12,20100518,138,10
19518,2010,250,13,20100619,170,10
19518,2010,250,24,20101030,303,10
19518,2010,311,29,20100805,217,10
19518,2010,311,3,20100330,89,10
19518,2010,311,32,20101102,306,10
19518,2010,311,5,20100428,118,10
19518,2010,311,6,20100430,120,10
19518,2010,313,29,20101008,281,10
19518,2010,313,3,20100402,92,10
19518,2010,313,32,20101107,311,10
19518,2010,313,5,20100430,120,10
19518,2010,313,6,20100508,128,10
19518,2010,313,7,20100525,145,10
19518,2010,320,5,20100424,114,10
19518,2010,320,7,20100508,128,10
19518,2010,330,29,20100704,185,10
19518,2010,330,31,20101029,302,10
19518,2010,330,5,20100417,107,10
19518,2010,330,6,20100424,114,10
19518,2010,350,29,20100718,199,10
19518,2010,350,3,20100325,84,10
19518,2010,350,4,20100407,97,10
19518,2010,350,5,20100416,106,10
19518,2010,360,29,20100623,174,10
19518,2010,360,5,20100411,101,10
19518,2011,103,3,20110323,82,10
19518,2011,103,32,20111112,316,10
19518,2011,103,4,20110409,99,10
19518,2011,103,5,20110424,114,10
19518,2011,103,62,20110721,202,10
19518,2011,107,8,20110430,120,10
19518,2011,108,5,20110423,113,10
19518,2011,109,5,20110315,74,10
19518,2011,112,3,20110329,88,10
19518,2011,112,31,20111010,283,10
19518,2011,112,32,20111112,316,10
19518,2011,112,4,20110404,94,10
19518,2011,112,5,20110409,99,10
19518,2011,113,5,20110209,40,10
19518,2011,117,5,20110528,148,10
19518,2011,118,5,20110515,135,10
19518,2011,118,8,20110519,139,10
19518,2011,119,5,20110315,74,10
19518,2011,119,62,20110813,225,10
19518,2011,120,5,20110407,97,10
19518,2011,122,3,20110329,88,10
19518,2011,122,31,20111011,284,10
19518,2011,122,32,20111024,297,10
19518,2011,122,4,20110409,99,10
19518,2011,122,5,20110426,116,10
19518,2011,122,62,20110907,250,10
19518,2011,124,5,20110321,80,10
19518,2011,125,5,20110407,97,10
19518,2011,127,5,20110216,47,10
19518,2011,128,4,20110410,100,10
19518,2011,128,5,20110309,68,10
19518,2011,129,5,20110525,145,10
19518,2011,129,62,20110812,224,10
19518,2011,130,5,20110610,161,10
19518,2011,132,31,20111031,304,10
19518,2011,132,32,20111116,320,10
19518,2011,132,4,20110423,113,10
19518,2011,132,62,20110901,244,10
19518,2011,135,5,20110423,113,10
19518,2011,135,6,20110427,117,10
19518,2011,136,6,20110531,151,10
19518,2011,202,10,20110928,271,10
19518,2011,202,12,20111006,279,10
19518,2011,202,15,20110419,109,10
19518,2011,202,18,20110522,142,10
19518,2011,202,21,20110711,192,10
19518,2011,202,24,20110801,213,10
19518,2011,204,15,20110410,100,10
19518,2011,204,18,20110509,129,10
19518,2011,204,21,20110619,170,10
19518,2011,204,24,20110709,190,10
19518,2011,205,10,20110829,241,10
19518,2011,205,12,20110909,252,10
19518,2011,205,14,20110914,257,10
19518,2011,253,12,20110423,113,10
19518,2011,253,13,20110604,155,10
19518,2011,253,24,20111011,284,10
19518,2011,311,29,20110721,202,10
19518,2011,311,3,20110329,88,10
19518,2011,311,32,20111020,293,10
19518,2011,311,5,20110419,109,10
19518,2011,311,6,20110423,113,10
19518,2011,311,7,20110430,120,10
19518,2011,313,29,20111006,279,10
19518,2011,313,3,20110405,95,10
19518,2011,313,32,20111110,314,10
19518,2011,313,5,20110424,114,10
19518,2011,313,6,20110430,120,10
19518,2011,313,7,20110515,135,10
19518,2011,320,29,20110909,252,10
19518,2011,320,5,20110410,100,10
19518,2011,320,6,20110415,105,10
19518,2011,320,7,20110430,120,10
19518,2011,330,31,20111031,304,10
19518,2011,330,5,20110412,102,10
19518,2011,330,6,20110415,105,10
19518,2011,330,7,20110427,117,10
19518,2011,350,29,20110702,183,10
19518,2011,350,3,20110323,82,10
19518,2011,350,4,20110403,93,10
19518,2011,350,5,20110412,102,10
19518,2011,360,29,20110610,161,10
19518,2011,360,5,20110409,99,10
19518,2012,103,3,20120327,86,10
19518,2012,103,32,20121028,301,10
19518,2012,103,4,20120413,103,10
19518,2012,103,5,20120503,123,10
19518,2012,103,62,20120809,221,10
19518,2012,107,8,20120507,127,10
19518,2012,108,5,20120503,123,10
19518,2012,109,5,20120321,80,10
19518,2012,112,3,20120326,85,10
19518,2012,112,31,20121015,288,10
19518,2012,112,32,20121119,323,10
19518,2012,112,4,20120404,94,10
19518,2012,112,5,20120409,99,10
19518,2012,113,5,20120306,65,10
19518,2012,118,5,20120517,137,10
19518,2012,119,5,20120313,72,10
19518,2012,120,5,20120408,98,10
19518,2012,122,3,20120323,82,10
19518,2012,122,31,20121015,288,10
19518,2012,122,32,20121028,301,10
19518,2012,122,4,20120410,100,10
19518,2012,122,5,20120503,123,10
19518,2012,122,62,20120908,251,10
19518,2012,124,5,20120320,79,10
19518,2012,125,5,20120405,95,10
19518,2012,127,5,20120226,57,10
19518,2012,128,4,20120420,110,10
19518,2012,128,5,20120306,65,10
19518,2012,129,5,20120522,142,10
19518,2012,129,62,20120806,218,10
19518,2012,130,5,20120614,165,10
19518,2012,132,31,20121022,295,10
19518,2012,132,32,20121119,323,10
19518,2012,132,4,20120503,123,10
19518,2012,132,62,20120911,254,10
19518,2012,135,5,20120503,123,10
19518,2012,135,6,20120514,134,10
19518,2012,136,6,20120526,146,10
19518,2012,202,10,20120925,268,10
19518,2012,202,12,20121003,276,10
19518,2012,202,15,20120417,107,10
19518,2012,202,18,20120526,146,10
19518,2012,202,21,20120719,200,10
19518,2012,202,24,20120814,226,10
19518,2012,204,10,20120922,265,10
19518,2012,204,12,20121003,276,10
19518,2012,205,17,20120326,85,10
19518,2012,205,22,20120706,187,10
19518,2012,205,24,20120727,208,10
19518,2012,205,5,20120414,104,10
19518,2012,205,67,20120323,82,10
19518,2012,253,10,20120327,86,10
19518,2012,253,12,20120504,124,10
19518,2012,253,13,20120529,149,10
19518,2012,253,24,20121009,282,10
19518,2012,311,29,20120731,212,10
19518,2012,311,3,20120324,83,10
19518,2012,311,5,20120425,115,10
19518,2012,311,6,20120429,119,10
19518,2012,311,7,20120511,131,10
19518,2012,313,29,20120925,268,10
19518,2012,313,3,20120328,87,10
19518,2012,313,32,20121121,325,10
19518,2012,313,5,20120503,123,10
19518,2012,313,6,20120508,128,10
19518,2012,313,7,20120519,139,10
19518,2012,320,29,20120908,251,10
19518,2012,320,5,20120413,103,10
19518,2012,320,6,20120420,110,10
19518,2012,320,7,20120503,123,10
19518,2012,330,31,20121110,314,10
19518,2012,330,5,20120421,111,10
19518,2012,330,6,20120428,118,10
19518,2012,330,7,20120503,123,10
19518,2012,350,29,20120709,190,10
19518,2012,350,3,20120317,76,10
19518,2012,350,4,20120328,87,10
19518,2012,350,5,20120413,103,10
19518,2012,360,29,20120619,170,10
19518,2012,360,5,20120404,94,10
19518,2013,103,3,20130419,109,10
19518,2013,103,4,20130425,115,10
19518,2013,103,5,20130517,137,10
19518,2013,103,62,20130818,230,10
19518,2013,104,4,20130504,124,10
19518,2013,104,5,20130425,115,10
19518,2013,107,8,20130509,129,10
19518,2013,108,5,20130513,133,10
19518,2013,109,5,20130416,106,10
19518,2013,112,3,20130417,107,10
19518,2013,112,31,20131020,293,10
19518,2013,112,32,20131104,308,10
19518,2013,112,4,20130419,109,10
19518,2013,112,5,20130425,115,10
19518,2013,113,5,20130305,64,10
19518,2013,117,5,20130624,175,10
19518,2013,118,5,20130528,148,10
19518,2013,118,8,20130528,148,10
19518,2013,119,5,20130409,99,10
19518,2013,119,62,20130819,231,10
19518,2013,120,5,20130423,113,10
19518,2013,122,3,20130414,104,10
19518,2013,122,31,20131020,293,10
19518,2013,122,32,20131031,304,10
19518,2013,122,4,20130425,115,10
19518,2013,122,5,20130509,129,10
19518,2013,122,62,20130909,252,10
19518,2013,124,5,20130415,105,10
19518,2013,125,5,20130425,115,10
19518,2013,127,5,20130305,64,10
19518,2013,128,4,20130425,115,10
19518,2013,128,5,20130407,97,10
19518,2013,129,5,20130603,154,10
19518,2013,129,62,20130819,231,10
19518,2013,132,31,20131028,301,10
19518,2013,132,32,20131104,308,10
19518,2013,132,4,20130509,129,10
19518,2013,132,62,20130909,252,10
19518,2013,135,5,20130509,129,10
19518,2013,135,6,20130513,133,10
19518,2013,202,10,20130930,273,10
19518,2013,202,12,20131014,287,10
19518,2013,202,15,20130426,116,10
19518,2013,202,18,20130607,158,10
19518,2013,202,21,20130728,209,10
19518,2013,202,24,20130805,217,10
19518,2013,204,10,20130922,265,10
19518,2013,204,12,20131003,276,10
19518,2013,204,15,20130421,111,10
19518,2013,204,18,20130522,142,10
19518,2013,204,21,20130630,181,10
19518,2013,204,24,20130722,203,10
19518,2013,205,17,20130419,109,10
19518,2013,205,22,20130718,199,10
19518,2013,205,24,20130802,214,10
19518,2013,205,5,20130505,125,10
19518,2013,205,67,20130417,107,10
19518,2013,253,10,20130419,109,10
19518,2013,253,12,20130513,133,10
19518,2013,253,13,20130624,175,10
19518,2013,253,24,20131026,299,10
19518,2013,311,3,20130416,106,10
19518,2013,311,5,20130505,125,10
19518,2013,311,6,20130509,129,10
19518,2013,311,7,20130524,144,10
19518,2013,313,3,20130423,113,10
19518,2013,313,32,20131119,323,10
19518,2013,313,5,20130509,129,10
19518,2013,313,6,20130519,139,10
19518,2013,313,7,20130531,151,10
19518,2013,320,29,20130909,252,10
19518,2013,320,6,20130504,124,10
19518,2013,320,7,20130513,133,10
19518,2013,330,31,20131028,301,10
19518,2013,330,5,20130502,122,10
19518,2013,330,7,20130515,135,10
19518,2013,350,29,20130726,207,10
19518,2013,350,3,20130411,101,10
19518,2013,350,4,20130416,106,10
19518,2013,350,5,20130428,118,10
19518,2013,360,29,20130705,186,10
19518,2013,360,5,20130425,115,10
19518,2014,103,3,20140312,71,10
19518,2014,103,32,20141006,279,10
19518,2014,103,4,20140406,96,10
19518,2014,103,5,20140430,120,10
19518,2014,103,62,20140720,201,10
19518,2014,104,4,20140429,119,10
19518,2014,107,8,20140425,115,10
19518,2014,108,5,20140421,111,10
19518,2014,109,5,20140307,66,10
19518,2014,112,3,20140325,84,10
19518,2014,112,31,20141018,291,10
19518,2014,112,32,20141109,313,10
19518,2014,112,4,20140402,92,10
19518,2014,112,5,20140402,92,10
19518,2014,113,5,20140220,51,10
19518,2014,117,5,20140522,142,10
19518,2014,117,62,20140916,259,10
19518,2014,118,5,20140505,125,10
19518,2014,118,8,20140503,123,10
19518,2014,119,5,20140304,63,10
19518,2014,119,62,20140809,221,10
19518,2014,120,5,20140324,83,10
19518,2014,122,3,20140325,84,10
19518,2014,122,31,20141018,291,10
19518,2014,122,32,20141109,313,10
19518,2014,122,4,20140406,96,10
19518,2014,122,5,20140425,115,10
19518,2014,122,62,20140907,250,10
19518,2014,124,5,20140309,68,10
19518,2014,125,5,20140326,85,10
19518,2014,127,5,20140215,46,10
19518,2014,128,4,20140406,96,10
19518,2014,128,5,20140220,51,10
19518,2014,129,5,20140505,125,10
19518,2014,129,62,20140803,215,10
19518,2014,130,5,20140618,169,10
19518,2014,132,31,20141029,302,10
19518,2014,132,32,20141114,318,10
19518,2014,132,4,20140421,111,10
19518,2014,132,62,20140909,252,10
19518,2014,135,5,20140416,106,10
19518,2014,135,6,20140424,114,10
19518,2014,136,6,20140526,146,10
19518,2014,202,10,20141028,301,10
19518,2014,202,12,20141117,321,10
19518,2014,202,15,20140404,94,10
19518,2014,202,18,20140519,139,10
19518,2014,202,19,20140701,182,10
19518,2014,202,21,20140712,193,10
19518,2014,202,24,20140802,214,10
19518,2014,204,10,20140920,263,10
19518,2014,204,12,20140926,269,10
19518,2014,204,15,20140402,92,10
19518,2014,204,18,20140429,119,10
19518,2014,204,21,20140613,164,10
19518,2014,204,24,20140715,196,10
19518,2014,253,10,20140321,80,10
19518,2014,253,12,20140421,111,10
19518,2014,253,13,20140603,154,10
19518,2014,253,24,20141027,300,10
19518,2014,313,29,20140913,256,10
19518,2014,313,3,20140329,88,10
19518,2014,313,32,20141122,326,10
19518,2014,313,5,20140421,111,10
19518,2014,313,6,20140429,119,10
19518,2014,313,7,20140519,139,10
19518,2014,321,29,20140916,259,10
19518,2014,321,5,20140402,92,10
19518,2014,321,6,20140406,96,10
19518,2014,321,7,20140416,106,10
19518,2014,331,29,20140701,182,10
19518,2014,331,31,20141101,305,10
19518,2014,331,5,20140407,97,10
19518,2014,331,6,20140416,106,10
19518,2014,331,7,20140505,125,10
19518,2014,350,29,20140701,182,10
19518,2014,350,3,20140314,73,10
19518,2014,350,4,20140324,83,10
19518,2014,350,5,20140408,98,10
19518,2014,360,29,20140615,166,10
19518,2014,360,5,20140330,89,10
19518,2015,103,3,20150408,98,10
19518,2015,103,32,20151105,309,10
19518,2015,103,4,20150420,110,10
19518,2015,103,5,20150510,130,10
19518,2015,103,62,20150807,219,10
19518,2015,104,4,20150506,126,10
19518,2015,104,5,20150417,107,10
19518,2015,107,8,20150510,130,10
19518,2015,108,5,20150506,126,10
19518,2015,109,5,20150401,91,10
19518,2015,112,3,20150413,103,10
19518,2015,112,31,20151021,294,10
19518,2015,112,32,20151106,310,10
19518,2015,112,4,20150415,105,10
19518,2015,112,5,20150420,110,10
19518,2015,113,5,20150225,56,10
19518,2015,117,5,20150608,159,10
19518,2015,117,62,20150923,266,10
19518,2015,118,5,20150602,153,10
19518,2015,118,8,20150602,153,10
19518,2015,119,5,20150316,75,10
19518,2015,120,5,20150417,107,10
19518,2015,122,3,20150408,98,10
19518,2015,122,31,20151021,294,10
19518,2015,122,32,20151105,309,10
19518,2015,122,4,20150420,110,10
19518,2015,122,5,20150505,125,10
19518,2015,122,62,20150907,250,10
19518,2015,124,5,20150403,93,10
19518,2015,127,5,20150222,53,10
19518,2015,128,4,20150420,110,10
19518,2015,128,5,20150308,67,10
19518,2015,129,5,20150601,152,10
19518,2015,129,62,20150904,247,10
19518,2015,130,5,20150608,159,10
19518,2015,132,31,20151105,309,10
19518,2015,132,32,20151109,313,10
19518,2015,132,4,20150503,123,10
19518,2015,132,62,20150918,261,10
19518,2015,135,5,20150506,126,10
19518,2015,135,6,20150508,128,10
19518,2015,202,10,20151024,297,10
19518,2015,202,12,20151110,314,10
19518,2015,202,15,20150422,112,10
19518,2015,202,18,20150527,147,10
19518,2015,202,19,20150622,173,10
19518,2015,202,21,20150627,178,10
19518,2015,202,24,20150803,215,10
19518,2015,204,10,20150921,264,10
19518,2015,204,12,20151008,281,10
19518,2015,204,15,20150417,107,10
19518,2015,204,18,20150507,127,10
19518,2015,204,24,20150710,191,10
19518,2015,205,10,20150827,239,10
19518,2015,205,14,20150914,257,10
19518,2015,215,12,20150527,147,10
19518,2015,215,19,20150907,250,10
19518,2015,215,20,20150913,256,10
19518,2015,215,21,20150918,261,10
19518,2015,215,24,20151007,280,10
19518,2015,215,5,20150728,209,10
19518,2015,215,65,20150722,203,10
19518,2015,215,67,20150627,178,10
19518,2015,253,10,20150326,85,10
19518,2015,253,12,20150507,127,10
19518,2015,253,13,20150605,156,10
19518,2015,253,24,20151023,296,10
19518,2015,311,29,20150901,244,10
19518,2015,311,3,20150408,98,10
19518,2015,311,32,20151106,310,10
19518,2015,311,6,20150508,128,10
19518,2015,311,7,20150512,132,10
19518,2015,313,29,20151009,282,10
19518,2015,313,3,20150417,107,10
19518,2015,313,32,20151113,317,10
19518,2015,313,5,20150505,125,10
19518,2015,313,6,20150510,130,10
19518,2015,313,7,20150602,153,10
19518,2015,321,29,20150907,250,10
19518,2015,321,5,20150419,109,10
19518,2015,321,6,20150424,114,10
19518,2015,321,7,20150507,127,10
19518,2015,331,29,20150707,188,10
19518,2015,331,31,20151031,304,10
19518,2015,331,5,20150424,114,10
19518,2015,331,6,20150506,126,10
19518,2015,331,7,20150512,132,10
19518,2015,350,3,20150331,90,10
19518,2015,350,4,20150408,98,10
19518,2015,350,5,20150417,107,10
19518,2015,360,29,20150626,177,10
19518,2015,360,5,20150417,107,10
